3.457734917209106529e-01,1.120457773168212767e-01,4.526162137241370731e-01,6.498990647530447640e-02,2.457461076282657989e-02
1.078037637272022675e-01,3.045034388126982225e-02,5.168268885637886667e-01,3.413296749642740768e-01,3.589328863465113782e-03
3.458983109485555540e-01,3.516977163257788142e-02,4.298107917747857609e-01,1.878777737593526620e-01,1.243351884728206022e-03
8.543791049746104482e-01,5.212960455553496131e-02,8.290102441718144588e-02,9.652138806882332861e-03,9.381272457908695081e-04
8.434013282970924674e-01,7.652299237514997854e-02,7.491201916812170736e-02,4.360186938111354493e-03,8.034732215244620463e-04
8.791360253260659396e-01,5.876883883806782033e-02,5.796961727864449743e-02,3.318494061032285954e-03,8.070244961894903644e-04
9.445504527852122134e-01,2.634402466966056025e-02,2.715904355266838405e-02,1.581372029391369055e-03,3.651069630675710825e-04
9.151460832598394823e-01,4.288834514823557792e-02,3.916070404900903745e-02,2.090672245430721769e-03,7.141952974853232015e-04
8.178608200884585067e-01,8.534262517387461444e-02,9.320653622782605618e-02,2.848205036896317953e-03,7.418134729445621149e-04
5.499254247765031911e-01,1.595264798859584165e-01,2.804048903335105147e-01,8.962599938957314591e-03,1.180605065070650410e-03
1.676690096174949240e-01,4.795899329977094117e-01,3.478217762188465234e-01,2.253715894276431871e-03,2.665565271672706415e-03
6.518438593722621077e-02,4.582783034663245880e-01,4.725750858600655802e-01,1.391851530310269378e-03,2.570373206073333239e-03
3.089315928728448429e-02,4.481111026827871990e-01,5.185864398188189117e-01,7.827531556824321880e-04,1.626545055427007025e-03
3.422756748110104136e-02,4.270937284641382337e-01,5.355232301205560264e-01,1.066128342799232314e-03,2.089345591405532450e-03
4.401618985335961631e-02,4.276358110262629131e-01,5.226217345219315025e-01,1.598940139958590590e-03,4.127324458487251560e-03
1.041241601507100628e-01,3.739407067231625970e-01,5.160156583575599143e-01,2.325561441827094736e-03,3.593913326740322527e-03
9.978153872070216757e-02,5.182702080409550272e-01,3.756137446565880333e-01,1.236182835456244933e-03,5.098325746298506406e-03
2.115608831385208388e-01,3.306519333942881667e-01,4.375545651453500717e-01,3.218244872761328364e-03,1.701437344907956450e-02
3.119639681725864810e-01,2.577390654319455798e-01,4.184936862694102477e-01,4.409244238129706589e-03,7.394035887928081946e-03
4.660828766921955024e-01,1.907336005401889245e-01,3.325914113555413776e-01,4.798881034869761225e-03,5.793230377204410843e-03
2.244997344458384836e-01,1.915887924486709692e-01,5.684498789254285311e-01,9.100935758744063339e-03,6.360658421317923195e-03
7.898749386569202391e-02,6.144990840554707956e-02,8.069794517536613698e-01,5.021033068449595738e-02,2.372815290603595782e-03
6.359446698121774821e-02,6.874286327185573364e-02,8.244084048815722987e-01,3.993421001271450776e-02,3.320054852639698229e-03
4.248962061582227390e-02,4.754384094858654652e-02,8.592075644307926030e-01,4.828862555431518572e-02,2.470348450483545247e-03
2.094780710322395878e-01,7.444143872670840045e-02,6.728434058951761054e-01,3.724647073923535029e-02,5.990613606640434602e-03
3.854217671890424746e-01,1.161568042425641101e-01,4.724871649077184710e-01,2.226542893052379374e-02,3.668834730151266429e-03
3.888988454714953358e-01,8.528076434287379382e-02,4.899539805220098354e-01,3.408429898558346105e-02,1.782110678037686488e-03
2.750139189531135009e-01,1.188911451897830124e-01,5.277067954895872104e-01,2.250220935772771075e-02,5.588593100978857253e-02
4.169738774825401673e-01,1.037203644715834899e-01,4.379615173128580397e-01,1.293757075157510490e-02,2.840666998144316530e-02
6.074880549512186034e-01,8.500012178542638852e-02,1.605833585138262132e-01,4.794831512476214509e-03,1.421336332370527478e-01
8.756917272445201572e-01,2.185598124542259893e-02,2.092535939286771854e-02,9.392161720049886902e-04,8.058771594518454595e-02
9.596829865556739669e-01,1.033768784150590481e-02,8.923928220502396966e-03,4.579006701287739950e-04,2.059749671218901942e-02
9.472060918272449115e-01,1.776035922205159226e-02,6.458113724954848457e-03,2.639914922550296939e-04,2.831144373349358742e-02
9.455020193585041977e-01,2.930905574700311614e-02,1.160638606867515910e-02,2.987560910767682624e-04,1.328378273474076741e-02
7.586392090131905963e-01,1.544272510809061305e-01,5.795132167674443835e-02,6.767175976031541019e-04,2.830550063155573906e-02
6.729324924366661964e-01,9.454088862747980770e-02,6.327418171213883280e-02,1.056397907482754242e-03,1.681960393162324763e-01
4.733232319949141065e-01,8.447055642205689163e-02,1.237142527542036408e-01,2.428236903142635180e-03,3.160637219256827724e-01
3.309315118461821914e-01,9.014589529624857100e-02,1.598225362399512128e-01,2.442294377058142757e-03,4.166577622405600034e-01
2.010017857115378170e-01,6.984711215137884288e-02,1.072145235657847723e-01,1.243446245230869296e-03,6.206931323260677091e-01
3.175853824288075167e-01,6.018273519726986126e-02,3.105740440090668519e-01,7.966072260250253029e-03,3.036917661046054095e-01
2.415879108803498654e-01,3.207136287755953108e-02,5.853687639003337662e-01,4.850352155233231960e-02,9.246844078942459411e-02
1.841709527224082155e-01,3.253120473392293738e-02,6.575218518126505485e-01,3.358466563377975056e-02,9.219132509723859670e-02
1.534652456873538684e-01,1.870866541425408175e-02,6.384814725835782356e-01,9.142060627523307392e-02,9.792401003958081662e-02
7.964712288616210278e-02,1.726958077691686036e-02,7.484191682151176694e-01,1.268399014565462224e-01,2.782422666525718319e-02
2.534321737851073439e-02,3.616913645042008768e-02,8.912408571665692003e-01,2.926555466036054320e-02,1.798123434413938584e-02
1.534547618928274251e-02,4.532747114948137285e-02,8.912743199681767425e-01,1.488508838866678223e-02,3.316764430439224365e-02
4.642500528877260141e-02,4.455765820969854324e-02,7.189321818699576649e-01,2.163436369518350819e-02,1.684507909363876788e-01
9.559534498428397253e-02,2.896768037908573068e-02,4.742668382996583221e-01,2.253618803261564496e-02,3.786339483043564269e-01
8.838128363274233568e-02,2.622482720461981331e-02,7.504538768834485563e-01,4.334243226151361650e-02,9.159758001767567825e-02
9.333875236062438852e-02,3.530534032629903396e-02,7.393278396301364852e-01,2.834186894497760581e-02,1.036861987379625177e-01
5.612137686112038670e-01,2.785289349997116873e-02,3.070953052459118870e-01,3.124582106791842437e-02,7.259221157499455568e-02
1.952664332059891317e-01,1.012904200030532997e-01,5.127498403354028289e-01,1.875429509668272154e-02,1.719390113588719349e-01
2.615690311954570468e-01,6.195830420800330779e-02,4.851385329576201610e-01,4.301207808591703263e-02,1.483220535530024586e-01
8.180919074025168325e-02,3.619239183924612829e-02,7.717980814110836363e-01,4.894090507666138540e-02,6.125943093275714596e-02
8.222668826600837422e-02,7.262310046570988331e-02,7.068781191562847344e-01,2.382664958161997276e-02,1.144454425303770284e-01
4.671467352463858080e-02,1.032880209183255071e-01,7.041423474359705947e-01,1.039484331025922713e-02,1.354601148108060538e-01
3.439499369174024018e-02,5.025807818795408055e-02,5.965455175473949323e-01,9.681454003553540202e-03,3.091199565693572571e-01
2.590538572767273409e-02,1.093451767386572765e-01,5.673386361733667727e-01,3.865920937275542889e-03,2.935448804230276765e-01
2.526957522194923228e-02,1.601535067097631104e-01,5.648840627261444425e-01,3.494943123493156160e-03,2.461979122186500613e-01
3.487387684531302601e-02,2.289677814023896862e-01,5.810146513209081265e-01,2.248979122795756978e-03,1.528947113085935006e-01
8.348355819625740554e-03,1.183111772986474852e-01,7.786068951773338354e-01,2.817209258031146135e-03,9.191636244636174069e-02
1.206865735294662331e-02,6.773949781585247853e-02,8.937593562106218581e-01,1.017360812464576658e-02,1.625888049593327001e-02
8.008726404105860619e-03,9.498584548666152982e-02,8.465074411451258829e-01,8.502078564847685704e-03,4.199590839925909647e-02
9.448902975514737040e-03,1.200226454313953611e-01,8.288649890808077458e-01,5.990721433741052690e-03,3.567274107854103565e-02
2.829454627264873026e-02,1.784797816162888573e-01,5.032493143835992111e-01,4.228434386493567718e-03,2.857479233409697117e-01
2.925911148606926901e-02,2.170805916502812349e-01,5.402246487233500760e-01,3.645403441237904038e-03,2.097902446990616288e-01
2.229961489566335137e-02,3.003447181463850812e-01,5.147533872715074343e-01,1.847580498155992944e-03,1.607546991882880250e-01
1.835545922211113956e-02,2.887807931439954068e-01,5.963908410364745505e-01,1.793842972310308575e-03,9.467906362510873641e-02
3.323851711520040692e-02,2.293531780077197602e-01,6.631672131606523024e-01,2.867666901323568350e-03,7.137342481510398906e-02
2.945677629297075578e-02,3.162820237071661267e-01,5.088240316109848838e-01,1.775419731616893456e-03,1.436617486572613622e-01
4.631870674357847772e-02,3.659411196162804525e-01,3.829077939534657471e-01,1.628595926421191973e-03,2.032037837602540808e-01
3.359641274081070356e-02,4.553706369851042712e-01,3.556618724600477122e-01,1.136141920040022050e-03,1.542349358939973103e-01
5.002298555254168499e-02,4.290321358899320536e-01,4.180802664197201257e-01,1.655780913022525348e-03,1.012088312247835242e-01
3.935873533013466846e-02,3.920241088506311034e-01,3.962833305580008569e-01,1.684229495740083510e-03,1.706495957654933782e-01
3.367999613446770457e-02,4.341786058489462974e-01,3.593457143146839283e-01,1.157848698997324382e-03,1.716378350029047206e-01
3.690511126680046800e-02,2.357645364653788433e-01,6.687859143765670922e-01,5.891995878746218718e-03,5.265244201250748185e-02
2.409311600328345807e-02,2.779212424847246066e-01,5.651295962721849531e-01,3.563013487657977225e-03,1.292930317521488459e-01
2.224871046995084700e-02,3.058231400157049307e-01,5.196308490598545715e-01,2.348518768439812176e-03,1.499487816860499145e-01
2.829457106670468097e-02,3.448586353763640200e-01,3.031565635164551464e-01,1.802486415142049922e-03,3.218877436253340107e-01
3.187011638434217309e-02,4.036431613458515422e-01,2.410709872483875749e-01,1.186303752483673125e-03,3.222294312689351625e-01
1.800527002985642319e-02,3.657541668089200337e-01,3.649345173096846806e-01,1.204168110376044928e-03,2.501018777411627703e-01
1.547090821418424522e-02,2.568961036160249400e-01,5.598265537445111795e-01,1.787534314229747385e-03,1.660189001110498885e-01
2.329927735401744054e-02,3.331515988935928596e-01,4.116951996820871762e-01,1.432917078557920717e-03,2.304210069917446424e-01
3.178427786823679463e-02,3.849381302918464809e-01,4.105922254608602717e-01,1.314837749691540525e-03,1.713705286293648877e-01
2.014748503056075155e-02,4.466978789464517430e-01,3.543002389113507067e-01,9.132262501270867411e-04,1.779411708615097065e-01
1.779470214868459146e-02,4.539909538944409406e-01,3.057929690943997914e-01,8.271724427518999632e-04,2.215942024197227189e-01
2.214264110930973251e-02,4.221852103345010709e-01,4.223092011850106409e-01,7.745797661623786152e-04,1.325883676050162163e-01
2.758871208794771643e-02,3.325994439085340759e-01,4.703437188323750240e-01,1.397640806039047046e-03,1.680704843651041613e-01
2.241741762726582460e-02,2.649746967585225876e-01,6.146370926671576029e-01,1.343651559559337410e-03,9.662714138749474435e-02
1.543146055736544647e-02,2.300092520166496790e-01,6.385233680685357127e-01,1.711842438222541682e-03,1.143240769192266498e-01
8.173892614114223326e-03,1.127727412254614370e-01,8.342355213521341906e-01,2.049164375691758539e-03,4.276868043259830082e-02
7.280976139579627138e-03,5.792842868990433214e-02,9.039390790479293614e-01,4.703092373975478920e-03,2.614842374861115273e-02
9.089004931743487406e-03,9.564292519945449822e-02,8.127576483070663160e-01,3.641371305226643890e-03,7.886905025650901846e-02
5.790081659194950235e-03,8.153975488789075299e-02,8.559064597801572249e-01,2.898780513866819428e-03,5.386492315889023635e-02
6.807358013558444630e-03,9.184540288835579824e-02,8.329376482704815565e-01,2.935557964651691089e-03,6.547403286295259972e-02
9.076861230206784495e-03,3.633316162158090057e-02,2.283278744754319856e-01,2.083073603840526582e-03,7.241790290689397169e-01
4.430836295015798745e-03,1.475359378430230600e-02,5.813658518596526159e-02,6.707873574875353965e-04,9.220081973772291661e-01
6.383143128881912064e-03,1.151794740473988631e-02,2.299341443241051386e-02,2.916619055639275808e-04,9.588138331284037363e-01
9.394448540249643320e-03,4.577192526586446736e-02,9.381850287958956591e-02,4.675611368468247432e-04,8.505475621774493122e-01
4.024962044361154317e-02,7.753187972921612992e-02,4.158024480128760803e-01,4.624169788960370148e-03,4.617918820253359424e-01
1.566180922382387208e-01,7.260744225205595370e-02,6.063925176425933872e-01,1.527510430528408215e-02,1.491068435618278509e-01
1.676332452096132020e-01,4.903035435466403247e-02,7.279585616353632105e-01,2.874048337304346487e-02,2.663735542731616307e-02
1.931133559922031950e-01,6.608016194111153430e-02,6.950420081481228918e-01,2.034193528709787868e-02,2.542253863146450715e-02
3.007288802346035905e-01,1.063172709280422179e-01,5.627238595714286751e-01,1.337843179332551431e-02,1.685155747259996228e-02
3.255727773733927966e-01,7.917620728680563325e-02,5.577568737043477887e-01,2.369614653772341567e-02,1.379799509773040056e-02
2.374211425543741316e-01,1.376629098689803876e-01,6.070961906665753860e-01,1.036082355808592981e-02,7.458933351984105113e-03
3.807790971146453041e-01,1.152429039031450803e-01,4.881347093129251302e-01,1.277486115273828750e-02,3.068428516546229615e-03
5.516606776742073448e-01,1.463836161596956953e-01,2.934323682993411064e-01,5.412449432944272179e-03,3.110888433811645048e-03
4.019301646662257754e-01,2.132694943747993899e-01,3.728028690801698519e-01,8.032727641352255948e-03,3.964744237452761527e-03
8.269590111657699749e-01,7.265971468432684544e-02,9.611941605414492384e-02,2.424585101301435491e-03,1.837272994456662888e-03
9.735786978543179426e-01,1.284347925755231073e-02,1.225086828221274085e-02,6.662642281761151173e-04,6.606903777408621543e-04
9.215025588388460198e-01,2.667565575608041306e-02,4.635770659506645297e-02,3.947023304248450243e-03,1.517055505758636803e-03
7.358574942932414320e-01,6.407706070827848266e-02,1.852159863550696950e-01,1.326858702085234425e-02,1.580871622558229547e-03
2.335249051322329517e-01,4.161591940161241676e-01,3.443900211395575228e-01,3.122792940957117881e-03,2.803086771128203598e-03
2.275050210166205122e-01,3.912080565011592515e-01,3.747456048603313161e-01,2.489585338889862675e-03,4.051732282999068353e-03
4.126560904628436832e-01,2.049480261118604152e-01,3.743656402016811158e-01,5.541161421159712316e-03,2.489081802455017992e-03
7.522960444133977020e-01,5.421939546755762812e-02,1.788519024028926430e-01,1.360836581102915256e-02,1.024291905122737701e-03
5.130194076777829792e-01,7.487840086498306902e-02,3.742119859416163652e-01,3.672596569183753101e-02,1.164239823780064634e-03
7.769975389336065685e-01,3.455492173128087152e-02,1.602935922883131359e-01,2.756150830169476484e-02,5.924387451047179783e-04
4.218586605450413973e-01,3.748838474792016290e-02,3.867545867457249376e-01,1.533561717032879412e-01,5.421962580256306985e-04
5.521984974418050474e-01,3.369341781023180160e-02,2.737510692825576575e-01,1.399894147621405238e-01,3.676007032649963044e-04
8.637025427284087398e-01,3.585280515564982784e-02,8.734498189724340667e-02,1.276880379886905816e-02,3.308664198287241667e-04
7.788381343787038613e-01,1.066690060275118923e-01,1.095510003209403255e-01,4.448450310907677702e-03,4.934089619363475013e-04
8.871366745641023899e-01,6.400184649115345237e-02,4.747741909917480019e-02,1.001760576392976077e-03,3.822992691764892648e-04
9.382469351087177056e-01,3.927737032056039662e-02,2.161408870364463219e-02,5.189636311991850399e-04,3.426422358782433598e-04
9.652024633590735592e-01,2.211803191628857607e-02,1.212106847230016125e-02,2.788211392038588950e-04,2.796151131339298895e-04
9.659534761066301822e-01,2.443950131471116574e-02,9.156791688182114655e-03,1.737840244336865347e-04,2.764468660429157286e-04
9.453814503493460641e-01,4.069091558277536380e-02,1.336153086665017517e-02,2.000134404807217461e-04,3.660897607476976362e-04
9.303655793566693033e-01,5.184411793459023365e-02,1.711330833926711162e-02,2.190633879190828962e-04,4.579309815542915692e-04
9.565142709463319015e-01,3.260596587540547792e-02,1.034311589661496625e-02,1.634136427901904077e-04,3.732336388574166710e-04
9.465330865903502922e-01,4.018522027655108131e-02,1.276203615054737409e-02,1.715730010815981412e-04,3.480839814696511103e-04
9.177639112765970664e-01,5.932901448169411451e-02,2.225747063393909014e-02,2.446747329857950617e-04,4.049288747840607645e-04
9.201896018548290090e-01,5.348945252089360586e-02,2.571710173493163901e-02,2.692004017581968987e-04,3.346434875875794438e-04
9.513810138970312247e-01,3.372757701327888658e-02,1.439709875507691299e-02,2.109859650848016927e-04,2.833243695281933636e-04
9.318033075097090778e-01,4.833823314615778854e-02,1.913950266831681082e-02,2.649610080349920778e-04,4.539956677815506570e-04
8.174246356695118454e-01,1.369392685509103480e-01,4.419898021044056657e-02,4.438953540282619789e-04,9.932202151090171408e-04
8.435946186185327988e-01,1.205156116416723211e-01,3.471567208582303221e-02,2.969680240954333784e-04,8.771296298763554301e-04
7.160617829654086774e-01,2.391910261947652883e-01,4.285096334852395855e-02,2.977654833479156937e-04,1.598462007954040351e-03
6.757162950741265606e-01,2.731955094452384047e-01,4.852074180770672013e-02,2.973916996804192199e-04,2.270061973247845030e-03
5.233040525563020795e-01,3.906669732120862659e-01,8.284345637766588055e-02,3.909653236511323243e-04,2.794552530294633352e-03
3.669388029798433815e-01,4.603629999864728983e-01,1.698432019007312388e-01,6.725641609067888223e-04,2.182430972045646192e-03
1.284516987442738956e-01,5.602885898548134458e-01,3.087814948220313771e-01,7.234958983500890855e-04,1.754720680531193441e-03
7.064219842261305893e-02,4.836815891602401218e-01,4.430713543638553076e-01,1.193206307356824928e-03,1.411651745934655068e-03
1.443547722468675187e-01,4.671249018553295107e-01,3.846529637031524396e-01,1.516098903733965279e-03,2.351263290916488519e-03
2.603144623659284229e-01,4.137963062936056979e-01,3.210123296979560670e-01,1.812223036500458864e-03,3.064678606009297798e-03
6.601506121628669677e-01,2.172936605311525660e-01,1.191200060091166524e-01,7.633157118933082790e-04,2.672405584970532610e-03
7.406513177648396118e-01,2.013486864667504983e-01,5.524457486520695931e-02,3.469582600888856169e-04,2.408462643114105909e-03
5.630782665738529591e-01,3.702623112984821385e-01,6.207359917181917014e-02,2.652453191750876174e-04,4.320577636670739491e-03
2.345145205072642347e-01,5.459072688997291811e-01,2.164797754494748594e-01,5.254938798531268032e-04,2.572941263678591144e-03
2.973054882005675137e-01,5.128247524422060444e-01,1.826830940382339064e-01,5.851585237712631339e-04,6.601506795221243930e-03
6.074078054033866803e-01,2.919177736202918649e-01,9.543989395366778150e-02,4.224492490428138035e-04,4.812077773610799226e-03
8.836595914075322522e-01,8.976344856533038929e-02,2.399457174631967199e-02,1.981007336641769001e-04,2.384287547153448109e-03
4.766774759764350056e-01,4.122690958301604147e-01,1.071005951681435336e-01,4.167156806810705470e-04,3.536117344579892477e-03
3.176286797141074092e-01,5.572422693585381559e-01,1.203004442008268615e-01,3.550559903313800069e-04,4.473550736196133318e-03
3.797998843435304583e-01,4.379182912990156606e-01,1.778628787681751922e-01,6.748001018743838512e-04,3.744145487404319534e-03
1.888952144651735998e-01,5.685202781917492176e-01,2.388239681958244098e-01,6.801906097383320950e-04,3.080348537514459705e-03
2.422843843009714615e-01,4.432405093655908956e-01,3.105127061958392609e-01,1.433946477952513249e-03,2.528453659645954997e-03
1.443411909544193572e-01,5.149401393316628273e-01,3.376671801891126257e-01,9.668810472735144771e-04,2.084608477531667801e-03
1.692218370585164000e-01,4.215248417001458137e-01,4.062401067678750866e-01,1.400743742018391910e-03,1.612470731444278589e-03
2.716004202117826005e-01,3.332673067559457913e-01,3.912630701539288602e-01,1.364935207898470204e-03,2.504267670444357708e-03
4.216017259731398847e-01,2.942907179998754952e-01,2.766155505674589565e-01,1.183595854517666222e-03,6.308409605008000361e-03
4.521785782334820647e-01,2.782895317813589564e-01,2.630942056851542366e-01,1.184063048079503442e-03,5.253621251925213315e-03
4.975857039252949976e-01,2.784294726125524644e-01,2.190422872769905438e-01,1.010714976828640558e-03,3.931821208333392478e-03
3.795789578002549125e-01,3.603606194988743794e-01,2.562002122516441882e-01,1.127393198559943199e-03,2.732817250666515988e-03
3.548684962756762928e-01,4.290933352961433522e-01,2.121468146349183015e-01,9.172922492951225215e-04,2.974061543967079779e-03
3.578311176795059834e-01,4.386791677591403982e-01,1.994530429503282576e-01,8.850575264068656547e-04,3.151614084618460741e-03
1.720602387758309870e-01,4.325681247102647897e-01,3.919241525450837260e-01,1.172036627858073689e-03,2.275447340962406199e-03
1.059950358442667551e-01,5.510434059061101175e-01,3.406889026857554126e-01,6.317949757224871569e-04,1.640860588145241555e-03
8.716197666373166897e-02,6.010077884793538772e-01,3.095306754238375535e-01,4.746328986393013780e-04,1.824926534437752018e-03
6.553273206737519896e-02,5.043958358581550616e-01,4.276091813634993466e-01,6.350431059125504971e-04,1.827207605057736732e-03
9.177771178225152537e-02,4.441293423991342637e-01,4.620745589291881950e-01,6.886654091853792450e-04,1.329721480240706648e-03
6.168181967386401204e-02,5.068282727660334830e-01,4.290710688307616816e-01,6.516994790123007949e-04,1.767139250328445509e-03
2.250289987369979428e-01,3.950770415791143297e-01,3.774268143642387496e-01,9.028571260256964626e-04,1.564288193623362402e-03
1.966689616595280743e-01,2.795666499290874740e-01,5.214259193203284459e-01,1.348858877578683639e-03,9.896102134774877827e-04
6.273399975063199685e-01,1.750806160709399428e-01,1.953000337101731820e-01,9.870623799314169784e-04,1.292290332635336785e-03
4.752412081671548716e-01,3.177800776349917755e-01,2.035488139456607115e-01,8.823769461680540990e-04,2.547523306024683347e-03
2.855063499530399729e-01,3.329004239769267071e-01,3.779464839413494426e-01,1.521384879544327318e-03,2.125357249139590930e-03
3.423518570486318580e-01,2.834814957710481975e-01,3.699512397879952119e-01,2.104843574062408625e-03,2.110563818262295357e-03
1.891044372933385898e-01,2.495545887579293243e-01,5.579210921175432603e-01,2.342662867483164425e-03,1.077218963705533356e-03
2.839681855274520106e-01,2.623403808899890111e-01,4.494242147799749065e-01,2.424998203950940595e-03,1.842220598632990716e-03
4.847645041432675495e-01,2.132865218214428649e-01,2.978468002578609775e-01,2.102641632019268663e-03,1.999532145409420227e-03
4.847339745183232851e-01,2.414423969319522412e-01,2.692302539130796424e-01,2.485249993219510248e-03,2.108124643425306807e-03
1.717698102818460970e-01,3.884025527787249299e-01,4.347583652449651392e-01,2.181277354815589799e-03,2.887994339648316047e-03
6.569044617754753179e-02,3.928944862626679302e-01,5.359470372995087661e-01,1.943650433713466725e-03,3.524379826562382568e-03
4.764604497693930574e-02,4.369390323081126515e-01,5.112159340338994218e-01,1.075492122532311929e-03,3.123496558516224500e-03
5.425918942444388215e-02,4.169641955314057902e-01,5.256823565256653064e-01,9.046387515022089130e-04,2.189619766982816088e-03
6.829351175179716738e-02,4.534551054809599080e-01,4.744339153756300664e-01,8.004757895761820336e-04,3.016991602036698823e-03
8.464165773845155893e-02,4.465356775444972448e-01,4.647600145360588630e-01,9.800324522073549337e-04,3.082617728785051574e-03
2.104995031144830109e-01,4.122210819385312419e-01,3.737150777372634236e-01,1.026934928570619231e-03,2.537402281151865911e-03
6.999041524060367614e-01,1.960137116614761033e-01,1.021258328163020257e-01,5.272118490076544133e-04,1.429091267177420767e-03
3.384560646629944936e-01,1.677618340615839587e-01,4.871754643026448006e-01,5.870228153790505408e-03,7.364088189862382297e-04
6.179599926979117974e-01,9.518512003532217380e-02,2.786494975384574135e-01,7.152073893579833502e-03,1.053315834728908804e-03
5.961533058089505399e-01,6.788453041682607214e-02,3.213478625293429425e-01,1.013785805007809231e-02,4.476443194802405198e-03
6.218138787072654550e-01,7.918962942289516083e-02,2.880034235433406309e-01,6.929174977466882358e-03,4.063893349031838867e-03
8.717561681532947082e-01,4.807154656805080056e-02,7.671255935170595563e-02,1.988950338452523565e-03,1.470775588496074041e-03
8.111984872588667850e-01,1.237458128429217846e-01,6.112610624197709758e-02,8.736090814587722537e-04,3.055984574775593311e-03
4.609394714953190531e-01,3.691306056889608334e-01,1.641945692071362650e-01,1.294022079883208479e-03,4.441331528700636841e-03
8.363510380691517865e-01,8.719359342176773164e-02,7.158487520310571894e-02,1.129969004391425140e-03,3.740524301583454236e-03
8.183110640333863817e-01,1.346264614555179040e-01,4.306918406065700367e-02,4.334853842556886838e-04,3.559805066182917307e-03
8.518531478952053870e-01,1.050996922375778270e-01,4.074343256077662262e-02,2.880628144216964854e-04,2.015664492018441525e-03
9.021689367890289857e-01,7.964538581063071443e-02,1.627245152767663183e-02,1.338213890964259011e-04,1.779404483567342907e-03
5.705131052901400990e-01,3.647547303635677030e-01,6.101147057211486063e-02,2.776487447138883437e-04,3.443045029463384470e-03
5.099365798599101440e-01,3.955038327457823244e-01,9.029588876223464122e-02,3.943610081097163227e-04,3.869337623963092169e-03
8.131569296036162964e-01,1.397066288193475891e-01,4.503793307550804648e-02,3.660641946325898137e-04,1.732444306895406525e-03
8.775967757231134536e-01,8.229091657314899222e-02,3.883749172670104138e-02,3.492495948409349077e-04,9.255663821957024490e-04
8.951798466704196100e-01,6.912778672111950795e-02,3.395911767423569899e-02,5.289461539836066550e-04,1.204302780241517205e-03
7.978912040328799415e-01,1.015145877856099138e-01,9.601587239499854987e-02,2.808204169047553642e-03,1.770131617463932723e-03
5.606612107852282367e-01,1.529933806404671914e-01,2.781515906877162769e-01,6.306084930397464795e-03,1.887732956190806260e-03
8.042393215557498420e-01,5.215304840095603967e-02,1.369873575058249138e-01,5.330915130735940609e-03,1.289357406733309015e-03
5.728654362892153795e-01,2.100329056848747322e-01,2.106927125942751611e-01,2.910626354851602888e-03,3.498319076783129936e-03
4.339664343606024488e-01,2.273746065072180522e-01,3.307920026426449112e-01,3.260162052885496806e-03,4.606794436649110092e-03
3.531742070082670715e-01,2.584418309834864980e-01,3.799088720137587805e-01,3.806981643967247662e-03,4.668108350520281009e-03
3.381101883518882745e-01,1.678927780978203554e-01,4.774640746193927754e-01,1.347196697370141305e-02,3.060991957197130471e-03
4.231035985678180400e-01,1.184709693161379862e-01,4.401563767067439015e-01,1.694341489228046518e-02,1.325640517019656579e-03
6.770888332912529117e-01,6.429367136255104143e-02,2.356331719105526079e-01,2.150060608528025011e-02,1.483717350363120526e-03
8.144699657027613116e-01,4.896188956860372116e-02,1.236924759161379117e-01,1.160162699493961190e-02,1.274041817557332659e-03
6.623670374612167233e-01,6.135748936948468013e-02,2.525953043712536039e-01,2.273391591289187705e-02,9.462528851530151944e-04
6.773009159173449811e-01,3.648960259655287253e-02,2.350960935627451898e-01,5.021449790961077936e-02,8.988900137461147688e-04
4.940480530015524674e-01,2.132120960734708304e-02,3.234567617832958542e-01,1.601023577578357115e-01,1.071617849968840288e-03
2.073534231952049722e-01,2.321769063290538698e-02,4.967292322352668266e-01,2.713790311170126146e-01,1.320622819610202002e-03
6.072783950702093092e-01,1.789023543901933216e-02,2.208683397481830402e-01,1.530501434357416091e-01,9.128863068466862036e-04
1.062057278574767838e-01,1.254213074220171878e-02,4.861998867374143773e-01,3.946990007261005906e-01,3.532539368065732745e-04
6.539178894511997464e-02,1.553816809952306491e-02,6.087616586298090215e-01,3.094267125875113655e-01,8.816717380365819310e-04
1.230149833189470576e-01,2.848673870301675001e-02,6.384301822798333914e-01,2.085995853544802547e-01,1.468510343722578739e-03
2.161394851114311066e-01,4.126798511271376202e-02,5.415398539812148471e-01,1.994501834502177273e-01,1.602492344422725215e-03
2.951034303419421967e-01,3.386408422452402700e-02,4.299044779165926977e-01,2.393509258374694748e-01,1.777081679471509889e-03
2.701007139848098371e-01,6.949605434295401396e-02,5.641169311156313260e-01,9.475715610371958364e-02,1.529144452885243055e-03
3.739135193691373593e-01,4.240003711604711789e-02,3.828874975503115397e-01,1.998082748459407143e-01,9.906711185632757766e-04
5.697444075313568002e-01,4.978536473295147591e-02,2.965341276200994525e-01,8.270870669055918611e-02,1.227393425033011624e-03
5.610826792030485510e-01,3.448822113040951598e-02,2.847419214893473494e-01,1.188850722865517490e-01,8.021058906428384571e-04
6.459479422834266682e-01,2.014628446280396570e-02,2.118867358138178392e-01,1.214380787057995348e-01,5.809587341519414048e-04
6.055447896234144034e-01,4.500342563260269907e-02,2.614840017005476969e-01,7.621452631300297542e-02,1.175325673043227555e-02
6.962155769899546209e-01,2.018441396746228217e-02,6.221992837064617421e-02,1.502107327806437125e-02,2.063590073938725011e-01
6.115536297087774686e-01,1.460163710423855246e-02,2.655548546948543337e-02,4.101472768395196533e-03,3.431877749491032970e-01
5.455794763874087794e-01,1.877751850865337982e-02,1.386133850647022596e-02,1.374381140572248326e-03,4.204072854568954298e-01
7.139355986852756741e-01,1.472634600083651442e-02,7.637736021736048729e-03,4.271767927453697599e-04,2.632731424994064762e-01
5.714824084857136333e-01,5.463179978652030200e-02,2.274810905335272054e-02,8.443017357634431111e-04,3.502933809386499231e-01
5.221364484458645983e-01,4.241110162737878053e-02,1.608749223986238527e-02,5.806945555333523730e-04,4.187842631313609121e-01
3.130706282637206184e-01,8.531328794553347250e-02,2.630704251914302294e-02,4.815706357091871265e-04,5.748274706358935671e-01
5.068484275597789912e-01,1.423037084047397705e-01,8.798400206781648025e-02,1.149500788077130161e-03,2.617143611795876290e-01
3.691469655797782745e-01,9.225147560934876534e-02,1.490758668070645832e-01,2.034278915328467142e-03,3.874914130884798968e-01
4.042755713903491976e-01,3.747949980865965258e-02,9.105552116690740494e-02,2.422750808385284050e-03,4.647666568256984543e-01
6.686410069390742450e-01,1.201820564852407354e-02,2.566517000689443051e-02,1.381045796888916632e-03,2.922945716086182699e-01
7.090620023684984785e-01,2.609639053086094951e-02,7.477411617251400466e-02,3.340212676390295291e-03,1.867272782517363505e-01
4.209239996353383306e-01,5.437603192515165496e-02,3.843065072073433286e-01,1.626980312180783747e-02,1.241236581103589420e-01
2.875007759306659749e-01,1.546452018431557218e-01,4.746242962938670429e-01,9.204036564105688017e-03,7.402568936820551337e-02
3.068841224181456107e-01,2.085709137189852291e-01,3.193657272713798512e-01,5.352121416684353303e-03,1.598271151748049679e-01
7.774592045125579276e-02,3.792887269220850954e-01,4.445916745299738904e-01,2.510646378728238065e-03,9.586303171795697298e-02
4.914347844184832614e-02,2.532317561102671033e-01,6.740474296310657865e-01,1.988783104742056218e-03,2.158855271207675564e-02
1.314441375515639776e-01,3.957006465104417336e-01,4.284575834477035161e-01,1.756769702963474145e-03,4.264086278732729524e-02
1.376778509776864501e-01,4.170792910926321984e-01,2.369502398126260567e-01,9.436105171046587888e-04,2.073490075999506466e-01
1.129211391186297486e-01,5.032203983501379874e-01,3.163319533177358922e-01,8.187029753091786162e-04,6.670780623818717281e-02
1.030809681197925598e-01,5.878760126066365777e-01,2.171568837867077495e-01,6.432131249287498633e-04,9.124292236193438932e-02
7.026674150955443399e-02,5.068604939128898978e-01,1.496774578110664222e-01,5.419021449223315441e-04,2.726534046215668416e-01
8.065568612729523412e-02,5.185918942212179861e-01,1.582549326297366110e-01,4.908540028675660886e-04,2.420066330188824777e-01
6.837070009826305694e-02,4.460588024003801499e-01,3.450590665684786229e-01,1.438349949494956625e-03,1.390730809833831405e-01
6.090742644028869501e-02,4.550930568028440648e-01,4.082624339709569061e-01,1.804057179906532133e-03,7.393302560600370499e-02
9.694006587986381263e-02,5.475957954385274329e-01,2.882232311210844999e-01,1.124833799356548831e-03,6.611607376116775125e-02
7.164818387996353677e-02,5.717738011605933979e-01,2.776391814373248557e-01,9.916952230347197191e-04,7.794713829908343772e-02
5.379810345226455209e-02,5.402713938408779670e-01,3.192757130850629177e-01,9.670892177724005594e-04,8.568770040402202970e-02
4.358555215036025859e-02,5.466550186563811087e-01,2.844767442859945650e-01,7.528513119130866328e-04,1.245298335953508723e-01
1.134911210935429654e-01,3.250964893623944918e-01,4.630670595340043993e-01,3.299292279770416145e-03,9.504603773028777458e-02
6.125193812907241825e-02,3.636510388746618250e-01,4.399885586367101031e-01,2.080082236649507740e-03,1.330283821229060470e-01
5.087699367973450709e-02,3.089631811317321008e-01,5.273060317734383773e-01,2.074834480108224671e-03,1.107789589349867793e-01
4.804795410097066621e-02,3.617806257353222144e-01,3.464178210887770559e-01,1.471557728851769376e-03,2.422820413460783084e-01
5.079335028774024235e-02,2.133045198292281008e-01,1.397678869791283696e-01,8.356184933307137311e-04,5.952986244105724634e-01
4.998685847063556037e-02,1.373497858228392987e-01,6.327057891162826686e-02,5.654283440326155277e-04,7.488273484508642941e-01
8.658197096111680535e-02,3.726047962520398493e-01,1.350016134470579943e-01,6.589749259963046963e-04,4.051526444137890093e-01
5.771683477183708194e-02,2.831906108842381364e-01,1.290096739692509209e-01,5.213495319250047470e-04,5.295615308427488177e-01
4.106872735525331219e-02,3.727719528259273996e-01,1.492886444986695760e-01,4.274009345644126548e-04,4.364432743855852226e-01
3.190060259767320966e-02,3.464110631356259740e-01,9.153756653191504056e-02,2.757509962086383761e-04,5.298750167385772869e-01
3.187327666517333208e-02,4.618272711192427105e-01,1.841405278646232324e-01,5.277825056545093355e-04,3.216311418453063342e-01
4.109773315741338529e-02,3.991143863989816132e-01,2.189875726377732701e-01,8.687176048415496451e-04,3.399315902009902302e-01
3.780012099752769195e-02,4.140120626459777298e-01,1.799066261929540833e-01,5.967063877033547880e-04,3.676844837758371787e-01
4.015434054176651030e-02,4.446067867943784835e-01,1.666716198516948744e-01,5.039173081236681751e-04,3.480633355040363974e-01
2.648437811314231435e-02,4.859331370116988236e-01,1.835630506383603422e-01,3.919888694193344471e-04,3.036274453673790674e-01
2.648736465037878837e-02,5.837662527576550353e-01,1.802156163545943213e-01,3.359322502914140001e-04,2.091948339870803308e-01
2.042431796290905197e-02,5.339283966134745762e-01,2.435247870120667013e-01,3.198992598131602519e-04,2.018025991517363726e-01
3.352161526248915308e-02,5.882058235910435640e-01,2.220053007863453109e-01,3.166497435640619495e-04,1.559506106165580164e-01
3.681495320482926908e-02,6.282271953862798020e-01,2.391915917998891639e-01,2.682994771426737879e-04,9.549796013185907206e-02
1.912579305698654253e-02,5.456735426008509915e-01,3.626183400799452006e-01,3.477765462293730381e-04,7.223454771598779300e-02
2.145137236902627809e-02,3.216730788556799170e-01,6.326121603843584129e-01,1.227717203717540798e-03,2.303567118721796744e-02
2.502638546464451205e-02,3.943100479751006082e-01,5.180826447005211222e-01,1.002763706179855526e-03,6.157815815355379557e-02
2.365438850744823462e-02,4.712774322692560025e-01,3.610140119580774742e-01,6.119680253346771251e-04,1.434421992398835777e-01
2.329625378377458630e-02,4.566291427298075911e-01,2.654226420250594409e-01,5.687051787611740192e-04,2.540832562825971475e-01
2.525619073215432803e-02,4.890903806965160028e-01,2.437148564642509785e-01,5.308482567506220620e-04,2.414077238503279377e-01
2.042486896435400517e-02,4.245449054970663050e-01,3.665437857814668465e-01,7.113006825353271898e-04,1.877751390745775462e-01
3.221629604091082871e-02,4.492901062721592065e-01,3.474656753950897681e-01,1.072894091028395993e-03,1.699550282008118751e-01
2.902170139176501323e-02,5.387759444482220772e-01,3.438327325517638311e-01,6.208031751498312286e-04,8.774881843309909057e-02
2.485901478625008806e-02,5.604129514286876335e-01,3.114836937520257254e-01,4.451348945955279431e-04,1.027992051384410133e-01
2.204647118740471132e-02,5.259832373964896668e-01,3.253627096255983231e-01,4.158716915765901063e-04,1.261917100989306262e-01
3.067355207780786061e-02,5.354774343538034609e-01,3.021917092975644481e-01,5.598288120813900426e-04,1.310974754587429791e-01
2.279968958664402995e-02,5.868308289866633887e-01,2.582911801396561846e-01,3.910574811970201573e-04,1.316872438058395711e-01
2.509399289674908370e-02,5.863666813099037700e-01,2.636538272546473660e-01,4.080362404930304595e-04,1.244774622982067064e-01
2.860950049400719578e-02,6.072067318256960666e-01,2.259834356857290671e-01,3.781921510397191571e-04,1.378221398435279799e-01
2.288774606118114049e-02,5.816205733598847072e-01,3.128634117806904369e-01,3.742948722291986486e-04,8.225397392601449531e-02
1.995425682400802855e-02,5.304788411880065890e-01,3.663517337829520493e-01,4.569914633788754342e-04,8.275817674165439342e-02
4.531765550893589178e-02,4.541221473130363506e-01,3.480353376733247295e-01,9.165903148695280249e-04,1.516082691898334722e-01
4.837017317847725623e-02,4.942568950383007254e-01,3.463683287169921909e-01,6.719917867031873328e-04,1.103326112795265934e-01
3.056388864912655545e-02,4.597631316707797011e-01,3.153429170602373710e-01,5.946482287997828606e-04,1.937354143910565707e-01
1.467133767446680837e-02,3.238103228868627892e-01,4.697956078883547826e-01,8.755213597771724452e-04,1.908472101905384077e-01
6.360298414918916232e-02,2.717913477301968084e-01,4.806940930648232468e-01,2.684707765454230101e-03,1.812268672903366018e-01
3.783341530459741198e-02,2.765520273443474175e-01,5.043078872471985497e-01,2.619865407618212922e-03,1.786868046962384049e-01
6.796147874967772839e-02,1.618231568862632808e-01,3.679211179558296019e-01,3.676472844920012067e-03,3.986177735633093522e-01
2.934671883054580308e-02,1.256435561995142558e-01,3.853328241252990116e-01,2.602757056235499144e-03,4.570741437884054403e-01
4.377237644571436714e-01,8.144436677050490014e-02,1.889585598917103149e-01,3.993313415899863231e-03,2.878799954647413006e-01
3.857730255576983236e-01,1.280252976365321149e-01,1.562741613337143842e-01,3.418563354235188388e-03,3.265089521178199949e-01
1.495531807695595350e-01,1.900526392377654417e-01,3.056623384048994252e-01,5.902379909974761474e-03,3.488294616778007118e-01
8.555391501847871283e-02,2.996981284725432348e-01,2.855766200456078541e-01,2.490144524145876132e-03,3.266811919392243468e-01
5.458165199879538854e-02,3.556067169714953735e-01,2.538050496767924047e-01,1.639162212165656352e-03,3.343674191407512430e-01
3.978983666247765810e-02,3.315776511462674714e-01,2.002927599682354509e-01,1.260810570950517562e-03,4.270789416520689441e-01
3.001006263147860259e-02,4.005137626448011523e-01,2.219880380521503660e-01,1.128091555581830227e-03,3.463600451159879468e-01
3.802753777492278581e-02,4.095831102373390098e-01,2.740383519165367487e-01,8.583556089998690790e-04,2.774926444622015098e-01
2.951523456530862066e-02,3.884772665819423709e-01,2.520619741512076795e-01,8.122064238940714239e-04,3.291333182776471911e-01
7.197762131176135836e-02,3.952270322539655489e-01,3.438769688548709014e-01,1.527898267686691579e-03,1.873904793117154577e-01
3.930785225690153761e-01,1.908763631309577935e-01,3.621313283036068364e-01,5.614618033481481515e-03,4.829916796293862169e-02
8.911595316013602719e-02,4.299757400056282708e-01,3.159737230780582662e-01,1.617884899408286118e-03,1.633166988567692213e-01
6.645581600158263769e-02,5.186520969903724021e-01,2.556027797257679479e-01,9.353820842719610560e-04,1.583539251980050633e-01
4.732951325446269064e-02,5.977513932371931737e-01,2.030808924076084598e-01,5.571086715009920245e-04,1.512810924292347647e-01
4.068258855556433629e-02,5.991849946114692349e-01,1.645583954046196118e-01,4.402780121099950832e-04,1.951337434162370432e-01
