1.141136062201425633e-01,6.657512522711342938e-03,1.838854545909508476e-01,6.929225677865420430e-01,2.420858879653024591e-03
9.205279206766056044e-01,2.891944920047767598e-02,3.163709242383120485e-02,1.036458354703500423e-02,8.550954152050553939e-03
8.626962255777870237e-01,6.540337911336149834e-02,4.442846752850976993e-02,4.245248901796781424e-03,2.322667887854490756e-02
3.364498281768221188e-01,2.178160661672004506e-01,3.968839141259854486e-01,7.961618194261955647e-03,4.088857333572999686e-02
2.617994170463107118e-01,1.281511464776756426e-01,1.508610581284013097e-01,2.545019254608532535e-03,4.566433590930037978e-01
3.073708427350652639e-01,1.311768329218190587e-01,1.059245723144715684e-01,1.292454256275047579e-03,4.542352977723690954e-01
2.251816123362272437e-01,1.701083489585638875e-01,2.080396007309767981e-01,1.504114737936259596e-03,3.951663232362958023e-01
7.105559149635667926e-02,2.110868453384553423e-01,4.608209357597026767e-01,1.424264012970257419e-03,2.556123633925150851e-01
3.150372530946375649e-02,1.750881990868341509e-01,4.285440432466288141e-01,7.569173205306417053e-04,3.641071150365425280e-01
2.107120298026674693e-02,2.355663988617344717e-01,3.358879236070849705e-01,3.750235883934657766e-04,4.070994509625203706e-01
2.990263412311494964e-02,1.548729995192576481e-01,3.308032982097375285e-01,4.011913774346521238e-04,4.840198767704553262e-01
6.200346335406659026e-02,2.144789894295482946e-01,4.359608360544130479e-01,7.631167632658228221e-04,2.867935943987062752e-01
1.556947552863091611e-01,1.671797797589738843e-01,5.822645625716024176e-01,1.973661682905431675e-03,9.288724070020923373e-02
7.376611932695777141e-02,1.297649200818916104e-01,6.761508585616877731e-01,2.568186260778189053e-03,1.177499157686846681e-01
3.808134278529223815e-02,2.162887364731634898e-01,3.368917572189950027e-01,9.050309821413322648e-04,4.078331325404080387e-01
1.959693087156045774e-02,8.302186645835414602e-02,8.934703944053712377e-02,2.219962036926934838e-04,8.078121670258554543e-01
2.501997066332427647e-02,1.589660394408013572e-02,1.999692488045265795e-02,1.134094693682192296e-04,9.389730910427747101e-01
2.648963168667857124e-02,9.964873148454921059e-03,1.954420463824791190e-02,2.447479238417334395e-04,9.437565426027768600e-01
1.358685035390168050e-01,9.572536531725904171e-03,4.160715889744763703e-03,6.101060175052787913e-05,8.503372334377620190e-01
1.057395115669800684e-01,2.704857847520984130e-03,1.166029021931963474e-03,3.503111562505657772e-05,8.903545704479418621e-01
2.395767253275617459e-01,7.035416791493501014e-03,3.450711597213985266e-03,1.361116084689899133e-04,7.498010346752616018e-01
2.667175761833228131e-01,1.299586545751178074e-02,1.066538448527571022e-02,5.662458991093579806e-04,7.090549279747803135e-01
3.096648637202013554e-01,2.921647406020305010e-02,5.913447197544773742e-02,2.138060049764761543e-03,5.998461301943831536e-01
9.098822577711324078e-02,4.980868058074970628e-02,1.060874573790485803e-01,1.602476674628873846e-03,7.515131595884594340e-01
8.782322024865274468e-02,1.793963748191609864e-02,6.777528519864225998e-02,1.446696724129155429e-03,8.250151603466597816e-01
7.326495842578482909e-02,1.482653799129184102e-02,8.330788447537326724e-02,1.864927327782793694e-03,8.267356917797672455e-01
2.635570306227270898e-02,3.641025012754969380e-03,1.725629781534509036e-02,5.874385387475158059e-04,9.521595355708796227e-01
7.358905853976862102e-03,2.197102271086617386e-03,4.347503723911161008e-03,6.919155015371873283e-05,9.860272966008716278e-01
2.559336848664421973e-02,3.857264210193711833e-03,3.604430096758244259e-03,5.266861999797476512e-05,9.668922685864057565e-01
1.995254937625772634e-02,1.522055149187086752e-03,7.636712015594819417e-04,1.521636918875180119e-05,9.777465079038071272e-01
5.427639913178564611e-03,5.022527308422035028e-04,2.104456979440486335e-04,3.862197773289713560e-06,9.938557994602620349e-01
4.832194610365978839e-03,7.175074849426393625e-04,1.962267755529095736e-04,3.210554809890579428e-06,9.942508605743285433e-01
3.839990686157873645e-01,4.345026338255382134e-03,1.028944452861636815e-03,1.858347990214868496e-05,6.106083771131934901e-01
1.373761270668746592e-01,4.758366270802334534e-03,6.495760253574660347e-04,1.423787315278414297e-05,8.572016927638126393e-01
4.199058270688069139e-02,6.381841291878140657e-03,1.101660309264809907e-03,1.225547955530622896e-05,9.505136602124210077e-01
2.852272486906006974e-02,6.183229276843229920e-03,1.305711086678787609e-03,1.240308940253902655e-05,9.639759316780155407e-01
2.531362735034960176e-02,2.029990404486979681e-03,5.724778956479792315e-04,5.435961673176274664e-06,9.720784683878422872e-01
1.190278375828484649e-02,2.097918043893601692e-03,5.671317363559934483e-04,5.905963993216697298e-06,9.854262604974723949e-01
1.495205853970456127e-02,1.117914354880708821e-03,3.337223496785034931e-04,4.418556447333949956e-06,9.835918861992890561e-01
3.326495736296998518e-02,1.052293804306237866e-03,3.207918447479417485e-04,6.600249233949406310e-06,9.653553567387419543e-01
5.625004262561229124e-02,1.450358662887563750e-03,3.288695891598449592e-04,7.116173352456238678e-06,9.419636129489880050e-01
2.635259714356245897e-02,2.422261741378603245e-03,4.358827000841113001e-04,7.153155215641418489e-06,9.707821052597591649e-01
1.942183445289201102e-02,1.659117742987928443e-03,4.136977875146446754e-04,7.500324169169401407e-06,9.784978496924361391e-01
2.622039704171594265e-02,4.048217496277830250e-03,7.898378677556258665e-04,1.363293646747978889e-05,9.689279146577830515e-01
1.450421638728214072e-02,3.401514651112075727e-03,6.613207032237167432e-04,9.426237078684064326e-06,9.814235220213035626e-01
1.502881766274679481e-02,3.587109899196735084e-03,1.163361652631125049e-03,1.196887796393415842e-05,9.802087419074612118e-01
4.439026309601128151e-02,6.628673955293312194e-03,1.773863472216526387e-03,2.765103421396518764e-05,9.471795484422648181e-01
2.008548393955238848e-02,3.103847004909527502e-03,6.698326571495151222e-04,1.235579370076974791e-05,9.761284806046879314e-01
1.386233927870846559e-02,4.713872625977303006e-03,7.052558244800447929e-04,1.080484433913062210e-05,9.807077274264950351e-01
1.752564352317159679e-02,6.800684618393016898e-03,1.043228003290503931e-03,1.427506524338391529e-05,9.746161687899015380e-01
6.093055770250785895e-03,2.184318759174717212e-03,4.223539626775758252e-04,7.577643669630801528e-06,9.912926938642272479e-01
2.428714578836223270e-02,8.219994188255015308e-03,1.317798011120850567e-03,2.074108662453446689e-05,9.661543209256373554e-01
6.184485098588322904e-02,1.047712259584516158e-02,1.326682495986127638e-03,2.315264337247179507e-05,9.263281912789129713e-01
4.729364729452661259e-02,9.588448735004376222e-03,1.080465990808639415e-03,2.197039479745237767e-05,9.420154675848630976e-01
3.450782339673835047e-02,8.379287334087621303e-03,9.261312516683540847e-04,1.466292285341724635e-05,9.561720950946523967e-01
1.204741884971379309e-02,3.857150804233867598e-03,4.869941264624130578e-04,7.682008011972640141e-06,9.836007542115779989e-01
1.590835423112602759e-02,4.711258157044039517e-03,7.883520606751911932e-04,1.380871018191083487e-05,9.785782268409728424e-01
2.770823227905254774e-02,4.792785774463397853e-03,5.858353747848879566e-04,1.319178505908842406e-05,9.668999547866402589e-01
2.283189405919015466e-02,4.998553840584374873e-03,7.598608548971413652e-04,1.639270884924756401e-05,9.713932985364792660e-01
2.700452988103358223e-02,5.969252099339894362e-03,8.633101702724473459e-04,1.856227103746956711e-05,9.661443455783165213e-01
2.395721453344775917e-02,8.552170862308536639e-03,1.521176974542307481e-03,2.341903367496612294e-05,9.659460185960263567e-01
1.529437195089333214e-02,3.387775521277212355e-03,5.539974188372350514e-04,1.098140166126195129e-05,9.807528737073308855e-01
2.941139716408842225e-02,6.774120345288575304e-03,1.254298375907954115e-03,2.507693063111369409e-05,9.625351071840839712e-01
8.618969245422193615e-03,3.710683420865877082e-03,8.406434189896622687e-04,1.424062221704626419e-05,9.868154632925052461e-01
2.985161463520550826e-02,9.315223573410746916e-03,4.829963139426523763e-03,7.798743188176713540e-05,9.559252112200755658e-01
2.802989046620772001e-02,7.674858856938708909e-03,2.562450671446163831e-03,4.910043123032913586e-05,9.616836995741770977e-01
5.653094715057234432e-02,1.216223609340623575e-02,3.008790969178683390e-03,4.888930748562008105e-05,9.282491364793571398e-01
4.760376841762919281e-02,7.973977859382736996e-03,1.481397020126392489e-03,2.960704966897218185e-05,9.429112496531927290e-01
2.921664448222175900e-02,5.942708757998000843e-03,9.252834108366050220e-04,2.110827260505867273e-05,9.638942550763385242e-01
2.308375328625780765e-02,3.428107550854395634e-03,5.110714518660433754e-04,1.155162585460551976e-05,9.729655160851671258e-01
4.084489595669743567e-02,4.197493098033597790e-03,6.870270530323898880e-04,1.697111136180316855e-05,9.542536127808747271e-01
5.569126384970136956e-02,3.579881356633408604e-03,7.619328313268215053e-04,1.907773421323669723e-05,9.399478442281251622e-01
3.644413986501641306e-02,4.139762113816169986e-03,7.350883888839929940e-04,1.678374203710785763e-05,9.586642258902461355e-01
4.047077118010829200e-02,3.978414755663877388e-03,7.795078627293458920e-04,1.694431409362550408e-05,9.547543618874048121e-01
4.983926332416659805e-02,5.254765137614814292e-03,1.301604820944570612e-03,2.143838118260648929e-05,9.435829283360914754e-01
5.498132425543531682e-02,6.136863120763005712e-03,1.127436917491496078e-03,2.248439846376182002e-05,9.377318913078466212e-01
6.315094266951577773e-02,7.439172302919443841e-03,1.054067320128986582e-03,1.966234673090834086e-05,9.283361553607047956e-01
2.113249619089900208e-02,7.647234141067263923e-03,9.676116731169828906e-04,1.338781246505461390e-05,9.702392701824518184e-01
9.201261298254544835e-03,2.277110842497570998e-03,3.670770778650934377e-04,5.407277441313617865e-06,9.881491435039415627e-01
3.089244440591220470e-02,3.129860517758173075e-03,5.542644342011558830e-04,1.195280902406738386e-05,9.654114778331045477e-01
2.748809118535658000e-02,3.329042659960966457e-03,7.445782906809936784e-04,1.526947620607246490e-05,9.684230183877955422e-01
1.875893326756972873e-02,2.674598797655713001e-03,5.839262958395159903e-04,1.068711680364492474e-05,9.779718545221314230e-01
2.220201497151565173e-02,4.728646939351674114e-03,9.210554269794025148e-04,1.244068992935136404e-05,9.721358419722238020e-01
2.637409759060171249e-02,4.402889220127934218e-03,7.961201069701581961e-04,1.340848476574447095e-05,9.684134845975344019e-01
2.911028612863774193e-02,3.210585783090231723e-03,8.134856314284649292e-04,1.295859410544397233e-05,9.668526838627381492e-01
8.199023423047524517e-02,3.622986968433301782e-03,1.128271862051105330e-03,1.776073327287219707e-05,9.132407462057674508e-01
2.247884819902732090e-01,1.054446294631137399e-02,1.888542689764779146e-03,2.963165426436205289e-05,7.627488807193861797e-01
1.016088759882000647e-01,5.525973381664761423e-03,1.163245726139692897e-03,1.724648234281531714e-05,8.916846584216526761e-01
3.349177349726723679e-02,3.375359979019247267e-03,6.928734199598256954e-04,9.835567087409315167e-06,9.624301575366662753e-01
2.868816677033100143e-02,2.330115601956179137e-03,5.215658581844465590e-04,8.419165659461344805e-06,9.684517326038689644e-01
4.229507113601570223e-02,2.154814713142772387e-03,5.870687590881151167e-04,1.105876560988436675e-05,9.549519866261437784e-01
1.997239427762172864e-02,2.934952140768924082e-03,6.394795675303384603e-04,9.451508298619836987e-06,9.764437225057803760e-01
6.779079606161270144e-02,3.153402480370552825e-03,7.704347615795780098e-04,1.121450264121462512e-05,9.282741521937958318e-01
9.393173841007286529e-02,5.387342026057589071e-03,1.173824140895736879e-03,1.746384574274619674e-05,8.994896315772309414e-01
1.488491650973991498e-01,7.036033380175758627e-03,3.880757390963597737e-03,5.904753711119132409e-05,8.401749965943502430e-01
2.675489529590058257e-02,2.743162546236480471e-03,8.966076311783734588e-04,1.481115135669293045e-05,9.695905233753278063e-01
2.010405602931434471e-02,2.609892699968192724e-03,9.094160103929449903e-04,1.383081787365359998e-05,9.763628044424508268e-01
3.079306737561750620e-02,1.168520902922747570e-03,4.556426619307625612e-04,9.392596362789520055e-06,9.675733764631662126e-01
2.081798441202465169e-02,2.547989782594512701e-03,6.263265124166264575e-04,1.110247395435804100e-05,9.759965968190098540e-01
1.227428549712870909e-02,2.405026747483227870e-03,6.347482869965079136e-04,7.683606936567706226e-06,9.846782558614550762e-01
5.166985809428687078e-03,2.592573177357533100e-03,6.219267007221299191e-04,4.873783033385961999e-06,9.916136405294582179e-01
2.342123570917897801e-02,2.034681742722418279e-03,7.041655909882597181e-04,8.569211278850646905e-06,9.738313477458315770e-01
1.182311554639111500e-02,2.434090981822469545e-03,8.542758520836246216e-04,9.408416028949141612e-06,9.848791092036738304e-01
1.817105142089595060e-02,6.608272407427716669e-03,2.803977719276483024e-03,1.939145112970484220e-05,9.723973070012701392e-01
6.276998765711980580e-03,4.917245504056873273e-03,2.164922378381014569e-03,1.197793465289056032e-05,9.866288554171974701e-01
1.231092075858980159e-02,6.834938412666715507e-03,3.149118237603193860e-03,2.246264656881032532e-05,9.776825599445715387e-01
2.134877812938954303e-02,4.296797457551444419e-03,1.658070287526499558e-03,1.363097081378789684e-05,9.726827231547184871e-01
1.563773594038458253e-02,4.127681398287766715e-03,1.465976699677279784e-03,1.441924296569932633e-05,9.787541867186848599e-01
7.349354479720449779e-03,2.333071290588841981e-03,6.808680878936258091e-04,5.613560211786964447e-06,9.896310925815853254e-01
1.142357127392196192e-02,2.093093625795900640e-03,8.478657085448568480e-04,7.878463591363686933e-06,9.856275909281457803e-01
6.086720719099252691e-03,1.784876328750591764e-03,6.991391210643196907e-04,6.342548040273900422e-06,9.914229212830454330e-01
4.514557130962252099e-03,2.337774199769952679e-03,7.290451298764978995e-04,5.110262061423129730e-06,9.924135132773299617e-01
4.595535440308284175e-03,1.698134501064123367e-03,4.637055640695792597e-04,4.025673973824819278e-06,9.932385988205841842e-01
3.562023704235511151e-02,2.472233216166725474e-03,2.196892765288800849e-03,6.327336561770953135e-05,9.596473636105716798e-01
5.687701663786656585e-03,1.549197745488671649e-03,9.908893179791846556e-04,1.713390137819587901e-05,9.917550773713671441e-01
1.899694215142855858e-01,7.929433760480773460e-03,7.332795386508705708e-03,1.853231808363314922e-04,7.945830261578886722e-01
2.102525850294131304e-01,3.544840689823260116e-02,2.174206779768066491e-02,3.179453149016170767e-04,7.322389949597717385e-01
5.846694751330263617e-01,3.602187221463676314e-02,2.706305761020674425e-02,4.534650589463590340e-04,3.517921299831837656e-01
6.810061938809364168e-01,3.477034566012095207e-02,2.719277447710137172e-02,5.354808445812828024e-04,2.564952051372598740e-01
6.888215837778400852e-01,3.855283969567814550e-02,6.362335631378264467e-02,1.735538702357845723e-03,2.072666815103411941e-01
5.771152022962593442e-01,4.968459074546863891e-02,1.791618307372137842e-01,8.664748961131448629e-03,1.853736272599267876e-01
7.927317412114164297e-01,2.735315278629573896e-02,3.051122557609162872e-02,1.167547447461766323e-03,1.482363329787344808e-01
5.592585956257815072e-01,1.015480219298340869e-01,1.482649878001822685e-01,2.741591665156863870e-03,1.881868029790451091e-01
5.560328838040804467e-01,4.766362372363094901e-02,6.147316888083172864e-02,1.822917300349293467e-03,3.330074062911076438e-01
4.577523157671520848e-01,4.476485750295387117e-02,3.779148850025436379e-02,7.181506991862174685e-04,4.589731875304534636e-01
5.002427004556216916e-01,2.625605169447630186e-02,2.986793303582646608e-02,5.584623972454427245e-04,4.430748524168299785e-01
6.332276160501318918e-01,1.184081033453007227e-02,1.836013126844339080e-02,1.102856150844617762e-03,3.354685861960500226e-01
8.253100502855974518e-01,1.824953580978639495e-02,1.842248942378054213e-02,9.986869369792321979e-04,1.370192375438563093e-01
7.941690429139960372e-01,1.237337110769858028e-02,1.070040201524678596e-02,1.007147372693553223e-03,1.817500365903649551e-01
6.782018147237488526e-01,3.906379798579626139e-02,9.229268068863380817e-03,5.796256856143394524e-04,2.729254935359772261e-01
8.221215727659979544e-01,1.542260206748184877e-02,1.659957693443424309e-03,1.031990467764627478e-04,1.606926684263002836e-01
9.471035371194239660e-01,1.444032256165955069e-02,1.005244582912659737e-03,5.225466978455684214e-05,3.739864106621934581e-02
9.509452144819026120e-01,1.392568513440879154e-02,8.648016956423978550e-04,4.300829659253597098e-05,3.422129039145345442e-02
9.562308909221435282e-01,1.494217371522497083e-02,7.592485811334956196e-04,3.422463832184727316e-05,2.803346214317619517e-02
9.786054751700949961e-01,9.760234632735086124e-03,4.850006163801863913e-04,2.203946085173211518e-05,1.112725011993798488e-02
9.887813132079240619e-01,5.464767958875738942e-03,2.637287105584264083e-04,1.429213042314584283e-05,5.475897992218616700e-03
9.871289030868048986e-01,7.922348438576955199e-03,3.236129968643628439e-04,1.628010522380059964e-05,4.608855372530171017e-03
9.883702367259249444e-01,7.800436091261433308e-03,2.620187883066098602e-04,1.229428787126100464e-05,3.555014106635878083e-03
9.827080436262009000e-01,1.342861723906902012e-02,6.750551879184275980e-04,2.640816663966175768e-05,3.161875780172102458e-03
9.488924550112549650e-01,4.250416298881030952e-02,3.155179032227866352e-03,8.617047345328003626e-05,5.362032494253599069e-03
9.830101438948771753e-01,1.377963569644224430e-02,1.104340901805384153e-03,4.092972030091597297e-05,2.064949786574239287e-03
9.640361084927155932e-01,3.020903046714345716e-02,2.632785650355936539e-03,9.120091238697056190e-05,3.030874477398085281e-03
9.827707363533432217e-01,1.457296137741780420e-02,1.180473085985843038e-03,4.217929862742089123e-05,1.433649884625585189e-03
9.823418744355754129e-01,1.544543736943339469e-02,1.059604232750377580e-03,3.469817184075326853e-05,1.118385790399949436e-03
9.802866877107875299e-01,1.703886451850202335e-02,1.061657711895081652e-03,3.981065471508793050e-05,1.572979404100396548e-03
9.910292382643370868e-01,7.624793197123579114e-03,5.408273850095729604e-04,2.096672004949375639e-05,7.841744334803384337e-04
9.883511150487264141e-01,9.956959507438559523e-03,7.562292678547454091e-04,2.970489893485119752e-05,9.059912770453882377e-04
9.916073483084781870e-01,7.030468171334936477e-03,5.744870797272501285e-04,1.926043040142869854e-05,7.684360100581580279e-04
9.917869350432053643e-01,7.056523825645840201e-03,4.035464759133586504e-04,1.524590381690191759e-05,7.377487514186458232e-04
9.719465573443990536e-01,2.422151870735386042e-02,2.020120190980372824e-03,5.394150090836226461e-05,1.757862256358246706e-03
9.825150642266378131e-01,1.486874556682760314e-02,1.738503898241705592e-03,4.893687544960496026e-05,8.287494328432469656e-04
9.891275265392862615e-01,9.490637749766307751e-03,8.475291832742829802e-04,2.000977571493263413e-05,5.142967519582125179e-04
9.851773578869087444e-01,1.330961643508555246e-02,9.494303379209259640e-04,1.925115111562986241e-05,5.443441889690918845e-04
9.847174630996540223e-01,1.359746413802758597e-02,1.042773455616636744e-03,2.044641296150036727e-05,6.218528937401887309e-04
9.116074172595399761e-01,8.078755847243164478e-02,5.739527025297300189e-03,5.647845441148659890e-05,1.809018788319500300e-03
9.099153483031761080e-01,7.982288666865500204e-02,8.456992689677752389e-03,6.380914736448525056e-05,1.740963191126688363e-03
9.601214725621849411e-01,3.519410441620950819e-02,3.825714519040332873e-03,4.362430005167237934e-05,8.150842025135466131e-04
9.840343104030957466e-01,1.392307970112658180e-02,1.628976510802251920e-03,2.869152486201067203e-05,3.849418601133081314e-04
9.832838511464846443e-01,1.462014533038067526e-02,1.689726503205299596e-03,3.448620888382588040e-05,3.717908110454177183e-04
9.861254111280942647e-01,1.230571973857549212e-02,1.216645316346230818e-03,2.586259795897417253e-05,3.263612190250362276e-04
9.718873753473821209e-01,2.554323218252402619e-02,2.077465074903439048e-03,3.007158036219121421e-05,4.618558148282631329e-04
9.583327076440956160e-01,3.761742774780658244e-02,3.434291066979383317e-03,3.652632884274694650e-05,5.790472122757027267e-04
9.229396584307952844e-01,6.922917142633751297e-02,7.043349522456120865e-03,5.728834059952717003e-05,7.305322798115565118e-04
9.380211436821486171e-01,5.475946565891625512e-02,6.348640814151016581e-03,6.531201126645283224e-05,8.054378335176829275e-04
9.728464783243200298e-01,2.381259692398057098e-02,2.781679005812786459e-03,4.172422942155473388e-05,5.175215164652384762e-04
9.875489641969723564e-01,1.099101508752287591e-02,1.156927951518867473e-03,2.207683440641326376e-05,2.810159295795617825e-04
9.873970873150734739e-01,1.152542973858232574e-02,7.476127584791714348e-04,1.528577837306310696e-05,3.145844094919801148e-04
9.903077405321938365e-01,8.832484928061910129e-03,4.941239292868262675e-04,1.157984974399865629e-05,3.540707607133653499e-04
9.797402731151272359e-01,1.850559271104129655e-02,1.106508892785863655e-03,1.834994826484631129e-05,6.292753327808276289e-04
9.601277232085086988e-01,3.649680544977831204e-02,2.384071532845591194e-03,2.713787738707322013e-05,9.642619314801077843e-04
9.774273552205001714e-01,2.051450684924716744e-02,1.474049330079641850e-03,1.700370623540461599e-05,5.670848939375614873e-04
9.725656502181194707e-01,2.478456290082694038e-02,1.351387056707451352e-03,1.576885552813263980e-05,1.282630968818194821e-03
7.449050548186016973e-01,2.217209360529585060e-01,1.240220631598239892e-02,7.782922188371214467e-05,2.089397359057370770e-02
8.777403437014362764e-01,9.957522835615090218e-02,7.516289922511791566e-03,6.878725618406520358e-05,1.509935076371704717e-02
9.276199084215235313e-01,5.945761996032674496e-02,4.780370092852877228e-03,4.479835430789823347e-05,8.097303170989039039e-03
8.888742466659860231e-01,9.555259130635845866e-02,7.049890084867786039e-03,5.406384268458981282e-05,8.469208100102969955e-03
9.407343006996907731e-01,5.004570922008336892e-02,2.972969585556904399e-03,2.513251904705134766e-05,6.221887975621958819e-03
9.688335764887129331e-01,2.584983424390428774e-02,1.139302582871492848e-03,1.584399391513079491e-05,4.161442690596151885e-03
9.548613312022319333e-01,3.829910485944593851e-02,1.437900731370548527e-03,1.583052886654224401e-05,5.385832678084943349e-03
9.935321062282969073e-01,5.567528135331333353e-03,2.765572777904748425e-04,4.848390672739835074e-06,6.189599679086168430e-04
9.933692738634617436e-01,5.834203488810659963e-03,2.882374156181877591e-04,6.102388663761050917e-06,5.021828434455409464e-04
9.758182337550299623e-01,2.217841911503927455e-02,9.310606562969756883e-04,1.241551969765747095e-05,1.059870953936122451e-03
9.761780917163017657e-01,2.130469613698075457e-02,1.394147879168876249e-03,1.399747446291328715e-05,1.109066793085838670e-03
9.904186062200380780e-01,8.110129525065521219e-03,1.160473989520498933e-03,1.762236705711664689e-05,2.931678983187668603e-04
9.923026545571612678e-01,6.780519866012245031e-03,7.128609320317304959e-04,1.469863382951829011e-05,1.892660109652050896e-04
9.904114674418902364e-01,8.617923495309865595e-03,7.638343340164020128e-04,1.639147169426128650e-05,1.903832570894307681e-04
9.708492120524112590e-01,2.710473178441884234e-02,1.591183940949595071e-03,2.713505861080665830e-05,4.277371636093205642e-04
9.743863129157566139e-01,2.334992084083856861e-02,1.819115694162529162e-03,2.547233983545869949e-05,4.191782094068930071e-04
9.823902810415652276e-01,1.595386623735613879e-02,1.380631925455137656e-03,2.308474816147508207e-05,2.521360474619519301e-04
9.933586544918128203e-01,5.832292303032588811e-03,6.724154033895973250e-04,1.521038055394646547e-05,1.214274212109722712e-04
9.866334856700624822e-01,1.215781652396597141e-02,9.954275110366727318e-04,1.800364586629888916e-05,1.952666490688011853e-04
9.935782953870825329e-01,5.876565390240028053e-03,3.372571896052308079e-04,7.760740330368812176e-06,2.001212927418449426e-04
9.968645326168446008e-01,2.830740462048497979e-03,1.791392482619260794e-04,5.293461545551510736e-06,1.202942112994299223e-04
9.940796885620799550e-01,5.435438276932292971e-03,3.195020992054166593e-04,8.085721512990898572e-06,1.572853402692921088e-04
9.945023022079999553e-01,5.011841433279194159e-03,3.129767757791035204e-04,7.832041679459099303e-06,1.650475412623691606e-04
9.946984449458152744e-01,4.783432747633748101e-03,3.761349088501827489e-04,1.101598809866088633e-05,1.309714096019694654e-04
9.909150114195280912e-01,8.307840211475285563e-03,5.935758261189321002e-04,1.355789525066897789e-05,1.700146476270563008e-04
9.667059003008642293e-01,3.079622212891040128e-02,2.149923715964128026e-03,2.998984954526647152e-05,3.179640047159835244e-04
9.384233511113924120e-01,5.787649099730751701e-02,3.140607323736444023e-03,2.929195274680608185e-05,5.302586148170075576e-04
9.022109581878560158e-01,9.049493924353239904e-02,6.488623143043869071e-03,4.863145975189504485e-05,7.568479658156360710e-04
9.648705775019039699e-01,3.216683733014820412e-02,2.503326505850750772e-03,2.607220457301014701e-05,4.331864575240518571e-04
8.978251858362414906e-01,9.503575926012787500e-02,6.207585424211372466e-03,3.947709386147711148e-05,8.919923855576660692e-04
8.881582299498164135e-01,1.015018386880647550e-01,9.452022669772030400e-03,5.736650752438963362e-05,8.305421848223334133e-04
7.219526309634034522e-01,2.531275881139790629e-01,2.322242327664759617e-02,9.918253064417869018e-05,1.598175115325664673e-03
7.607764864810213634e-01,2.160721178296149125e-01,2.155329132254116958e-02,8.589435904605055550e-05,1.512210007776531315e-03
4.775434178842315469e-01,4.563771558505353987e-01,6.456062689719155312e-02,1.239412704978425474e-04,1.394858097543608946e-03
4.583324624488255283e-01,4.797020658107049584e-01,5.993047423488215286e-02,1.153531060788190736e-04,1.919644399508553707e-03
9.176943926034180077e-01,7.257350115886126996e-02,8.813640381877896682e-03,3.968837534329229180e-05,8.787774804994752430e-04
9.773011372306605882e-01,2.061542233753809600e-02,1.622099618683810239e-03,1.601851951359669403e-05,4.453222936039394494e-04
7.085034270656601629e-01,2.645816504673198510e-01,2.485508932192235371e-02,9.120282203620449937e-05,1.968630323061443775e-03
4.655396718354071761e-01,4.633532449328501279e-01,6.650921149159462475e-02,1.467007982902491050e-04,4.451170941857898918e-03
7.983496058208044976e-01,1.738592607720576555e-01,2.530832651096271910e-02,8.621838917798589240e-05,2.396588506997187132e-03
5.032493060618149494e-01,4.383546094909644419e-01,5.446825432659077593e-02,1.223785415244200861e-04,3.805451579105381330e-03
3.037011677433339996e-01,5.666321831819157717e-01,1.246380113648120347e-01,2.093939866581148756e-04,4.819243723280125860e-03
3.713377083392555011e-01,5.018037527772492012e-01,1.209402779735553046e-01,2.623298338294241831e-04,5.655931076110654564e-03
5.146443304935603980e-01,3.816815197517036684e-01,9.991662531222397781e-02,2.085866946751706297e-04,3.548937747836892944e-03
5.087614503587909454e-01,3.809728420482019762e-01,1.078773164676348761e-01,2.079396646548335606e-04,2.180451460717327053e-03
7.696000863731662367e-01,1.823462427419218490e-01,4.614507834442763134e-02,1.536768189575526760e-04,1.754915721526880031e-03
9.058785539743340331e-01,7.323940074592943938e-02,1.952005156875972688e-02,1.029282559904383615e-04,1.259065454986347393e-03
6.289406170382503269e-01,2.029648909587000172e-01,1.580138360158407640e-01,1.142820114784188351e-03,8.937835872424779865e-03
9.095259544779840111e-01,3.378161840070047217e-02,4.858004453604956863e-02,1.214930851660223163e-03,6.897451733605674228e-03
9.191835581312185477e-01,2.364375437855326459e-02,2.010851624184318773e-02,5.245502932797010184e-04,3.653962095510526059e-02
9.596691716173912923e-01,9.200896981340354538e-03,7.568466628880414146e-03,2.665145821871233020e-04,2.329495019020071112e-02
9.841776087075937429e-01,5.937932763948640391e-03,5.726778338550536640e-03,2.188024781398369785e-04,3.938877711767227105e-03
9.930442337685105869e-01,1.956003261406578670e-03,1.576326083369464833e-03,8.769026573384303385e-05,3.335746620979449396e-03
9.961099206368735359e-01,5.647296462802978666e-04,4.024568760755501957e-04,3.393097717656036677e-05,2.888961863594251885e-03
9.928111559948888942e-01,2.541834342229308021e-03,1.135533381560763222e-03,5.064096089120120490e-05,3.460835320429747619e-03
9.721775515515490573e-01,5.456326245367428690e-03,4.252162685343668404e-03,2.287047296256703040e-04,1.788525478811398006e-02
9.503004647506521074e-01,1.224920420038956917e-02,8.780586507965556717e-03,3.473312378360105283e-04,2.832241330315679595e-02
9.013536112895648156e-01,1.506143571523817573e-02,1.114906293203142551e-02,4.725551148822438458e-04,7.196333494828331678e-02
9.556538826159428623e-01,9.991011045431243132e-03,3.473003450716295563e-03,1.282787727477118010e-04,3.075382411516180969e-02
9.812666647713735868e-01,4.684829781692498654e-03,2.735382470397331508e-03,1.685508896475900571e-04,1.114457208688904993e-02
9.912563580315341127e-01,2.619641603563728754e-03,9.865085264771698923e-04,6.544256631049123253e-05,5.072049272114670555e-03
9.914314832549304679e-01,2.255524438543984184e-03,7.424315007040318323e-04,6.099569061606977194e-05,5.509565115205533603e-03
9.882491636863753870e-01,2.619218051353145674e-03,1.005551990649619122e-03,9.021210142329658306e-05,8.035854170198464957e-03
9.888720216331414736e-01,3.913872152284865805e-03,2.309161864252395890e-03,1.727684740510541993e-04,4.732175876270372158e-03
9.718163589616565234e-01,9.096304991767925965e-03,4.668177742444285655e-03,2.015834488002514631e-04,1.421757485533110300e-02
9.294130437933523226e-01,3.366899152722351712e-02,1.720212404052515187e-02,4.152985166189213963e-04,1.930054212228022800e-02
9.428218211039564034e-01,7.932438683498058488e-03,2.857314792604110070e-03,9.709623962902856804e-05,4.629132918031250016e-02
8.637017295150195562e-01,4.408141996661932641e-03,1.468724472227228269e-03,8.392729336597205651e-05,1.303374767227253039e-01
9.211667166423702646e-01,2.386455359652850904e-03,6.503247448665262906e-04,3.443146209064464806e-05,7.576207179101973610e-02
7.431719978722978182e-01,3.447913197749043635e-03,8.280766259614554849e-04,4.684748672829339877e-05,2.525051648172633723e-01
4.334040961296593553e-01,4.092919222484722036e-03,8.253384965528947270e-04,3.770763809205445843e-05,5.616399385132109234e-01
2.882299387580150030e-01,1.400290943813628508e-02,1.962863653939004097e-03,4.132443247377625892e-05,6.957629637174357340e-01
2.256899819460559120e-01,4.067181432122059064e-03,1.266428556105828919e-03,2.193019778331711708e-05,7.689544778679329173e-01
1.090069335870200301e-01,2.724068151722787781e-02,5.714189109065694570e-03,3.526876894473861376e-05,8.580029270177416123e-01
8.312259508035925448e-02,2.273079484053231597e-02,4.237361805263898350e-03,1.939990115553218616e-05,8.898898483726889186e-01
9.153064113301613569e-02,7.579414954799594019e-03,2.269240534788099714e-03,1.864871878309799146e-05,8.986020546586130919e-01
1.778449825280475072e-01,5.290323152792369456e-03,1.339513288002008385e-03,2.093736302801227329e-05,8.155042436681301243e-01
4.206197949191602947e-01,3.027595734555603955e-03,5.817929851485634501e-04,1.716102654091718318e-05,5.757536553345946606e-01
3.695223793816962976e-01,7.412840587891619468e-03,1.153039953860057363e-03,2.926668521777655953e-05,6.218824733913342895e-01
2.649740085849214832e-01,1.206190951975152567e-02,1.549908883194849518e-03,2.571508307047129196e-05,7.213884579290615884e-01
2.701239356729602803e-01,2.095718943757274300e-02,5.412175959948441022e-03,4.680635526018532951e-05,7.034598925742582276e-01
2.291924433222726487e-01,1.107001751686007007e-02,9.081863317330027621e-03,8.250885418835782637e-05,7.505731669893489499e-01
1.351951482100739732e-01,2.497350792740910680e-02,2.238715724411121516e-02,1.285865820818708543e-04,8.173156000363237528e-01
1.052732932027815593e-01,1.869174596681850292e-02,2.011455284800951065e-02,1.512367053732375892e-04,8.557691712770172376e-01
1.076201293030607381e-01,5.149325223988081290e-02,6.607161009524864514e-02,2.616325333973044389e-04,7.745533758284124382e-01
4.893990884969254274e-02,2.338311236543135635e-02,1.869336702274813217e-02,1.166635740645443860e-04,9.088669481880633505e-01
6.207946119213268027e-02,5.423044792911044937e-02,4.652283210168361299e-02,1.680105182638732902e-04,8.369992482588093363e-01
1.098142218979306778e-01,8.314302655705554934e-03,1.038157898119430878e-02,8.108524125957511657e-05,8.714088112239100070e-01
8.452380545999092776e-02,7.267442485947512958e-03,7.552896222297581300e-03,5.766038773870478437e-05,9.005981954440251958e-01
9.527942963941228582e-02,3.632319815333543908e-03,5.407090736968103543e-03,5.888834300681789787e-05,8.956222714652793959e-01
4.164971946611181752e-02,2.599055928461452974e-03,2.527332004875196356e-03,3.283304730887628758e-05,9.531910595532427921e-01
2.936028285324901801e-02,3.746840518442896666e-03,2.904046346708139166e-03,3.074081387336835124e-05,9.639580894677266532e-01
3.846973171231225785e-02,2.625687798052233051e-03,1.732364019387287474e-03,1.917850481920070537e-05,9.571530379654288323e-01
8.634772863783708730e-02,7.627091804555885361e-03,7.465961045151797357e-03,7.088089141462635768e-05,8.984883376210405226e-01
7.989973360183999507e-02,2.341302236744170068e-02,1.205031232979718835e-02,8.967647697511141216e-05,8.845472552239458386e-01
1.006483091737087332e-01,2.938887789162430639e-02,2.050027408939931670e-02,9.407298217723814374e-05,8.493684658630904494e-01
6.469264731609188079e-02,5.229702278557222389e-02,7.438077509425915224e-02,2.315943799743307055e-04,8.083979604241022798e-01
4.259531201147545576e-02,1.118707855411110903e-02,1.614212753386523938e-02,7.935147219468094556e-05,9.299961304283536068e-01
2.938229516831374760e-02,5.771890329901154144e-03,5.869239505533459765e-03,3.983573049524642625e-05,9.589367392657563993e-01
8.021299808904940043e-02,8.036620012755768191e-03,5.109211472458603277e-03,6.148430582503679979e-05,9.065796861199113543e-01
8.121647682668599322e-02,2.419002969100395722e-02,2.328437844084767228e-02,2.254122397666021103e-04,8.710837028016960026e-01
4.362489346584500632e-02,1.704978790278940254e-02,2.445175616417341949e-02,1.398645245188402143e-04,9.147336979426732295e-01
1.796930615868283856e-02,3.625101194148077320e-03,2.934337917828363194e-03,1.763578390828394774e-05,9.754536189454324768e-01
2.841992996290379145e-02,6.608551493839411040e-03,2.875164692460362419e-03,2.243315095149535276e-05,9.620739206998450976e-01
3.937418365660038527e-02,9.841585728568046088e-03,6.255205643438177532e-03,3.576500186954275636e-05,9.444932599695238240e-01
5.779720505416838933e-02,5.925889429521026541e-03,3.893813427640421647e-03,2.996953859589964416e-05,9.323531225500742980e-01
5.179624664165641962e-02,5.508667591110291868e-03,3.757010643255102693e-03,2.766864093169890554e-05,9.389104064830463559e-01
2.230685244640245521e-02,3.486680188672815466e-03,1.961285497913468814e-03,1.575851237533640726e-05,9.722294233546361353e-01
1.290397221033981814e-02,7.159878787767407458e-03,2.987935625239492715e-03,1.764049900796423289e-05,9.769305728776451758e-01
5.847946895362225034e-03,3.160795388168392058e-03,1.102893293798675465e-03,6.182021349608985032e-06,9.898821824013211979e-01
4.331152788170862349e-03,1.763388035959307428e-03,6.994655784899903115e-04,4.898792743203331151e-06,9.932010948046364751e-01
5.342227374991478581e-03,8.538531380308245211e-04,4.555383094442468799e-04,4.094311769538763503e-06,9.933442868657638147e-01
6.444676698811420933e-03,1.008635489223509490e-03,4.536599230534614936e-04,4.752070484266902487e-06,9.920882758184274008e-01
7.600678691287035028e-03,1.945281736552888436e-03,6.745948222586183301e-04,5.004887133493217916e-06,9.897744398627680296e-01
1.325831798694156356e-02,2.868822633459043505e-03,1.103913530704948723e-03,8.699838188899717707e-06,9.827602460107055515e-01
1.852183893588109712e-02,2.646071891471602974e-03,9.873053105395753447e-04,8.330902005251860702e-06,9.778364529601024646e-01
1.794037315849465047e-02,2.514716657961863985e-03,9.946529597828421276e-04,9.489431413002689822e-06,9.785407677923476655e-01
1.312972154039441543e-02,1.925901567767659322e-03,1.040252890989457968e-03,1.209255414651387833e-05,9.838920314467018979e-01
6.445349443804715590e-03,2.137438581677914354e-03,8.785293780295711516e-04,7.334466019210185630e-06,9.905313481304683920e-01
5.427138970669157653e-03,3.321924562362183267e-03,1.754024126988203884e-03,1.009217440127945344e-05,9.894868201655789841e-01
1.258832857255976455e-02,6.759602004576548313e-03,2.986292335360905912e-03,1.639586700420703620e-05,9.776493812204986034e-01
1.928546386019686651e-03,1.249195870930972993e-03,5.972661380460499029e-04,3.289642800209205763e-06,9.962217019622029435e-01
3.662002844453183734e-03,1.005790717639251305e-03,5.448949847941638369e-04,3.901318041805263990e-06,9.947834101350715441e-01
3.071195918147227866e-02,5.597731956018208929e-03,2.230153629779229978e-03,1.671586551687216375e-05,9.614434393672134371e-01
2.660850536719885223e-02,3.764222720620741258e-03,2.687203071577402413e-03,1.661672119394330818e-05,9.669234521194089993e-01
1.331215283856234527e-02,1.501327205433809720e-03,1.059075351872338809e-03,1.046428380204044860e-05,9.841169803203293487e-01
8.848791361056141530e-03,1.043004180118970239e-03,5.561547572955602469e-04,6.302373217353018494e-06,9.895457473283120198e-01
7.183227310139138691e-03,1.379631782338735548e-03,5.501922016801226011e-04,5.740973255919837796e-06,9.908812077325860335e-01
2.085441706747324583e-02,5.409914046784000327e-03,1.841116326548231444e-03,1.345502283590603542e-05,9.718810975363587623e-01
4.558848356433946487e-03,2.463929259494342799e-03,8.013705153942180057e-04,5.025295056305703342e-06,9.921708265736212118e-01
5.145095194283546419e-03,4.666995195121119953e-03,1.574933477178594530e-03,8.299136740116835230e-06,9.886046769966766457e-01
9.252673071688873041e-03,1.021013449936193813e-02,3.732954329598532628e-03,1.508238374690561959e-05,9.767891557156036519e-01
1.092704194509979722e-02,2.434010398190134331e-02,1.165874850072785331e-02,3.080736572228676975e-05,9.530432982065486502e-01
1.407962609777367244e-02,2.516376065478409529e-02,2.096333071722200278e-02,6.818656462509179914e-05,9.397250959655951696e-01
1.081861637835611345e-02,1.109479397628996764e-02,5.099669588674136597e-03,2.788936882748707598e-05,9.729590306878522776e-01
8.929547466328223784e-03,3.147545274003997733e-03,1.437001347435469751e-03,1.069496449512037666e-05,9.864752109477372688e-01
2.981403179150846766e-02,2.237625682368805588e-03,1.660868705612247040e-03,1.849079620754687196e-05,9.662689830243030853e-01
1.244516056614550226e-02,1.619036809619867155e-03,9.688702068009002284e-04,8.919128910250721670e-06,9.849580132885233930e-01
2.456183871199188462e-02,1.694856917547636621e-03,7.654146228400260420e-04,1.073082143517581923e-05,9.729671589261854603e-01
9.080960031958682996e-03,9.374276181663770361e-04,8.852811262228547830e-04,8.787584427312341589e-06,9.890875436392247977e-01
7.788527075061904559e-03,3.639952751566698751e-03,2.723601101383173531e-03,1.818285591036468787e-05,9.858297362160779453e-01
1.151845054340141367e-02,6.690817138172790862e-03,7.656068464926247055e-03,4.294517893856679349e-05,9.740917186745607914e-01
8.388385426917280979e-03,1.988870794180064381e-03,2.259180891755704391e-03,1.760182244661300375e-05,9.873459610647002949e-01
7.920995694968742395e-03,2.988690001901106452e-03,2.203296616758860117e-03,1.880717318046707580e-05,9.868682105131908466e-01
2.560363754666574246e-02,2.485349143863596795e-03,1.235315736588126498e-03,1.480816141340636114e-05,9.706608894114692188e-01
1.144477241224652192e-01,2.375942964130095016e-03,1.037547467851552630e-03,1.883781954572700027e-05,8.821199476260072059e-01
1.101714789833070918e-01,5.105560139546474509e-03,1.967348250732552616e-03,3.298530234401972399e-05,8.827226273240698085e-01
5.136729253745450641e-02,2.539537504916102723e-02,1.048386332189335697e-02,6.898033915378371818e-05,9.126844887523375416e-01
