9.282296771366084220e-01,4.284518316768492346e-02,1.862383714633253362e-02,1.766433397536651580e-03,8.534869151837331386e-03
9.704851958434319581e-01,2.314324181540609524e-02,4.918470240754873810e-03,2.087086285256764323e-04,1.244383471881477634e-03
9.861901995004416221e-01,1.154809308134849624e-02,1.868988991861867625e-03,5.677388699195603280e-05,3.359445393560235148e-04
9.904906096528954818e-01,8.381287526483847256e-03,9.334552060785655889e-04,2.711053274071209939e-05,1.675370818014088460e-04
9.864685908140782278e-01,1.209215219190228237e-02,1.272214128463511774e-03,3.086216856924539192e-05,1.361806969868144962e-04
9.897195468277322217e-01,9.109039270904936703e-03,1.047641312429302245e-03,2.321692426817252193e-05,1.005556646654278823e-04
9.825600583926002995e-01,1.516153251879342502e-02,2.125860852793729112e-03,2.947237236627449458e-05,1.230758634463055535e-04
9.883433574134217192e-01,1.028288560151028631e-02,1.257121213208748116e-03,1.459190950537318839e-05,1.020438623537792854e-04
9.725001542371785046e-01,2.453067977227909105e-02,2.803449531366646388e-03,2.816594147367178095e-05,1.375505177021145854e-04
9.623194314625885815e-01,3.324251094469225787e-02,4.228331224222316165e-03,3.082073962285367146e-05,1.789056288737960376e-04
9.627652114870632882e-01,3.208413428871356721e-02,4.922584126823648619e-03,3.925933084563234854e-05,1.888107665538377156e-04
9.825048778945362216e-01,1.472494980568776063e-02,2.619531549520054924e-03,2.458004626247947192e-05,1.260607039934675210e-04
9.538157306804102564e-01,3.987095606677475840e-02,6.069824800749439551e-03,5.162477837071359905e-05,1.918636736947804794e-04
9.686481775917865633e-01,2.610102156252149322e-02,5.041628949598489506e-03,4.809291286524872394e-05,1.610789832282827187e-04
9.887497927296909905e-01,9.626791662532900931e-03,1.510526445355749340e-03,1.499221559719706724e-05,9.789694682334687060e-05
9.795272547548065090e-01,1.829920622340460920e-02,1.972571145248758120e-03,1.775911161846985885e-05,1.832087649216688910e-04
9.243240469768778667e-01,6.812710488901276007e-02,7.141803707333185466e-03,3.932277869692793693e-05,3.677216480793023528e-04
9.684505514509023083e-01,2.787190118792949242e-02,3.414327712794974941e-03,2.140333850786455271e-05,2.418163098654195953e-04
9.549510304614287071e-01,4.125872916668196777e-02,3.442117271136843192e-03,2.076884029190587277e-05,3.273542604604259831e-04
9.255366136856022496e-01,6.652447236205770442e-02,7.435730615766042093e-03,3.985754157165110587e-05,4.633257950023842906e-04
9.522085920994104447e-01,4.196152183511058648e-02,5.453919274262860467e-03,3.017831192903999260e-05,3.457884792869939669e-04
9.723496161403357707e-01,2.408411822693789714e-02,3.301151537022245681e-03,2.012971312173568729e-05,2.449843825823363195e-04
9.306100304599874695e-01,6.112334018495269722e-02,7.797805961026434314e-03,3.616252965287438553e-05,4.326608643804171991e-04
9.523033285466701026e-01,4.093653011511288325e-02,6.382851168365688728e-03,3.346008367403849754e-05,3.438300861773206977e-04
9.478303762311059977e-01,4.411163724493525479e-02,7.725730410764454666e-03,4.952649943609874639e-05,2.827296137583196222e-04
9.443708342998113903e-01,4.641692505748436920e-02,8.834604305398174873e-03,5.596847153113824905e-05,3.216678657748280588e-04
9.555908016988772236e-01,3.773412886263957655e-02,6.352461091897526266e-03,4.970573733315395055e-05,2.729026092523378672e-04
9.744043836186235819e-01,2.143724644921702824e-02,3.954440493319153795e-03,3.982225944232381130e-05,1.641071793977753684e-04
9.286666002613376270e-01,5.913586746738106609e-02,1.183849441487372194e-02,8.424645288332476088e-05,2.747914035242651418e-04
9.114770514830559112e-01,7.133172322352077099e-02,1.678943273387404136e-02,1.006707042324674902e-04,3.011218553168349961e-04
9.425506969278972802e-01,4.387656720996902654e-02,1.326702590842283869e-02,8.977086654236167255e-05,2.159390871682751280e-04
9.431380300463805266e-01,4.439271111712090462e-02,1.217591688659150004e-02,8.582631107568479802e-05,2.075156388313903152e-04
9.432857336042883567e-01,4.259296518603989529e-02,1.381478413599642949e-02,1.028951036648747495e-04,2.036219700104633583e-04
9.430547143265953780e-01,4.296579875815492028e-02,1.363253975156468630e-02,1.284978189632577370e-04,2.184493447218478367e-04
9.502176551308479935e-01,3.692865574483888969e-02,1.256510810877869110e-02,1.069960186246716327e-04,1.815849969097214011e-04
9.029173727537234129e-01,7.182284242861612655e-02,2.481255384126029861e-02,1.693320893533408183e-04,2.778988870468917247e-04
8.935112725459600780e-01,7.844224391641528571e-02,2.757486081766880037e-02,1.403034068250418769e-04,3.313193131307272973e-04
9.200642050048325471e-01,6.065303716143068818e-02,1.885579552118877081e-02,1.015264927990030782e-04,3.254358197489687961e-04
9.412087141695741899e-01,4.383444069585699238e-02,1.459540370221494576e-02,9.641519997713493995e-05,2.650262323766096198e-04
9.576518325091556427e-01,3.160338510362108166e-02,1.045866316906425564e-02,7.989324640722741532e-05,2.062259717518407905e-04
9.161112850570126698e-01,5.931089870254661195e-02,2.419683071420805978e-02,1.398250745203598777e-04,2.411604517123278090e-04
8.916487719027813563e-01,7.804770771636079796e-02,2.981079513940785089e-02,1.543184288404382261e-04,3.384068126095166485e-04
8.557484310789806869e-01,1.116846439219538883e-01,3.199349984148518872e-02,1.483334269378721042e-04,4.250917306423929415e-04
7.927563626408350439e-01,1.509196651244753828e-01,5.573964632543310094e-02,2.123251528175002423e-04,3.720007564390102146e-04
8.578320080536986358e-01,1.021337570090515151e-01,3.952194451135528086e-02,1.924775032929627872e-04,3.198129226016033981e-04
8.278909947582624440e-01,1.181616389153406638e-01,5.336552760385821631e-02,2.705960995408005247e-04,3.112426229978783689e-04
7.584426606804589577e-01,1.573969213075104012e-01,8.346503622593970384e-02,3.152128889934897068e-04,3.801688970973976251e-04
7.674647693161553708e-01,1.587685638619214246e-01,7.307000381137036815e-02,3.036915176019562806e-04,3.929714929507329563e-04
8.454578712599057910e-01,1.014546257505510446e-01,5.248058041232817744e-02,2.807449494718640133e-04,3.261776277431167968e-04
8.545209009182264115e-01,9.834273748048065478e-02,4.664988652662497431e-02,2.281192936057800853e-04,2.583557810620276522e-04
9.357929961895812276e-01,4.500370304053716297e-02,1.888663234160697577e-02,1.132818075171189025e-04,2.033866207575396167e-04
9.143018744680123655e-01,6.144839591123914951e-02,2.392050311957903685e-02,1.162824294662221291e-04,2.129440717030688427e-04
9.121204956181956369e-01,5.928190629907163778e-02,2.823653133889628131e-02,1.438714528487526156e-04,2.171952909877933736e-04
7.566059378605750618e-01,1.797152594713155027e-01,6.302631169890916818e-02,2.163685334472517706e-04,4.361224357529072779e-04
8.111532959186626979e-01,1.374228310998802383e-01,5.076598929922106901e-02,1.653786828551103078e-04,4.925049993808721651e-04
7.580258980493508325e-01,1.594882013954657951e-01,8.177948235694472434e-02,2.717099570422761273e-04,4.347082411964047128e-04
7.746071758043360234e-01,1.279275189002442303e-01,9.680133939508843433e-02,3.053593444240613759e-04,3.586065559072582976e-04
7.248897517261230217e-01,1.447368888409492349e-01,1.296341480867706786e-01,3.385697097731825466e-04,4.006416363838872933e-04
7.780960105534709959e-01,1.199396818763951017e-01,1.012278900094702450e-01,3.606474246681701137e-04,3.757701359955794781e-04
7.725147804679938224e-01,1.346264636714255836e-01,9.212656767690045878e-02,3.429672551478447039e-04,3.892209285324282637e-04
7.929382337461223784e-01,1.259237670445861046e-01,8.044751788133959469e-02,3.174961198789145317e-04,3.729852080729784917e-04
7.720236198143198836e-01,1.533197047027012316e-01,7.397750338290763616e-02,2.353842211201200116e-04,4.437878789513037873e-04
6.685597285909780085e-01,2.503654936883407678e-01,8.011971921838940969e-02,2.107792324591495543e-04,7.442792698327758407e-04
7.399722839647220329e-01,1.957773170741082536e-01,6.333500534815759975e-02,1.875453964280365642e-04,7.278482165843133244e-04
5.985618769630419722e-01,3.198445686219185680e-01,8.055055424667537101e-02,2.227494140703143366e-04,8.202507542937008660e-04
7.312905309228582285e-01,2.003525810851131961e-01,6.745149708661626886e-02,2.624656143640828566e-04,6.429252910483025663e-04
7.273340241275673135e-01,1.927387754572354728e-01,7.903354177309206141e-02,2.980901758710060591e-04,5.955684662341944680e-04
6.559456850000338068e-01,2.289760063057377504e-01,1.140236856777804564e-01,3.166212385529660125e-04,7.380017778949563055e-04
7.752520016912947121e-01,1.393477149264187587e-01,8.458672062283753568e-02,2.274108213350556514e-04,5.861519381138324174e-04
8.218861902850015388e-01,1.057064697522948904e-01,7.170867555293937434e-02,2.367582076994932639e-04,4.619062020645672189e-04
7.366408944847812057e-01,1.459605904308237112e-01,1.166627256166685445e-01,2.596538384841313453e-04,4.761356292425065508e-04
7.273223181051913233e-01,1.640732077419774504e-01,1.078156119526165052e-01,2.952041576360061649e-04,4.936580425786476481e-04
7.209488163530526350e-01,1.691623989559041807e-01,1.090378362707642435e-01,2.876243071280762224e-04,5.633241131507607091e-04
7.512644933636242195e-01,1.461142193646338960e-01,1.017722284003411554e-01,3.669603671596700684e-04,4.820985042410607215e-04
7.739035107061749130e-01,1.339297529685034571e-01,9.133978101544712458e-02,3.915678100818652490e-04,4.353874997925728579e-04
6.877791631345429035e-01,1.810482341855015054e-01,1.302125426912518757e-01,4.605839490633859088e-04,4.994760396403246597e-04
8.384112978179374398e-01,9.931284398881670694e-02,6.160192867963627805e-02,2.724275844837369077e-04,4.015019291259922527e-04
9.526628376073196236e-01,3.404779679808291742e-02,1.288259248564365030e-02,1.003264427706337437e-04,3.064466661832544346e-04
9.799397310716643217e-01,1.568212177479170674e-02,4.134186555686434998e-03,5.910043855332172301e-05,1.848601593043294549e-04
9.932856232045955691e-01,4.957370927387696156e-03,1.647338504336218982e-03,3.726059108935361644e-05,7.240677259104231394e-05
9.960679768944727952e-01,3.117490928450141526e-03,7.460981385455583243e-04,2.253032402034937608e-05,4.590371451117151275e-05
9.945641207684050578e-01,4.446762061287131557e-03,8.974999724938328115e-04,3.321619156347278216e-05,5.840100625045260781e-05
9.646615261379837269e-01,2.827174325503624755e-02,6.752935117854785667e-03,1.253383412003813014e-04,1.884571479247864354e-04
9.666443441087322341e-01,2.745691190009270921e-02,5.633782932546202958e-03,9.198624266651624526e-05,1.729748159622722511e-04
9.950748007872149969e-01,3.973740904491974285e-03,8.854003535360290651e-04,2.376761445239181753e-05,4.229034030460864684e-05
9.919518954238956132e-01,6.792761291270930576e-03,1.150913699876499356e-03,2.916603582188743998e-05,7.526354913506341771e-05
9.943849057469500430e-01,4.796824828316967847e-03,7.352950429727892400e-04,2.018222962866810145e-05,6.279215213148341362e-05
9.968250252901380559e-01,2.651464766784599435e-03,4.643842074502802387e-04,2.156944301339352025e-05,3.755629261375000711e-05
9.972275703688517901e-01,2.254400413786503479e-03,4.661099911214669402e-04,1.724395939899734729e-05,3.467526684093528262e-05
9.909050289455074711e-01,7.549422195313465131e-03,1.431319649999822970e-03,4.362074968936475181e-05,7.060845948989648855e-05
9.874175810026076805e-01,9.564209339556319425e-03,2.892331868490793760e-03,6.703087914016729479e-05,5.884691020491965329e-05
9.833878805570711590e-01,1.061197361242263368e-02,5.775001930726002437e-03,1.709658069167189359e-04,5.417809286341789194e-05
9.945526338899324248e-01,3.870493648247004710e-03,1.450582377806767381e-03,8.706669133848234793e-05,3.922339267525570844e-05
9.974030179501413018e-01,2.124934585957293735e-03,4.102949125729780260e-04,2.597354057239710409e-05,3.577901075605203200e-05
9.972656290665582457e-01,1.903689926398645588e-03,7.553628143750389578e-04,5.332416964394416924e-05,2.199402302416538860e-05
9.977300392335547441e-01,1.735569478898938908e-03,4.759530732205309177e-04,3.502978353666179448e-05,2.340843078914295119e-05
9.982406149206625168e-01,1.442229711372020702e-03,2.806599556234394815e-04,1.631238130749523130e-05,2.018303103453538439e-05
9.975594202023209123e-01,2.035228287616642345e-03,3.612967571574114125e-04,1.817267830051765671e-05,2.588207460452022785e-05
9.989925205640944883e-01,8.278799483853560397e-04,1.502826430941942525e-04,8.538146491180360231e-06,2.077869793488196302e-05
9.976193999129281398e-01,2.062247376883883168e-03,2.721843383481035170e-04,1.198023240424539508e-05,3.418813943544668759e-05
9.991904798787750730e-01,6.787120210783848494e-04,1.084215504206012391e-04,6.183409183580192072e-06,1.620314054228543467e-05
9.991873055596406372e-01,6.925949978931125869e-04,9.331730172928318849e-05,5.874717349798490327e-06,2.090742338718002601e-05
9.993864743457518962e-01,5.221746384724171124e-04,6.793862047894106662e-05,4.325555543434846302e-06,1.908683975331662054e-05
9.994768796610173922e-01,4.505125717985930382e-04,5.296698802030316638e-05,3.535997745532735738e-06,1.610478141831627754e-05
9.985796743732173741e-01,1.206362380703528050e-03,1.764743954981456584e-04,8.531479110857014597e-06,2.895737147003585066e-05
9.986094153429612152e-01,1.167939384040044557e-03,1.900799921005103400e-04,8.843066494992087221e-06,2.372221440343563954e-05
9.981949048591024498e-01,1.556073998239081071e-03,2.126151039331624607e-04,8.242903057028798979e-06,2.816313566817457177e-05
9.791141780618709545e-01,1.784816731629325706e-02,2.909002058142186754e-03,4.483445869031257782e-05,8.381810500333877691e-05
9.609605572988629829e-01,3.206279197333761211e-02,6.729422832667057361e-03,9.279741506656289285e-05,1.544304800659370596e-04
9.820732688141836642e-01,1.401836849525258527e-02,3.768509549611533550e-03,5.402535037694596796e-05,8.582779057543807137e-05
9.579964358096139110e-01,2.947610008411811339e-02,1.221067303086462857e-02,1.602568151984306557e-04,1.565342602048728148e-04
9.611952021903180654e-01,2.755588083996855786e-02,1.096141637412468249e-02,1.343776212316171782e-04,1.531229743571604408e-04
9.602423194537569318e-01,3.008394613480565999e-02,9.440191073316226908e-03,1.040555838470241725e-04,1.294877542743218637e-04
9.571263808424879116e-01,2.936174922394456030e-02,1.320207407716476704e-02,1.867973915217081685e-04,1.229984648809690916e-04
9.266664496556175079e-01,5.578927361405518898e-02,1.699965223388125862e-02,2.412145708308677207e-04,3.034099256151490706e-04
8.170313590583742069e-01,1.252140844840339273e-01,5.691972494549730338e-02,4.254356425883726442e-04,4.093958695061431451e-04
9.172205070756462852e-01,5.902495010684862681e-02,2.323536526488075710e-02,2.490491140269716149e-04,2.701284385972637183e-04
8.768950923133126407e-01,9.296579540276730946e-02,2.943755305829897848e-02,2.911379983492353276e-04,4.104212272717807741e-04
8.942749305779085223e-01,7.208944237903813779e-02,3.278705069618779999e-02,3.796886342326643671e-04,4.688877126330061253e-04
9.136056744381916284e-01,6.368486739031897770e-02,2.200569463194165104e-02,2.438738252216829806e-04,4.598897143259136336e-04
7.711083536387761672e-01,1.747669066086168232e-01,5.327304625071454386e-02,3.473640778608355260e-04,5.043294240314612860e-04
8.497032285845185218e-01,9.351312546719947605e-02,5.590828342237807308e-02,5.109434918012401711e-04,3.644190341027022111e-04
7.469045413894565000e-01,1.780867890732614200e-01,7.396146910441207811e-02,5.175329119506806791e-04,5.296675209193525170e-04
7.483708244604728721e-01,1.840267372181359773e-01,6.662911251223108122e-02,4.690154389143702703e-04,5.043103702457278495e-04
6.789063381393043439e-01,1.958384069029733832e-01,1.239689173678078654e-01,8.692882842586243048e-04,4.170493056558784400e-04
3.333999841564788680e-01,2.423477753044126215e-01,4.216044302819270673e-01,2.317075704496886213e-03,3.307345526846304376e-04
8.108041305801466647e-01,8.547440533061008427e-02,1.022383661959157947e-01,1.178358771649318237e-03,3.047391216782409937e-04
5.578362897074036209e-01,2.301438908329105359e-01,2.099949809373059251e-01,1.302459337708871019e-03,7.223791846709696953e-04
5.813114608054081867e-01,2.166543128949728891e-01,2.001077515141050367e-01,1.248080086182626509e-03,6.783946993311916127e-04
3.340462874110295410e-01,3.441651337169988056e-01,3.199284168999410038e-01,1.299917482250661973e-03,5.602444897799966142e-04
7.057874358286639893e-01,1.571545658710909732e-01,1.355960021505210056e-01,1.012264534478401340e-03,4.497316152456414147e-04
6.893832251866602867e-01,1.529975397124947456e-01,1.559318712096219584e-01,1.174450582586682515e-03,5.129133086364519398e-04
7.111126247387070665e-01,1.144484979716891004e-01,1.725628312941674403e-01,1.436954063316323591e-03,4.390919321201557069e-04
6.562116930159148653e-01,1.318004846194235080e-01,2.100717622554449937e-01,1.537900678569613291e-03,3.781594306471497587e-04
6.226793140520257008e-01,1.677485588638318037e-01,2.076820976459562706e-01,1.471361890741577525e-03,4.186675474447588583e-04
7.855417247664924218e-01,1.045012909042916383e-01,1.084806366793985705e-01,1.214336597083360723e-03,2.620110527341120354e-04
9.010414456114886894e-01,5.641199890908840664e-02,4.177765234106417536e-02,5.764287941440835328e-04,1.924743442146698567e-04
5.307429374822640877e-01,2.744458473193329695e-01,1.933731727085954144e-01,1.040383017264606387e-03,3.976594725429168195e-04
5.139180686597550896e-01,2.438591350852865325e-01,2.402815638963330114e-01,1.505407857063097848e-03,4.358245015622654820e-04
3.621711395326308591e-01,2.647902961426732982e-01,3.707145433178731242e-01,1.926959231972503062e-03,3.970617748503137254e-04
4.137284511161742340e-01,2.545037080462590473e-01,3.297640314920164406e-01,1.686914587858842629e-03,3.168947576914076815e-04
2.576579246318423388e-01,3.555140578118948791e-01,3.851235544123924326e-01,1.381738615896367954e-03,3.227245279740324768e-04
3.895854270544397702e-01,2.434122924571606728e-01,3.648723094711703308e-01,1.809269955046943290e-03,3.207010621822933903e-04
4.923120000973106869e-01,1.958937685737158207e-01,3.094013982021159848e-01,1.931877051586393390e-03,4.609560752711950346e-04
3.646433741736903600e-01,2.825010257073611308e-01,3.500827832591262290e-01,1.950563570752887870e-03,8.222532890693041953e-04
3.362121996934291923e-01,3.222183602880009379e-01,3.395916708744972645e-01,1.411962296771847444e-03,5.658068473009532189e-04
3.325716035459899689e-01,3.243778841136540358e-01,3.408815962375533748e-01,1.544295543113949213e-03,6.246205596886039409e-04
2.848944003801833769e-01,2.853590581307690610e-01,4.274439313783804373e-01,1.787880975132045578e-03,5.147291355350425103e-04
3.420300640369557943e-01,2.790991461935813933e-01,3.764067826164375075e-01,1.830711089965884409e-03,6.332960630594731055e-04
4.064679668216126807e-01,2.838011866939192385e-01,3.068892928474943327e-01,2.080153757775105635e-03,7.613998791986686812e-04
3.219105091711953470e-01,2.775538566581518540e-01,3.973203976400268012e-01,2.396800955557628829e-03,8.184355750684906092e-04
2.243609271210461331e-01,3.343285548145329966e-01,4.385547124093825411e-01,1.969274639215303976e-03,7.865310158230612129e-04
2.447871912698347530e-01,2.875618783347773100e-01,4.655767498949400784e-01,1.559749500143208780e-03,5.144310003047209649e-04
2.741467488429604193e-01,2.624431030640241302e-01,4.611202481365195838e-01,1.851289263386508236e-03,4.386106931093342260e-04
2.334978728674014237e-01,2.294923697691982900e-01,5.343894466677686639e-01,2.197194726959114403e-03,4.231159686725285865e-04
2.258935198307237546e-01,2.807016554222936389e-01,4.910632009301069134e-01,1.872819037456873933e-03,4.688047794188807474e-04
2.411698296437317091e-01,2.309846122961786707e-01,5.254785927364112874e-01,1.916088813967931070e-03,4.508765097104524590e-04
1.451097949987455726e-01,2.713054375860220468e-01,5.810655856922209983e-01,1.992532462717110271e-03,5.266492602941295854e-04
4.620681195513378081e-01,2.108164702598196438e-01,3.247272522472961498e-01,1.762751850789292217e-03,6.254060907571430206e-04
5.400044705440060211e-01,1.745531091001426283e-01,2.830464784831646652e-01,1.797447363192883731e-03,5.984945094938050889e-04
4.898353193547556605e-01,1.749389979802673523e-01,3.326443048318382667e-01,2.066961620948771974e-03,5.144162121899880898e-04
4.569115273695757984e-01,1.923975974642637976e-01,3.482018814308680543e-01,1.973381096774429796e-03,5.156126385178542949e-04
4.459776925756348542e-01,2.191519745274294328e-01,3.328861192859832174e-01,1.369003878946865741e-03,6.152097320056638995e-04
4.680318209572724708e-01,1.823593090132302197e-01,3.470436939300685641e-01,2.100673643012525987e-03,4.645024564162164452e-04
4.441316292764393991e-01,2.496380770184382369e-01,3.039897899152918526e-01,1.665934143429418724e-03,5.745696464011626654e-04
2.604126819773278090e-01,2.762199541327109431e-01,4.615840438045313299e-01,1.396591057755865390e-03,3.867290276740705988e-04
6.687257297349543661e-01,1.356693018939465756e-01,1.937075366245195329e-01,1.514552430431042760e-03,3.828793161484556453e-04
7.448710348569139716e-01,1.351355107269848199e-01,1.189061923946927307e-01,7.927477176445789668e-04,2.945143037638713762e-04
6.298643979259609393e-01,1.843665160930705316e-01,1.843824733560637252e-01,1.063563920381190757e-03,3.230487045237703651e-04
4.272993915497427797e-01,3.085236693891149629e-01,2.627098891028256666e-01,9.726346864683569834e-04,4.944152718480873373e-04
6.483018101588923221e-01,1.779879115335865070e-01,1.723205159759635396e-01,9.916119333833548627e-04,3.981503981743576902e-04
8.025872246862928439e-01,9.687396356329371072e-02,9.909446890902948168e-02,1.013204741865857128e-03,4.311380995179506475e-04
9.001011132803903303e-01,6.031556500827314760e-02,3.891452788059675261e-02,3.525224950855231662e-04,3.162713356543380588e-04
8.181757024680945678e-01,1.142025460881563037e-01,6.664897355294241432e-02,5.180631325408664419e-04,4.547147582657976961e-04
5.952162733764436719e-01,2.308095660870639887e-01,1.726222251165285826e-01,8.570846698861014868e-04,4.948507500775970597e-04
7.416734182009532272e-01,1.301349259340221498e-01,1.271100803217974917e-01,8.006756914078673069e-04,2.808998518192633818e-04
6.421242484736454648e-01,1.716493940529479068e-01,1.849349603940860787e-01,1.049736520730026271e-03,2.416605585905618402e-04
5.957203155179622289e-01,1.969261352933359410e-01,2.059416658304149550e-01,1.165014169035099960e-03,2.468691892518359203e-04
7.228807010375597475e-01,1.492198982621452674e-01,1.268256771861837051e-01,8.207100306782252538e-04,2.530134834330018123e-04
6.798474984226562379e-01,1.835886786185777775e-01,1.353281860708543949e-01,8.201368723569021652e-04,4.155000155545252949e-04
3.208622313931146497e-01,2.790874206982141281e-01,3.973476001947482406e-01,2.148038280611864592e-03,5.547094333110651069e-04
4.064707122896052405e-01,2.105152068181577463e-01,3.804363345139789576e-01,1.807149865568688204e-03,7.705965126893768663e-04
4.868998410082611139e-01,2.331345441129741569e-01,2.763087081109617538e-01,1.890969687043493001e-03,1.765937080759483278e-03
2.498804099380377286e-01,3.014349991426679698e-01,4.456396159883680985e-01,1.803273315771119307e-03,1.241701615155138636e-03
4.741406263764232354e-01,2.271856974096420345e-01,2.955360004588090117e-01,1.658188984946798276e-03,1.479486770178938329e-03
7.145848933688749849e-01,1.361853126909131628e-01,1.469465455014877242e-01,1.126997921326127611e-03,1.156250517397858224e-03
7.203738215527540900e-01,1.452395150553134617e-01,1.329850715722823151e-01,7.420201996328004441e-04,6.595716200175230724e-04
6.804288701553175001e-01,1.754337475807967173e-01,1.427687241668529894e-01,6.392100733004041314e-04,7.294480237323891546e-04
7.377173573580028121e-01,1.447738274287535820e-01,1.162524208576057039e-01,6.187954545243739765e-04,6.375989011134915131e-04
5.817995043747933304e-01,2.134500952289581366e-01,2.029946133784934492e-01,1.000256269737381017e-03,7.555307480177345840e-04
5.224628139706900543e-01,2.145947541842134210e-01,2.607588141393993308e-01,1.576003071499587366e-03,6.076146341976714025e-04
4.082711461511281947e-01,2.777233947507208867e-01,3.121481817323963903e-01,1.272617731950674526e-03,5.846596338038379317e-04
2.616232506034550931e-01,3.055316961705334955e-01,4.308601299716887656e-01,1.469055880354366590e-03,5.158673739682477933e-04
4.401315523637077676e-01,2.672513271673148672e-01,2.909871006837138618e-01,1.123650885818125358e-03,5.063688994454409661e-04
4.078055645380329608e-01,2.560829387803330581e-01,3.343615585248062017e-01,1.272788958478395351e-03,4.771491983494324275e-04
5.255873648288310607e-01,2.158255510285538303e-01,2.568063324161934391e-01,1.213551530700133574e-03,5.672001957215358926e-04
4.939751174155128655e-01,2.385985686013893659e-01,2.654087557271294084e-01,1.181924576799721479e-03,8.356336791686581758e-04
2.700216910794764336e-01,3.583741201349274208e-01,3.697632598568102447e-01,1.152484538117685671e-03,6.884443906682434933e-04
7.157485565544925432e-01,1.220602550932877034e-01,1.605015834114802142e-01,1.130511507539511996e-03,5.590934332000761613e-04
5.785901672136070095e-01,1.706715534082673402e-01,2.488058571768047844e-01,1.370298933066765174e-03,5.621232682542574421e-04
6.945084098106105719e-01,1.349927410472323008e-01,1.689553227872291896e-01,1.026995872849535436e-03,5.165304820782801436e-04
6.895098606725952317e-01,1.358406513340109367e-01,1.726108021142668536e-01,1.410722938094626823e-03,6.279629410323722813e-04
5.355221443763759082e-01,2.491511235777760791e-01,2.136219697723720223e-01,1.017183564611173199e-03,6.875787088648440976e-04
5.254870163907454650e-01,2.270169361621866277e-01,2.452638124669335173e-01,1.399165955941573470e-03,8.330690241928975521e-04
4.181208869153968388e-01,2.578201604381487044e-01,3.203193426871272509e-01,2.145240425651485060e-03,1.594369533675675694e-03
5.131961130667305193e-01,2.372162968111725945e-01,2.470459027134049301e-01,1.312197026707275687e-03,1.229490381984691674e-03
5.033396939458065766e-01,2.128918743244899159e-01,2.808414829093701104e-01,1.931859023626139853e-03,9.950897967072761061e-04
6.143004511915005628e-01,1.545534094388724133e-01,2.284480292419135139e-01,1.926530691208702553e-03,7.715794365047252620e-04
7.446905148961550092e-01,1.111786412998825857e-01,1.419256177163432664e-01,1.481945313781361925e-03,7.232807738377814788e-04
7.199516594631790722e-01,1.693246699970791802e-01,1.091022759751501120e-01,7.383967789439714949e-04,8.829977856477625071e-04
3.321919802472258487e-01,3.869411302832295729e-01,2.790443166347258419e-01,7.733806766061989638e-04,1.049192158212602748e-03
4.571838101108680052e-01,2.647268467247270718e-01,2.757497567079204570e-01,1.084485056823867926e-03,1.255101399660577639e-03
3.040914648475528947e-01,3.077664825549898397e-01,3.858662264984131784e-01,1.377948273179270587e-03,8.978778258647005699e-04
5.437924371563843673e-01,2.080222627585537887e-01,2.462990999872221032e-01,1.032616805336028639e-03,8.535832925037283676e-04
4.554897124843900746e-01,2.670484225583246163e-01,2.759024141965877308e-01,9.138255399252511553e-04,6.456252207723271090e-04
4.706421173292596460e-01,2.157571590435441722e-01,3.116561395786563438e-01,1.324282455536750659e-03,6.203015930032128008e-04
5.621158648777848654e-01,1.911685837196905602e-01,2.449562370904630748e-01,1.173641543190568921e-03,5.856727688708829489e-04
5.251458243623829958e-01,2.128931893708869150e-01,2.601171646782116098e-01,1.321616730648314704e-03,5.222048578702440970e-04
8.101263710663393347e-01,9.841322215531754514e-02,9.052810885193658674e-02,5.797032344830462501e-04,3.525946919233701815e-04
8.168842300434084880e-01,9.019585111763915586e-02,9.207572719171763787e-02,5.530719398108177413e-04,2.911197074239235336e-04
8.440205143649870401e-01,8.374320256439586607e-02,7.164592018474966184e-02,3.782969712148189336e-04,2.120659146527473910e-04
8.914751134804772548e-01,5.994158061357766909e-02,4.806242557665963561e-02,3.461621670591817114e-04,1.747181622262300655e-04
8.750375250729313104e-01,8.300055739993897341e-02,4.144704431517796245e-02,2.618190219166805963e-04,2.530541900350889088e-04
7.542405897518213997e-01,1.580840844595083061e-01,8.687200930703653512e-02,4.285846917418302407e-04,3.747317898918507673e-04
6.316547866499097053e-01,2.134851102342170126e-01,1.538259805698064531e-01,7.115556033060432524e-04,3.225669427608205157e-04
8.189209761649101083e-01,1.151073156956449739e-01,6.520233760464208550e-02,4.521733730493672173e-04,3.171971617535533335e-04
8.444433440521369461e-01,1.018765971848664131e-01,5.294302967876443611e-02,3.436928053719468554e-04,3.933362788601577195e-04
8.598103895597610791e-01,9.684040871358005897e-02,4.265462701318648020e-02,2.731320297532620150e-04,4.214426837191151323e-04
8.767281368314808754e-01,8.323677661070245926e-02,3.950927256857402620e-02,2.354852403466544026e-04,2.903287488959691801e-04
9.266671320524629829e-01,5.099058358053108059e-02,2.191563218373953834e-02,2.244286182486300118e-04,2.022235650177804927e-04
8.971510932209550981e-01,6.984240033343321052e-02,3.248918448480606763e-02,3.018112854783986526e-04,2.155106753271428960e-04
8.469709026643111871e-01,9.113136457542085622e-02,6.100426371379244483e-02,4.984150581002006397e-04,3.950539883752141653e-04
8.294478317713995796e-01,9.199791072691372584e-02,7.743164865713600409e-02,6.366490012482893231e-04,4.859598433024104333e-04
6.368845336518037525e-01,2.214341635186511392e-01,1.399555301440388311e-01,7.046977090008501145e-04,1.021074976505348441e-03
7.844128800719155636e-01,1.211311092327799072e-01,9.319415306917490371e-02,6.371834706830568082e-04,6.246741554465113245e-04
7.319187074219040134e-01,1.534952302077350617e-01,1.131845739035226839e-01,6.558721031779075677e-04,7.456163636603460295e-04
6.288770112977344340e-01,1.963456390018847864e-01,1.729259737140864950e-01,8.892434570990721994e-04,9.621325291952956401e-04
5.488838219363646465e-01,1.787083525448447952e-01,2.692975338444151268e-01,1.923287378804024476e-03,1.187004295571383525e-03
7.741664414358724322e-01,1.180330809378208057e-01,1.061601976817233978e-01,7.273760649514257040e-04,9.129038796320099831e-04
6.835052278848157137e-01,1.544085449232639184e-01,1.603769800785454225e-01,1.094384968903601343e-03,6.148621444714472660e-04
6.090219548620520174e-01,2.154090741545618137e-01,1.741270187466448793e-01,7.941862530264807377e-04,6.477659837147717661e-04
7.242257988490977683e-01,1.758925291770892518e-01,9.885976340840714471e-02,4.808555735988530701e-04,5.410529918069743134e-04
6.950271217571024618e-01,1.924309385821737217e-01,1.113457997803010968e-01,6.504311627652164867e-04,5.457087176574421539e-04
4.608967289002086631e-01,2.804294085112606916e-01,2.569412068570802732e-01,1.201561355526351493e-03,5.310943759240368753e-04
3.778613396441041217e-01,3.322448446771383845e-01,2.882659896532036581e-01,1.064051924113650505e-03,5.637741014401086593e-04
4.917609425887746188e-01,2.139397297645579676e-01,2.924857147062526197e-01,1.368633542601561731e-03,4.449793978131825383e-04
4.260220357255089518e-01,2.687867693229228361e-01,3.034427768653710777e-01,1.018272485227442832e-03,7.301456009697422558e-04
4.585057291231015575e-01,2.829874201744155271e-01,2.570282436962521566e-01,7.714481108791735632e-04,7.071588953515841550e-04
6.736440866320603238e-01,1.564125896759418488e-01,1.685678805542822067e-01,8.730743703943584641e-04,5.023687673211941042e-04
6.562350699598770154e-01,1.684592968980224981e-01,1.737809093696074947e-01,1.034029186221782897e-03,4.906945862712545946e-04
6.857110860602781965e-01,1.348127736408997190e-01,1.782097142696948966e-01,9.580650915883308014e-04,3.083609375388582700e-04
6.347581954164731588e-01,1.547326949994448919e-01,2.089958376142370955e-01,1.185218044430833614e-03,3.280539254139829908e-04
6.425362159718700505e-01,1.456526575482630648e-01,2.101259378655639942e-01,1.335520720622136379e-03,3.496678936807850395e-04
7.358003006688778047e-01,1.229573724683280522e-01,1.399536697589164047e-01,1.049132993316302404e-03,2.395241105615624204e-04
7.096407411445214697e-01,1.458089923848819303e-01,1.431666031690689012e-01,1.015752166327528547e-03,3.679111351999492263e-04
5.039420784954140586e-01,2.466460137899105509e-01,2.470562736341504195e-01,1.584828648495627355e-03,7.708054320292601893e-04
5.806287799259189919e-01,1.788116665970537755e-01,2.382470377825902652e-01,1.709041094194059789e-03,6.034746002428259320e-04
5.428558713479909592e-01,2.199712404851166259e-01,2.351606734056493619e-01,1.293885353218948491e-03,7.183294080240884474e-04
4.948140272240282300e-01,2.483924214090486859e-01,2.546611944945562644e-01,1.280090855040388323e-03,8.522660173264116424e-04
7.701328738200784452e-01,1.115482629090644301e-01,1.167273113871027390e-01,8.586885778653248480e-04,7.328633058888290707e-04
8.044543622552171591e-01,1.122085986097593746e-01,8.206209092339145084e-02,6.545198000345207271e-04,6.204284115973719791e-04
9.154199687425835785e-01,5.750563089718254556e-02,2.633582108105781902e-02,3.146685322073973913e-04,4.239107469687092701e-04
9.033168968565761237e-01,6.096863333613430219e-02,3.463595508796433325e-02,4.420730608720928149e-04,6.364416584531783347e-04
7.914879757158822526e-01,1.351901193095997877e-01,7.109742205089286671e-02,6.513374229231728161e-04,1.573145500701963800e-03
8.358951500068442231e-01,1.038168465877217506e-01,5.783531298321242797e-02,5.842873352423933733e-04,1.868403086979198834e-03
7.792191874853807709e-01,1.196813107613980548e-01,9.865276205939332854e-02,7.449624813203363982e-04,1.701777212507529172e-03
6.724965220481369244e-01,1.581907548880304437e-01,1.668696678017640989e-01,1.160028508126883465e-03,1.283026753941599951e-03
5.880369562696301511e-01,1.521353707581982462e-01,2.569406753314708025e-01,1.783341212460608487e-03,1.103656428240082019e-03
5.194154703604624279e-01,2.286361917311714453e-01,2.488918183565057285e-01,1.121020205079409100e-03,1.935499346781132919e-03
4.264606865080345366e-01,2.949828474761770902e-01,2.755655931595397123e-01,1.010274626861395282e-03,1.980598229387297432e-03
3.897891055032672303e-01,2.754457112931152918e-01,3.322090183729755619e-01,1.100711934236347231e-03,1.455452896405567053e-03
2.837195642124957784e-01,2.557006214321301263e-01,4.582754567774076637e-01,1.525709905400948318e-03,7.786476725655581922e-04
1.520212928208147518e-01,2.520925140959299759e-01,5.943093824114803470e-01,1.208626296497129987e-03,3.681843752776966378e-04
2.933353980621017931e-01,1.976196787901122742e-01,5.069270779443676433e-01,1.630144511547178352e-03,4.877006918710569561e-04
3.239082340918891245e-01,1.987059177111428210e-01,4.750770169352631633e-01,1.850477577556303458e-03,4.583536841486794884e-04
6.166680695247148680e-01,1.399080789348368659e-01,2.413380211286212107e-01,1.583807444008991042e-03,5.020229678179863146e-04
5.418386247612290152e-01,1.557579406218291274e-01,3.003903249777311601e-01,1.687363600319023759e-03,3.257460388917330090e-04
6.578053073519984917e-01,1.184833504535497684e-01,2.220162174228278995e-01,1.401763437213335729e-03,2.933613344105027738e-04
5.963517749078086627e-01,1.291259919596381145e-01,2.719444276458403142e-01,2.219956780043306349e-03,3.578487066695974252e-04
6.460915323470973748e-01,1.292112563837004569e-01,2.218222662976362114e-01,2.371672347555723800e-03,5.032726240103474382e-04
5.987931024102653987e-01,1.818590939213979296e-01,2.160992583831939928e-01,2.168240635015582750e-03,1.080304650127174131e-03
7.047574259481815817e-01,1.382656231709580574e-01,1.544076444047632335e-01,1.415887914199780336e-03,1.153418561897325782e-03
6.563165283514406090e-01,1.920258813686235300e-01,1.491727902112636173e-01,1.106329694607603069e-03,1.378470374064622939e-03
6.547925658715914032e-01,1.640867421911051394e-01,1.784582884322410135e-01,1.679314347443790646e-03,9.830891576185502977e-04
5.196737213973953162e-01,2.139582328377274412e-01,2.629855306131201331e-01,2.271739531011495242e-03,1.110775620745581933e-03
6.945519408883797929e-01,1.391403173009795879e-01,1.642948599788388864e-01,1.427138529700442901e-03,5.857433021014813151e-04
9.465032131836249585e-01,3.380737930442527517e-02,1.927840402354963692e-02,2.195755880328514810e-04,1.914279003672766206e-04
9.093412175260806585e-01,6.588222469853904917e-02,2.430298379811357198e-02,1.967600652661975909e-04,2.768139120004967091e-04
8.927136017070395058e-01,7.874049551482802112e-02,2.794226175699475456e-02,1.960486957590087736e-04,4.075923253786474976e-04
8.898856933434191596e-01,8.304715646987961830e-02,2.649615956424880917e-02,2.096637993746268099e-04,3.613268230777142505e-04
8.958234101925166559e-01,7.361482346543207766e-02,2.998313943158679648e-02,2.934939616488294457e-04,2.851329488158652384e-04
8.651048477296201522e-01,6.969886074066031223e-02,6.398404285653823409e-02,7.089744213611226618e-04,5.032742518201807624e-04
9.127759920615281519e-01,5.476257096015296061e-02,3.157807800145790572e-02,3.854605444131056465e-04,4.978984324478870523e-04
8.474286272815912957e-01,1.023287244732127704e-01,4.925238471289014597e-02,5.770430650612047531e-04,4.132204672445574482e-04
7.154271895411279392e-01,1.886555236775617761e-01,9.477467797437132135e-02,5.667011403067778817e-04,5.759076666322621553e-04
6.627363353278483693e-01,1.904184169248817060e-01,1.454429368873517703e-01,9.566523654807295579e-04,4.456584944372948527e-04
7.936791549541118984e-01,1.159305391697681847e-01,8.917586823346788927e-02,8.985320972483537474e-04,3.159055454038193350e-04
5.208712130250408023e-01,1.914945201338023317e-01,2.848213718529217231e-01,2.486467723469969714e-03,3.264272647651880830e-04
4.150035960525369494e-01,1.929030601477791096e-01,3.886249259357653085e-01,3.111980683268584374e-03,3.564371806501126830e-04
4.131022739620940909e-01,1.486933447378053219e-01,4.313076620660605820e-01,6.513780706871030723e-03,3.829385271688658912e-04
6.861707305709415783e-01,7.008752605193913077e-02,2.385970033298722426e-01,4.889893831071351685e-03,2.548462161757525705e-04
9.446442001690467105e-01,2.328435430797650210e-02,3.109045844613696555e-02,8.363797808035534822e-04,1.446072960360678041e-04
9.151556295830896026e-01,2.480230914954904484e-02,5.735500162283818648e-02,2.557694150327250327e-03,1.293654941958490034e-04
9.132542958482919859e-01,3.442719460466434761e-02,5.033124939218570210e-02,1.833713273056439925e-03,1.535468818014621545e-04
9.308807319225774757e-01,3.749454688234150207e-02,3.070791452995588061e-02,7.117654645370543849e-04,2.050412005880325027e-04
9.230827443676788979e-01,4.806403108602867041e-02,2.808989758963428146e-02,5.507941252182172636e-04,2.125328314400157985e-04
9.718489880715812657e-01,1.740639771820896506e-02,1.033019315963075793e-02,2.412056084596745774e-04,1.732154421193430357e-04
9.460092696828761305e-01,3.355350372428043265e-02,1.985105832831678477e-02,3.385900020550868905e-04,2.475782624716349554e-04
9.645500987399538984e-01,2.594385875074397413e-02,9.022786924202576969e-03,1.638134538676139413e-04,3.194421312319674269e-04
9.867228849895746112e-01,9.544760488594997150e-03,3.502792715253829486e-03,9.127264477528152279e-05,1.382891618013083984e-04
9.834564514999465379e-01,1.279160722085809568e-02,3.515932266879672700e-03,7.123512390784075268e-05,1.647738884079758502e-04
9.920263016654911059e-01,6.110439561604012054e-03,1.722776985204327056e-03,5.873825408566409490e-05,8.174353361486821413e-05
9.877115296944797285e-01,9.492416093140582101e-03,2.599505974201759412e-03,7.160910935666365607e-05,1.249391288214130816e-04
9.904988840591395505e-01,6.790705255611022978e-03,2.493932641350292672e-03,1.003651859932410914e-04,1.161128579058419229e-04
9.815228163854589072e-01,1.380019667156876136e-02,4.423907043981823752e-03,1.260639131356624772e-04,1.270159858549002813e-04
9.909039393951752928e-01,7.118278740171840070e-03,1.821433746092347965e-03,7.608218119782458834e-05,8.026593736275655189e-05
9.890669816466458597e-01,8.858139781512040095e-03,1.949073497518835326e-03,5.809174858704763882e-05,6.771332573604369538e-05
9.794378305935343976e-01,1.710497830939569641e-02,3.255574335706829317e-03,8.023975829860334127e-05,1.213770030646341722e-04
9.892886540865883926e-01,8.795554559939119943e-03,1.787752370051411263e-03,4.986197280685324964e-05,7.817701061421226158e-05
9.871009685155925917e-01,9.034474428953151448e-03,3.657863653829650924e-03,1.352068086986583516e-04,7.148659292603629881e-05
