4.587910454100533331e-01,1.153476552271051093e-02,5.118458854290366261e-02,4.744410138624869377e-01,4.048586661845590337e-03
8.863650059598082720e-01,3.342295953777919826e-02,3.352559163006554876e-02,3.704325397445075441e-02,9.643188897896365352e-03
9.030759132870258554e-01,4.421302252174626191e-02,1.618105300836536128e-02,3.931188070159199154e-03,3.259882311270340810e-02
4.962692844604233988e-01,3.430057151581387270e-02,1.361604294922162846e-02,2.064115199309685122e-03,4.537499858752314097e-01
5.859393021717570482e-01,1.615366637858286006e-02,1.616419727350994207e-02,2.340549039186321217e-03,3.794022851369638349e-01
3.001082761807544186e-01,5.091700079404575668e-02,4.793789989229942095e-02,3.830068288936424540e-03,5.972067548439640161e-01
1.315315505747683966e-01,1.091476722254550447e-01,9.832858063902129298e-02,3.442683944491137845e-03,6.575495126162642645e-01
2.420997029200465389e-02,2.949618412534605813e-02,2.417255571257263466e-02,3.899024702803251751e-04,9.217313873997963203e-01
1.387047351398252859e-01,1.139616114856590624e-02,2.293134359617540405e-02,6.519934507435254205e-04,8.263157666646899768e-01
8.864018559617254933e-01,1.417544129293174006e-02,5.993571484776875381e-03,1.267555982745822616e-04,9.330237566229129809e-02
9.623729577395497836e-01,1.711331084339723363e-02,3.171721247235192564e-03,4.913477192845539529e-05,1.729287539788937345e-02
9.599018363183540181e-01,1.688891717969790221e-02,4.904940983493855794e-03,8.553493240979859289e-05,1.821877058604453800e-02
9.757611054305439513e-01,6.630021554555488167e-03,2.327422310492500198e-03,9.545085433288010479e-05,1.518599985007505412e-02
9.942764680929409016e-01,2.754664453522415353e-03,1.274702459511337788e-03,7.421598803394656256e-05,1.619949005991304977e-03
9.810274859071929088e-01,7.212690959400154707e-03,2.630504185803248310e-03,1.739788092105925567e-04,8.955340138393007993e-03
9.473872737760216101e-01,2.521902670992942977e-02,1.871036321156279228e-02,9.644281382592007762e-04,7.718908164226963645e-03
8.788442195543604285e-01,3.533441162191591767e-02,6.615379743595151130e-02,3.515268052753082496e-03,1.615230333501912335e-02
8.303583499132367596e-01,5.627165741863120185e-02,8.035487800501817102e-02,2.864483846463977603e-03,3.015063081664986003e-02
8.838521058976240852e-01,2.267770664846472176e-02,2.119935360739144681e-02,9.818835914153006481e-04,7.128895025510437189e-02
7.308548541319951353e-01,8.964097831105638514e-02,4.765981375905468248e-02,7.834885798928686862e-04,1.310608652180010603e-01
4.521065277586293063e-01,3.016233762773058991e-01,6.546348247269115350e-02,4.410505285804126353e-04,1.803655629627933243e-01
3.832487597591979767e-01,3.876679327455370139e-01,9.546838360626105913e-02,2.749139646294251676e-04,1.333400099243746140e-01
2.204973011150664075e-01,4.685595151190696250e-01,7.220884838750650514e-02,1.502737077485532342e-04,2.385840616706090267e-01
1.892119560708970805e-01,5.571515452504934851e-01,7.297820028616160137e-02,1.063405988694953504e-04,1.805519577935784381e-01
1.254097601613067547e-01,6.681536053736532033e-01,1.253660616472494216e-01,1.266019734607559091e-04,8.094397084432997103e-02
1.198175690421043327e-01,7.069651828160568030e-01,9.995452051885699019e-02,9.056286348018946812e-05,7.317216475950155674e-02
1.494208971196599456e-01,6.247872450879138340e-01,1.487173631779278304e-01,1.399560490205048859e-04,7.693453856547780023e-02
1.170315111884056153e-01,6.212095783281831318e-01,1.499207177383217460e-01,1.444447569345687094e-04,1.116937479881549011e-01
1.133993439860319780e-01,6.468523586476732090e-01,1.136072125327911991e-01,1.107653184313303905e-04,1.260303195150725142e-01
1.458694580405274499e-01,5.503165741026655455e-01,2.203409183742061350e-01,1.634628368624655977e-04,8.330958664573838435e-02
2.127003923078417125e-01,3.383636545814665553e-01,3.020738583284568457e-01,3.382927802073734452e-04,1.465238020020275533e-01
6.148366233915925072e-01,7.313156624571814923e-02,7.909484200279554011e-02,4.582458972536908076e-04,2.324787224626400362e-01
5.456271540593528036e-01,9.325385220174553513e-02,7.646640776424794284e-02,5.826624189372887896e-04,2.840699235557164193e-01
7.435538618807708833e-01,2.302612635239886102e-02,4.030397175135561755e-02,8.443517730262768001e-04,1.922716882424483076e-01
7.201619879867540153e-01,3.078567619613335402e-02,1.123095532688312415e-01,5.141133505331860545e-03,1.316016490429495756e-01
5.509615871943117638e-01,4.177811612816501735e-02,2.378466899131875256e-01,8.145808639544975180e-03,1.612677981247906955e-01
3.943607286941411827e-01,9.160490489293909855e-02,3.824932264094516032e-01,6.473727624674464366e-03,1.250674123787936243e-01
4.005194169693143680e-01,6.902597585139225167e-02,4.210027203174851462e-01,8.538813597122316135e-03,1.009130732646859457e-01
5.178681838553851335e-01,7.633717534448430930e-02,2.700727475852116588e-01,5.565115277410012315e-03,1.301567779375088219e-01
4.085649065357148113e-01,1.029055758412539129e-01,4.135530295170255499e-01,4.440944045092751202e-03,7.053554406091298856e-02
5.605534631238330290e-01,5.145454428932150909e-02,3.242167235931704417e-01,8.280840257790581665e-03,5.549442873588442127e-02
4.572288074695026183e-01,5.089514597093444670e-02,4.081909825101554534e-01,8.230944477649018015e-03,7.545411957175843232e-02
5.389091514751416234e-01,6.158170200600996541e-02,3.186962395921540403e-01,5.193350938413200668e-03,7.561955598828117020e-02
4.121826830794910745e-01,7.913840258947706097e-02,3.896773219232281815e-01,6.396688094887408027e-03,1.126049043129163235e-01
7.664773920620578940e-01,3.633742509428332379e-02,1.612040969601984397e-01,4.955846152331608127e-03,3.102523973112881681e-02
9.025835637866398420e-01,9.746814780410345200e-03,1.735850779343083711e-02,1.177617474843244746e-03,6.913349616467570624e-02
7.813734715378424234e-01,3.284655397877461053e-02,4.558077235718064474e-02,1.610541562852881980e-03,1.385886605633493418e-01
4.943153335757312639e-01,8.470109540226661293e-02,2.941036957781894001e-01,8.531396751353568023e-03,1.183484784924591776e-01
4.762028868384891589e-01,7.929484942644658696e-02,3.245977249478840254e-01,4.851836556405056573e-03,1.150527022307752945e-01
6.419256015366494594e-01,5.295620802322392739e-02,2.304706789338855089e-01,6.089392406253368514e-03,6.855811909998765774e-02
4.149313963482970102e-01,1.493183869962069754e-01,2.943350938135341210e-01,3.608989749136095118e-03,1.378061330928257722e-01
6.077806641701960499e-01,8.363300180839676468e-02,1.964671835875082540e-01,5.768347117278093544e-03,1.063508033166208205e-01
4.777410685550817493e-01,8.910550240380207820e-02,3.541473980584726178e-01,1.075340241224148619e-02,6.825262857040223508e-02
5.618756286354168461e-01,6.205793197032474784e-02,2.597050113126950777e-01,1.311390696506443271e-02,1.032475211164989026e-01
4.522210550598712020e-01,1.034855472266835302e-01,2.029514261859455271e-01,5.703123037207770765e-03,2.356388484902919855e-01
3.674216566141106366e-01,6.488701864520669826e-02,2.380300396376790473e-01,6.101991207184668045e-03,3.235592938958188891e-01
5.343285640389440205e-01,4.279826852117879499e-02,1.475794180375025189e-01,5.665704959690459619e-03,2.696280444426842338e-01
4.919267554446412616e-01,6.071266247180492209e-02,1.968708744990387005e-01,4.738146624709585648e-03,2.457515609598054096e-01
4.297562072557160051e-01,8.420441807620997199e-02,2.158897231053333865e-01,4.649364633490969331e-03,2.655002869292495404e-01
3.564989397885122702e-01,7.907397738382497543e-02,2.295743437833683842e-01,3.429952365453481714e-03,3.314227866788409527e-01
2.497485705082667373e-01,7.399771679722956519e-02,3.798724062806010937e-01,6.557535754442673885e-03,2.898237706594598562e-01
3.262217779113610328e-01,5.483894083721332219e-02,2.544735272841308071e-01,3.861359617731762416e-03,3.606043943495630955e-01
3.986946600903341076e-01,4.548789929471117044e-02,2.537867625497022828e-01,4.959600208510758779e-03,2.970710778567417498e-01
3.070551680737690914e-01,7.958570470969626720e-02,2.619569630874135635e-01,2.736809997400490094e-03,3.486653541317205618e-01
3.588070218750653018e-01,7.202066238950466381e-02,2.731682436594666252e-01,5.452913169583985947e-03,2.905511589063795586e-01
4.057971231515713484e-01,5.673160599780158186e-02,2.396440279018137998e-01,6.269005974399549132e-03,2.915582369744137425e-01
3.750858561838437688e-01,6.873831274994648965e-02,2.586416463521763465e-01,4.098610562918018549e-03,2.934355741511154858e-01
7.834084754588205302e-01,4.121296130542842495e-02,8.868743652599245242e-02,4.521525845336113805e-03,8.216960086442247346e-02
6.105284073452580396e-01,8.096307429692785329e-02,1.244018447923516263e-01,3.633020916648015998e-03,1.804736526488143755e-01
4.641156230558349249e-01,1.032818115248318042e-01,2.112728568803259044e-01,8.096348636144726912e-03,2.132333599028626570e-01
2.584094367690353278e-01,1.476513900254769196e-01,4.129828554989153910e-01,6.270505482635075137e-03,1.746858122239372813e-01
3.556034120097376627e-01,1.349332656311051648e-01,3.577861598576171920e-01,7.719098438913538085e-03,1.439580640626265118e-01
2.189557869488088226e-01,1.706908273981559143e-01,4.941509388926674795e-01,7.937926644065564433e-03,1.082645201163022625e-01
1.426036692708200770e-01,1.085875477383428239e-01,6.126639222563861065e-01,9.974799579003013408e-03,1.261700611554478213e-01
1.968874893788947200e-01,8.121831403105721214e-02,5.398372984296812005e-01,1.076592790276105147e-02,1.712909702576057291e-01
9.905298110803721634e-02,1.023535872204433539e-01,6.271421279910622815e-01,7.583781999290367844e-03,1.638675216811668334e-01
1.281231596240564319e-01,1.037448785917788607e-01,5.532215497531840498e-01,6.674698870277161709e-03,2.082357131607035228e-01
2.622542459470021958e-01,8.346930134286219272e-02,3.175692214890475373e-01,7.467943976233995008e-03,3.292392872448540730e-01
2.778663590157869345e-01,7.322716507216364690e-02,3.410520686843637739e-01,8.720559881602500327e-03,2.991338473460831704e-01
1.508254061336799234e-01,9.088488388533165485e-02,4.942409444366471782e-01,1.407924636742558834e-02,2.499695191769155944e-01
1.825921006876179142e-01,9.755818109373742830e-02,4.302508958602834777e-01,9.474427773748766990e-03,2.801243945846123018e-01
1.677265314170026389e-01,5.594189342520895086e-02,5.704951560398808796e-01,1.422407150328767675e-02,1.916123476146198157e-01
2.406142645749185793e-01,9.308858726365368264e-02,4.949021807517386407e-01,1.371540788596952234e-02,1.576795595237196201e-01
2.157191609222917916e-01,7.558467772817846486e-02,5.060073261489644869e-01,1.067980412206032473e-02,1.920090310785048937e-01
4.086716134133235867e-01,7.825238303397294426e-02,2.942144527027632517e-01,1.214227642795978265e-02,2.067192744219802925e-01
4.186470513014672323e-01,9.444549026802442904e-02,3.090871617424818529e-01,1.054187809597025884e-02,1.672784185920563049e-01
3.124637349120015783e-01,7.304779954376998397e-02,5.194511204247006519e-01,2.717565016406833095e-02,6.786169495545951724e-02
2.615061158622529192e-01,8.545706300025107671e-02,5.324200833875882832e-01,1.989911474512854467e-02,1.007176230047791970e-01
2.048532748073889631e-01,7.316981991882713643e-02,6.279487576689406492e-01,2.718270437528890610e-02,6.684544322955436602e-02
1.412583322562813715e-01,9.445748190905506325e-02,6.691762868482169502e-01,2.440213017731993408e-02,7.070576880912667062e-02
2.382442990821549422e-01,7.342075370229927955e-02,6.061454494677821492e-01,5.462586800614318422e-02,2.756362974162060095e-02
1.461504511594963474e-01,4.804779097567858648e-02,6.892139836282666909e-01,6.575701265269420781e-02,5.083076158386407722e-02
2.924156998863600698e-01,1.012264368783669793e-01,5.001560126557348385e-01,4.270441570170053353e-02,6.349743487783755802e-02
2.641419592270234928e-01,1.222555992408211750e-01,5.061833598123195443e-01,2.175276174343082625e-02,8.566631997640498930e-02
3.406825056290525011e-01,1.339384858976280512e-01,4.703704112850418673e-01,1.418514266553800446e-02,4.082345452273954123e-02
2.844704192316131475e-01,9.904981202969824483e-02,4.914475883320163496e-01,2.544327899814604471e-02,9.958890140852624806e-02
3.013223506132243212e-01,6.741238192001655638e-02,4.724937664238063051e-01,3.759452536886833535e-02,1.211769756740845444e-01
4.074649122155177272e-01,4.899295179343707285e-02,4.491655794920053069e-01,4.762693634594053482e-02,4.674962015309939295e-02
2.321488620719303897e-01,6.885840714924099104e-02,5.914283093592667129e-01,5.760568592268863752e-02,4.995873549687330356e-02
3.291968079281198944e-01,7.196177467162039043e-02,4.947867243301035667e-01,5.299835926940891367e-02,5.105633380074727640e-02
2.888696007353127593e-01,6.977799004496308688e-02,5.732042177995888554e-01,3.559809441938498881e-02,3.255009700075028184e-02
3.664085326589244795e-01,7.640556202793119533e-02,5.015350169185770479e-01,3.187706448964194167e-02,2.377382390492528350e-02
2.871804576497652417e-01,1.404465491718716874e-01,5.181318271811826692e-01,1.733341190136348381e-02,3.690775409581682764e-02
2.559578772057157225e-01,1.664818484780752894e-01,4.415920417609998649e-01,9.090203290182173254e-03,1.268780292650268648e-01
1.841125611406475293e-01,1.612353826934181111e-01,5.412836719487188475e-01,8.363235664138816972e-03,1.050051485530766326e-01
1.766049046321678528e-01,1.698979395914456403e-01,5.654543714440440905e-01,8.851015916961794960e-03,7.919176841538067002e-02
2.074464773622128888e-01,1.267590764063605546e-01,6.144613507714685730e-01,1.174222604831551622e-02,3.959086941164255413e-02
1.247922437205548074e-01,1.591605830071537164e-01,6.557219208632080187e-01,6.621051831983831848e-03,5.370420057709968109e-02
2.019984459594024173e-01,1.008751767376997871e-01,5.941034928372400659e-01,1.325999784191389877e-02,8.976288662374377891e-02
1.383959653742119211e-01,1.111858054972821724e-01,6.267549160185784674e-01,1.229985017465891686e-02,1.113634629352685951e-01
6.445516744008832344e-01,3.165123782475311870e-02,1.029709762861163169e-01,6.155178746427012945e-03,2.146709327418202529e-01
3.341774067973579676e-01,5.185151842128629673e-02,1.019693126044287079e-01,5.655829217584280692e-03,5.063459329593428260e-01
3.265232396166017348e-01,2.225136361570778654e-02,4.752396461689360752e-02,3.149461566307541760e-03,6.005519705844892808e-01
2.971366056925320853e-01,6.384772508185588592e-03,1.296671558664503655e-02,1.207863499120800455e-03,6.823040427135164121e-01
6.515817997651518478e-01,1.089924783855004617e-02,7.604252122238100431e-03,4.806038520485152589e-04,3.294340964220114354e-01
6.290249812102794991e-01,2.815447008613228969e-02,3.018756969268046597e-02,1.891711814790551565e-03,3.107412671961173323e-01
8.731865012976555152e-01,6.495402072871131818e-03,1.419364993075026421e-02,1.661756435689889675e-03,1.044626902630331894e-01
9.860503193236981323e-01,1.715034436129549188e-03,7.351744450884706425e-04,7.744327938353840932e-05,1.142202851570018642e-02
9.910301301762856063e-01,4.071203739395294792e-03,9.834093565263162581e-04,5.034544838654861386e-05,3.864911279406197352e-03
9.594243777661898287e-01,6.467727621483350398e-03,1.354760587980174090e-03,8.155288767894213289e-05,3.267158113666754349e-02
9.582790623376853389e-01,9.411286238399825532e-03,2.298271088254863221e-03,1.093470117582164388e-04,2.990203332390176105e-02
9.981027336929640947e-01,7.919906329804562561e-04,1.407606160826251290e-04,1.060250966064849395e-05,9.539125483121113289e-04
9.982496125647474239e-01,1.117352534012616520e-03,1.664743355654727669e-04,1.337001829998158021e-05,4.531905473744377304e-04
9.879980446946355910e-01,8.696365340045879647e-03,1.124334833446376638e-03,1.091117814989376044e-04,2.072143350373224606e-03
9.960862626794539931e-01,2.493577049571277498e-03,7.194835231721771664e-04,9.580762011809666951e-05,6.048691276843577280e-04
9.959104869420111195e-01,2.620666125938552350e-03,5.809570041070896695e-04,5.686502514211396164e-05,8.310249028011069614e-04
9.889713989429778085e-01,7.637997607344168549e-03,1.466083910629430989e-03,1.351313538400079981e-04,1.789388185208633415e-03
9.704843190641009310e-01,2.329179586166381377e-02,3.028180179214756424e-03,1.453390667412164476e-04,3.050365828279209737e-03
9.741162699120901047e-01,2.099700481488675496e-02,1.538635122711702564e-03,6.291666112552543795e-05,3.285173489185862130e-03
9.632185835803608320e-01,2.665389037888174495e-02,2.788283109326810099e-03,1.904157960041654536e-04,7.148827135426427844e-03
9.854012679187087453e-01,8.935311014506487626e-03,6.909203869170839080e-04,4.407689730528799082e-05,4.928423782562395446e-03
9.755305105489553430e-01,1.875968033569537854e-02,2.167864250675041737e-03,8.279472548574326495e-05,3.459150139188527703e-03
9.000127714460097739e-01,8.629852546405872293e-02,8.021939746154560513e-03,1.703976949632578144e-04,5.496365648813797411e-03
7.705019242384250067e-01,1.734507673543254080e-01,1.313307059960615482e-02,3.046593145655607585e-04,4.260957849307771272e-02
7.697980939541675394e-01,1.405183306762798345e-01,2.420581116280207459e-02,6.224393298594924984e-04,6.485532487689106562e-02
7.918080839833279150e-01,1.129198214844565756e-01,8.829791889609809458e-03,2.451211161420282863e-04,8.619718152646356490e-02
5.938493361548109473e-01,2.342330852856859824e-01,2.529208974778937233e-02,4.881324071719699768e-04,1.461373564045417572e-01
5.967292146416557364e-01,2.499073363582220431e-01,2.448524213853140938e-02,3.785598491316905173e-04,1.284996470124590007e-01
8.374211440191885458e-01,1.136727079487727110e-01,7.901776434820872996e-03,1.305606589824698531e-04,4.087381093823551359e-02
7.455783551388575070e-01,1.781230093381080126e-01,8.758338397899176342e-03,9.331454540694235518e-05,6.744698257972837896e-02
8.943746319950094392e-01,5.707502644794767294e-02,3.557029936567216322e-03,6.136836159664493275e-05,4.493194325887901047e-02
7.968112470737354069e-01,7.418779817870818638e-02,4.554738499955796396e-03,9.865730371861225912e-05,1.243475589438820389e-01
7.594817825189515981e-01,9.817209117026880205e-02,7.222461716377685803e-03,1.459675162861552599e-04,1.349776970781157992e-01
7.152421212732305023e-01,1.434232479631941670e-01,1.395826668245662462e-02,2.121578695677958431e-04,1.271642062115509730e-01
7.680578636229580258e-01,1.119882525521403299e-01,1.094279414130380941e-02,2.173812844842300078e-04,1.087937083991136894e-01
8.190174499517202111e-01,1.129332805526334499e-01,9.957077016107269973e-03,1.830671577615643382e-04,5.790912532177763805e-02
8.292454468948561308e-01,1.293470300844961063e-01,8.567496206729604755e-03,1.029070015640824910e-04,3.273711981235406798e-02
8.076663517073947585e-01,1.543932860682933617e-01,9.660472208830775398e-03,1.141395778343284943e-04,2.816575043764663749e-02
6.931267642100206183e-01,2.402471940233042447e-01,1.572525004139743721e-02,1.712942410601205718e-04,5.072949748421742844e-02
7.667300151219572646e-01,1.194514546705057467e-01,6.334478472673065776e-03,1.056551602005531039e-04,1.073783965746633040e-01
8.052102405828805987e-01,1.169064119704957272e-01,5.994364874731818518e-03,8.863161764078581861e-05,7.180035095425098268e-02
7.463800957828850002e-01,1.374323894484583697e-01,4.618323032230141865e-03,6.827887827567516779e-05,1.115009128581507664e-01
7.602729123184889248e-01,1.049344949111369607e-01,4.540842787537547991e-03,6.658973230346277856e-05,1.301851602505331440e-01
7.216918312725553175e-01,1.443498833063061038e-01,8.443056306966352509e-03,1.579164144461213805e-04,1.253573126997260256e-01
7.327569560041791163e-01,1.699551449737541353e-01,9.163780194041083391e-03,1.204982113258672437e-04,8.800362061669969593e-02
6.560000627317620348e-01,2.452618305161560208e-01,1.213130570411264514e-02,1.302973883057729283e-04,8.647650365966365327e-02
5.519319281884290662e-01,3.308901203637307220e-01,1.888707990602218195e-02,2.009473754472234806e-04,9.808992416637066225e-02
8.784345100954381591e-01,8.984807175376237354e-02,4.063726189619681212e-03,5.797185482361235130e-05,2.759572010635617800e-02
7.216410203563808912e-01,2.249747372006498103e-01,8.241853025021323928e-03,9.148448086420368742e-05,4.505090493708381605e-02
6.739907149065829106e-01,2.593173330315213798e-01,1.233786332032148388e-02,1.482102432173679771e-04,5.420587849835674377e-02
6.351803683004630940e-01,3.018842194902151554e-01,1.142591770563994476e-02,8.443900982126135361e-05,5.142505549386063718e-02
5.351228999215318360e-01,4.003738865714971951e-01,1.930809421560852196e-02,1.219372519775801806e-04,4.507318203938496387e-02
7.040437986536681736e-01,2.293016517235856311e-01,1.364615017298750725e-02,9.721371522946313124e-05,5.291118573452927021e-02
5.953946735881772145e-01,1.830771545326936034e-01,8.091438095001426273e-03,8.731729469148535698e-05,2.133494164894362000e-01
5.034092368870889400e-01,2.838630622633022127e-01,1.415866571778842849e-02,1.463686024399330550e-04,1.984226665293804259e-01
6.724132553149948510e-01,1.838096708987458361e-01,7.811721143479321075e-03,1.059244127734531514e-04,1.358594282300065736e-01
8.166465064713502864e-01,1.062338307814339189e-01,4.038373797996467132e-03,7.122151433467236077e-05,7.301006743488477890e-02
9.175872695848581451e-01,5.922227045670228063e-02,1.992726664248783367e-03,5.076877227398971112e-05,2.114696452191695830e-02
7.649650616097507516e-01,1.902078996056524862e-01,7.009295457222621331e-03,9.153544537714675361e-05,3.772620788199714664e-02
7.237509201931104919e-01,2.331357616959244816e-01,1.266637517961061860e-02,1.207122896495286515e-04,3.032623064170499733e-02
7.314018451423212053e-01,2.266538248082502760e-01,1.270215183140776041e-02,9.659037244869209473e-05,2.914558784557206780e-02
7.281755183530929099e-01,2.319614899651659401e-01,1.686856174387615231e-02,1.341485806910772854e-04,2.286028135717389428e-02
4.347202252247751586e-01,4.957309743232541366e-01,4.463653321258629486e-02,2.100715468621954895e-04,2.470219569252213657e-02
9.056061592830997320e-01,7.406999866182488457e-02,1.177560453658313237e-02,1.275593339099160910e-04,8.420678184582313860e-03
9.768592616988985844e-01,1.768110820270112765e-02,2.611630804808256698e-03,5.556068994437073593e-05,2.792438603647664358e-03
9.944672343717776419e-01,4.026666276863674274e-03,9.878306630458663466e-04,3.909345605027238186e-05,4.791752322626814512e-04
9.957016171168362462e-01,3.044703635033124776e-03,9.752127500103319841e-04,5.969298458832023399e-05,2.187735135318876010e-04
9.966303167071560720e-01,2.070665937536322193e-03,9.650359388114951699e-04,1.940433224093662931e-04,1.399380940867340508e-04
9.909029422922455144e-01,3.414952027252391928e-03,3.764616108581469479e-03,1.625710245431013883e-03,2.917793264895553748e-04
9.963727170603541294e-01,2.301510826098498736e-03,8.132104924124524759e-04,1.516878390069482398e-04,3.608737821278823693e-04
9.901202641102920810e-01,7.750440019108082237e-03,8.112905786589925689e-04,9.684775071684220910e-05,1.221157541223915136e-03
9.600130242226325716e-01,3.080610285669686116e-02,3.766456127579807887e-03,2.530654119163891990e-04,5.161351381174411265e-03
9.609163029321441396e-01,3.111622151039488901e-02,3.633045386101765688e-03,1.977012930619862418e-04,4.136728878297335141e-03
9.021517974621869884e-01,7.908720177724128109e-02,7.000204615574749482e-03,2.802271396285254562e-04,1.148056900536842742e-02
6.813417972632435093e-01,2.391398492788173458e-01,2.960087078736959795e-02,9.053471672821114796e-04,4.901213550328749335e-02
6.526682388634581500e-01,2.342002277980343439e-01,3.037440113394616198e-02,5.648283427443836222e-04,8.219230386181690384e-02
5.589113143272133044e-01,2.632006978298294664e-01,3.837063126173222843e-02,6.182638200138404396e-04,1.388990927612111792e-01
6.214410586287737459e-01,1.843928657276163730e-01,2.401766069661214267e-02,4.242238338222697417e-04,1.697241911131754100e-01
7.166657139202365912e-01,1.553528698211421033e-01,2.243736487381329386e-02,3.776375302179163420e-04,1.051664138545901489e-01
7.807340994992973959e-01,9.514093523295412413e-02,7.936160125095282486e-03,1.411085938688255671e-04,1.160476965487844681e-01
6.761114650614095112e-01,1.497427764340228951e-01,1.463332637858708561e-02,1.944874827137870431e-04,1.593179446432666790e-01
7.030106127350556067e-01,1.606949725339755219e-01,2.222234939553685562e-02,3.043068742786098589e-04,1.137677584611533482e-01
7.900504220563054902e-01,1.355925738444823114e-01,2.217493041171106349e-02,3.059978953826349699e-04,5.187607579211840625e-02
6.934492571722984389e-01,2.163616810071642971e-01,3.900323360427750824e-02,3.735040692715649725e-04,5.081232414698799021e-02
6.400421527997909310e-01,2.663487504707943154e-01,5.234373569195752834e-02,4.706147966088329387e-04,4.079474624084857698e-02
7.615046238717284588e-01,1.574066367475953077e-01,5.936655166003924206e-02,7.796498701268888241e-04,2.094253785050995825e-02
6.839083379911342631e-01,2.235488183920611993e-01,6.987366573315814677e-02,6.758950859893900123e-04,2.199328279765698155e-02
5.283465859040078483e-01,3.389943175960301036e-01,8.877789341416483793e-02,8.320899999410715083e-04,4.304911308585609997e-02
4.735474862421434339e-01,3.704117485087375927e-01,6.503957491505379940e-02,5.602382997305278443e-04,9.044095203433466512e-02
4.211167633133763299e-01,4.109967792358976690e-01,7.676169411201906601e-02,6.411851772402882635e-04,9.048357816146671007e-02
3.243153078310019866e-01,4.462388134297908260e-01,1.012813947541947035e-01,5.749130762420386455e-04,1.275895709087703778e-01
4.592738650177716209e-01,3.198077956913757403e-01,1.244955168590496514e-01,1.126056602060546879e-03,9.529676582974246080e-02
3.887330447152419488e-01,3.615550789634415230e-01,1.777902767209919022e-01,1.863359969939702536e-03,7.005823963038494695e-02
4.614954570860354544e-01,3.362761717531233541e-01,1.253211649460700128e-01,1.235315700199646378e-03,7.567189051457158533e-02
4.546833487088056680e-01,3.403932125763458605e-01,1.036498669629028202e-01,8.275888750452560678e-04,1.004459828769004165e-01
4.291738286157323334e-01,3.624760441660703214e-01,1.317868374419111088e-01,8.765408628904061347e-04,7.568674891339594035e-02
4.206091158624667981e-01,3.416029685573374053e-01,1.857505803933586497e-01,1.367913831773290116e-03,5.066942135506381784e-02
7.270470938421218499e-01,1.825745016882114879e-01,6.638502241339012955e-02,4.435682042797095548e-04,2.354981385199685431e-02
8.622707055972249623e-01,1.070410069804109132e-01,1.891827856028191132e-02,1.282376205942483934e-04,1.164177124148792382e-02
8.221828169667546593e-01,1.430158112626381262e-01,2.397043400703088509e-02,1.861941846118902143e-04,1.064474357896438156e-02
9.678037216302018964e-01,2.362840071336746658e-02,6.260424958358603090e-03,8.778855426875068185e-05,2.219664143803212926e-03
9.971757104685302631e-01,1.899961417982446756e-03,5.381375498416855838e-04,3.090525822140588328e-05,3.552853054242007935e-04
9.990305668564271047e-01,6.499933116873165499e-04,1.630590464806519404e-04,1.941368747629790322e-05,1.369670979286268149e-04
9.880568468320877207e-01,6.601585750358782145e-03,1.777445497374326513e-03,1.146868372506563028e-04,3.449435082928362789e-03
9.913591611575535145e-01,1.558873338317845860e-03,6.290282154042102112e-04,6.991879122436112570e-05,6.383018497500084383e-03
9.814291895513609365e-01,1.884572217382146728e-03,6.605196662402964755e-04,5.928353548080294314e-05,1.596643502953584356e-02
9.880111114558282059e-01,3.011699814143980591e-03,1.229663197082295125e-03,8.363703781740397893e-05,7.663888495128143991e-03
9.932363225872407053e-01,1.734746739285260297e-03,9.587477720164891762e-04,8.028778968430983116e-05,3.989895111773189042e-03
9.875835217705517532e-01,3.516376600858608405e-03,3.991014120190538271e-03,3.195515179593671324e-04,4.589535990439837405e-03
9.823470016356089518e-01,4.435754629679168268e-03,8.323167189345125755e-03,8.621405945552680378e-04,4.031935950811478542e-03
9.794100686236330011e-01,2.393245687929710167e-03,2.872607603963612741e-03,6.422648917779403676e-04,1.468181319269566687e-02
9.783152366720258009e-01,2.489986374874921492e-03,2.369428649890106386e-03,4.313591060560465688e-04,1.639398919715321160e-02
9.900060189282300360e-01,1.124106773241770243e-03,6.610637889212714466e-04,1.105936764239298924e-04,8.098216833182987975e-03
9.832578473920801088e-01,4.166587793835544416e-03,4.030085404625402719e-03,5.149243435433821557e-04,8.030555065915514351e-03
9.753321138832038439e-01,2.299146467104851502e-03,3.756669898535327980e-03,6.049834819917333274e-04,1.800708626916427968e-02
9.925975351177013239e-01,1.079585351619889114e-03,8.595049936997033353e-04,9.845471349505258022e-05,5.364919823484145568e-03
9.981024758256160645e-01,5.422501852830747789e-04,3.414359103960514191e-04,5.073321296181921024e-05,9.631048657429114963e-04
9.944642338899617462e-01,1.751372035858726533e-03,8.961390258721447111e-04,1.075308693207309695e-04,2.780724178986706142e-03
9.747638858408638196e-01,7.572629391585436812e-03,1.250677554065591363e-02,1.449570157595603303e-03,3.707139069299245950e-03
9.922072897042113482e-01,2.590285460583054665e-03,3.557069481731976734e-03,6.623590910077167219e-04,9.829962624660359711e-04
9.921675265755969253e-01,2.917444001507765207e-03,3.171207381837788924e-03,3.821491068593482776e-04,1.361672934198165843e-03
9.915135940753835309e-01,2.182766243501104743e-03,2.323580039016654060e-03,3.819982327655695523e-04,3.598061409333047980e-03
9.786984398807205832e-01,3.295834947032931332e-03,1.795304336559643173e-03,3.051037787575752811e-04,1.590531705692919268e-02
9.484869456392645004e-01,1.261011735292445757e-02,1.960587269612729111e-02,3.072526226502267366e-03,1.622453808518145926e-02
9.864379570683424747e-01,4.786446090621612401e-03,4.915413634542056473e-03,9.021458330662978330e-04,2.958037373427740719e-03
9.827490359853143786e-01,5.946100028551528499e-03,1.804959009467666745e-03,2.170225806251793212e-04,9.282882396041278877e-03
9.921250341473867307e-01,4.254576892334433272e-03,1.671918341539179852e-03,2.237276849173768910e-04,1.724742933822263034e-03
9.748574110758811972e-01,5.919553137713578529e-03,2.463937295181193969e-03,2.684226131699229707e-04,1.649067587805400428e-02
7.401231140761260763e-01,1.324688084904030450e-01,1.744700957499122768e-02,3.838441087173447984e-04,1.095772237497623369e-01
5.549828538890214658e-01,2.381036445110916722e-01,4.164890010707401197e-02,3.565067929973862130e-04,1.649080946998153774e-01
2.853614520108588848e-01,4.874820406755527302e-01,4.985902837782689445e-02,1.885275008753148763e-04,1.771089514348862248e-01
1.849220633455044560e-01,6.356593071980511933e-01,6.133110351795885429e-02,1.259121086089163991e-04,1.179616138298766603e-01
2.691013676684302913e-01,2.377581968825654979e-01,8.535070684975544497e-02,4.201493000687858237e-04,4.073695792991799403e-01
1.997488091916974351e-01,3.846737372401493604e-01,8.964724681313619714e-02,3.258248159906069010e-04,3.256043819390264660e-01
9.687995486356412722e-02,5.678477341381034105e-01,1.085232822785499457e-01,1.777738869085821870e-04,2.265712548328739639e-01
1.408367453360009902e-01,4.744717110421622364e-01,7.137031413120135948e-02,1.020339474349859647e-04,3.132191955432003239e-01
9.910230167705633142e-02,2.464200935634382472e-01,1.117852289201949484e-01,1.461732421446266541e-04,5.425462025971657942e-01
1.297345068892343800e-01,2.676168017050540859e-01,5.041233468319913924e-02,8.862871743756040239e-05,5.521477280050748337e-01
8.209796574194017094e-02,4.193415278186771178e-01,8.197922025767259702e-02,8.004232090612562389e-05,4.165012438608038936e-01
3.646163023294755612e-01,2.061012247975677336e-01,1.138769982883174325e-01,3.531581393222846211e-04,3.150523164453170044e-01
6.248745220975251424e-01,7.510153936589392121e-02,7.558472424699774761e-02,1.277818787852438897e-03,2.231613955017306972e-01
5.830430514245521501e-01,4.474060906384266095e-02,7.957876676280922768e-02,3.321888389343432765e-03,2.893156843594523742e-01
7.611706325160639830e-01,2.678244173205385908e-02,3.812357251262196711e-02,1.620896204491074390e-03,1.723024570347692908e-01
7.286556762180430580e-01,4.746999027525747317e-02,1.005144886277840877e-01,5.090766420735645149e-03,1.182690784581798688e-01
5.941619893942436947e-01,3.433041241327276782e-02,1.496835732858361190e-01,1.100865657205818068e-02,2.108153683345891927e-01
4.598493766366115176e-01,5.287701916560065551e-02,2.716214421039536697e-01,1.391539220593143202e-02,2.017367698879028726e-01
4.916674346429605880e-01,3.981664985309191912e-02,3.813365580896055373e-01,3.573606100355317117e-02,5.144329641078888848e-02
3.800323771826687458e-01,6.981917581980331966e-02,3.724275275004603758e-01,2.272256477214648629e-02,1.549983547249210725e-01
2.885461058325062278e-01,9.574225461222393707e-02,4.572614757573756350e-01,1.179072783848722668e-02,1.466594359594071140e-01
6.624567998687472814e-01,8.559193553799179788e-02,1.882984405050116550e-01,7.669705962812363442e-03,5.598311812543693006e-02
5.159300195668082845e-01,1.064058874443258862e-01,3.017546525035251781e-01,1.699586196846148214e-02,5.891357851687913788e-02
3.785684375835893234e-01,7.032533725844716810e-02,4.315003449754446496e-01,1.752013126053068512e-02,1.020857489219881564e-01
2.126610314494933041e-01,5.025575168875317383e-02,5.528479550449045821e-01,3.423632859130454342e-02,1.499989332255443342e-01
2.737150150248972569e-01,8.658645799682622435e-02,4.512883022861495785e-01,2.272673626754594112e-02,1.656834884245809714e-01
2.208006174787244258e-01,4.089739254123253565e-02,5.016879557600638639e-01,4.319718063970785088e-02,1.934168535802713029e-01
1.206763910567662246e-01,8.565567475558001631e-02,6.037187893878306344e-01,1.459072408660611574e-02,1.753584207132170003e-01
2.140320355514419015e-01,7.744324433293596488e-02,5.097623704923820442e-01,1.573645062043278753e-02,1.830258990028073018e-01
2.243025116685327114e-01,6.232325275827596545e-02,4.891407021946892475e-01,1.111127034697782789e-02,2.131222630315243172e-01
1.293641270575965618e-01,8.890026438913559148e-02,4.907982237372123802e-01,4.846063543328304503e-03,2.860913212727271282e-01
1.201120794444421463e-01,3.159014163056050872e-02,5.194871613798187626e-01,9.471199319660459151e-03,3.193394182255181457e-01
9.000448607698723069e-02,2.963450255264499233e-02,4.547986562903059693e-01,1.158189513014009492e-02,4.139804599499216642e-01
1.853636575379869755e-01,2.775772141042670213e-02,5.135985526632057541e-01,3.198199131879914114e-02,2.412980770695814792e-01
4.103933217493047070e-01,4.357386756078161782e-02,3.740606132974422238e-01,1.475977661641681045e-02,1.572124207760545456e-01
1.242853543088573431e-01,4.795812897236571837e-02,7.234880842428613734e-01,3.076784891763621743e-02,7.350058355827943091e-02
8.216860162517229671e-02,4.030252490818837796e-02,7.650579956114865743e-01,3.221807796435585680e-02,8.025279989079693588e-02
1.518011329821611632e-01,5.944878350297385511e-02,6.855202008537261138e-01,2.710572708870005385e-02,7.612415557243884523e-02
1.482176353686334436e-01,4.490056300093887842e-02,7.137011955400501817e-01,2.595981200509334813e-02,6.722079408528415512e-02
2.481900862242591987e-01,4.221651334705300851e-02,5.977446588596380117e-01,4.716266633626112204e-02,6.468607523278860350e-02
1.517057306674431949e-01,9.633269246428913246e-02,6.913034649323477332e-01,1.724157090977366732e-02,4.341654102614620619e-02
2.251249311010157794e-01,9.432225727248697011e-02,6.009157855112160496e-01,1.321635101636304752e-02,6.642067509891816379e-02
1.883631452962749586e-01,5.807744315536869650e-02,6.977383860638152191e-01,1.987170673854192493e-02,3.594931874599920779e-02
1.327635063536713733e-01,4.531601740554583313e-02,7.541012556440428449e-01,1.960544848657540945e-02,4.821377211016452530e-02
6.503283524935875304e-02,6.049159459661193616e-02,8.129446200755925389e-01,1.626890315608914978e-02,4.526204692234764293e-02
1.637423195624327643e-01,4.325500622241350290e-02,6.673653938697468035e-01,1.639446135439818347e-02,1.092428189910088776e-01
2.596405803497669473e-01,9.231967516078959379e-02,5.896396521909121891e-01,1.398176434034997112e-02,4.441832795818126400e-02
2.097069622161384650e-01,8.386792059399221511e-02,6.551843091600316749e-01,1.307132362985277685e-02,3.816948439998471554e-02
4.498019110446643265e-01,9.773404102296293083e-02,4.183266512346684451e-01,1.620341487312118578e-02,1.793398182458319501e-02
2.001767861367992618e-01,1.517304214589884626e-01,6.205857403095379476e-01,1.389915586751647690e-02,1.360789622715791007e-02
2.465708829310815642e-01,1.543221289612512204e-01,5.246661166419337441e-01,1.042539320946018512e-02,6.401547825627330879e-02
2.089722562863463307e-01,1.832001113411741156e-01,5.436955244962676792e-01,9.144906280005204308e-03,5.498720159620660436e-02
1.739347412104952917e-01,1.682613405746955504e-01,6.017308157809325708e-01,6.662540863412245128e-03,4.941056157046427172e-02
3.272281275684871260e-01,1.072381516045313732e-01,5.276465275904730357e-01,1.823771920876719396e-02,1.964947402774133364e-02
1.532766056900929097e-01,9.996970584721263930e-02,7.085212038542917368e-01,1.745028452212207815e-02,2.078220008628073670e-02
1.675347032297621330e-01,5.394482170524039777e-02,6.497693691985887421e-01,4.139355134124691332e-02,8.735755452516190400e-02
1.804546088238207779e-01,1.465491064597480575e-01,5.222791324599607155e-01,5.937735140221997616e-03,1.447794171162484766e-01
9.599875146351499744e-02,1.659075149074487332e-01,6.464913777137337725e-01,6.430309219830710431e-03,8.517204669547197293e-02
4.227923765037643750e-02,1.291250205795386186e-01,7.534699005062440724e-01,8.802083929975092202e-03,6.632375733386570993e-02
5.507704468875931902e-02,1.225530465520075218e-01,7.511960422736603249e-01,8.572358567250972297e-03,6.260150791832180817e-02
7.279226120400081324e-02,1.360317365246012933e-01,6.384602560765347823e-01,1.065984330065989326e-02,1.420559028942031954e-01
1.539366490162951129e-01,1.563960032118370258e-01,5.761895031584408633e-01,9.667893087824987186e-03,1.038099515256020872e-01
1.186660411405637550e-01,7.554298310575731368e-02,7.128312579273813343e-01,1.769819091408600387e-02,7.526152691221160707e-02
1.666911084687720535e-01,1.073710339888724885e-01,5.986575191034511079e-01,1.835424672424148390e-02,1.089260917146629426e-01
9.859011913219277445e-02,9.854190929590830872e-02,6.633812348126545411e-01,1.701939311022368506e-02,1.224673436490206074e-01
1.055289442437207514e-01,9.123586351799821414e-02,5.672696897082171175e-01,1.917769843110761485e-02,2.167878040989563160e-01
2.478264134054069256e-01,1.087430587592793929e-01,3.998532761493847065e-01,1.493431123778759390e-02,2.286429404481414018e-01
4.465721549602302831e-01,1.349334854275802131e-01,2.395047337172071522e-01,6.410301068641644645e-03,1.725793248263406132e-01
3.037780355350064854e-01,1.160151317527151893e-01,4.621620217067545777e-01,1.610121171204825785e-02,1.019435992934754481e-01
2.980141009590577816e-01,1.585724091883048970e-01,3.833911807026753604e-01,1.409639957427780838e-02,1.459259095756840763e-01
2.847825539177504250e-01,1.246338864721335676e-01,4.900653215050878586e-01,1.987075583182048438e-02,8.064748227320762963e-02
3.279542888026030778e-01,2.045036507916062063e-01,3.916964393186068705e-01,7.651030796991720520e-03,6.819459029019206420e-02
2.024080458250798187e-01,1.653761376883080003e-01,3.677790692564473773e-01,6.814736608272307580e-03,2.576220106218924943e-01
1.469432808288380354e-01,1.633493880321725544e-01,5.257611449374242074e-01,9.838192730326638519e-03,1.541079934712387411e-01
2.198375529619235325e-01,1.552109721695609790e-01,4.071267447103249504e-01,7.668461487843696543e-03,2.101562686703468408e-01
3.168056299077291471e-01,7.813540445604012785e-02,4.060112702285509911e-01,1.471338854405634597e-02,1.843343068636234816e-01
6.593667833524040622e-01,6.260841102941705483e-02,1.663809285754708212e-01,1.010116328343913482e-02,1.015427137592688489e-01
3.010109504641793055e-01,1.063686781187641178e-01,4.717886877533625789e-01,1.191424875617974610e-02,1.089174349075142101e-01
1.243230350242196802e-01,9.883082124860752271e-02,6.762570603500940303e-01,1.438768925396882378e-02,8.620139412310978688e-02
2.322071928797108387e-01,8.278073906369476376e-02,4.285661481283150054e-01,1.273792182059222886e-02,2.437079981076872293e-01
4.554076771085591169e-01,9.437110154893151026e-02,2.919439233641613063e-01,1.106203961424843431e-02,1.472152583640995438e-01
2.940569093462063188e-01,1.858025583576211615e-01,3.747910229838041785e-01,7.219580392718929172e-03,1.381299289196493696e-01
