3.869942853183319098e-01,5.008712931307966049e-02,2.449267520837550283e-01,6.514851381070795033e-02,2.528433194741255274e-01
2.656166856580267632e-01,4.759887400007704189e-02,6.056966099496310929e-02,4.943528816526722956e-03,6.212712505304063271e-01
3.464059775027965027e-01,1.869229330627933394e-01,3.063763245483493436e-01,5.713689480702222913e-03,1.545810754053587033e-01
5.170447470327458328e-01,4.118648067718244654e-02,1.872357808405441804e-01,8.868724269833988191e-03,2.456642671796934740e-01
6.300488474606156242e-01,4.007132160109357771e-02,1.820413723093499136e-01,9.178169713745883487e-03,1.386602889151950513e-01
6.072439413374798312e-01,5.386897750848575195e-02,1.764999603077328227e-01,5.824621705550105631e-03,1.565624991407514599e-01
3.366659602461849476e-01,1.597660842500536749e-01,3.347720170657090266e-01,6.668622631756378899e-03,1.621273158062960240e-01
1.006712550384643023e-01,2.802324805576446032e-01,4.766685372415013777e-01,4.590042129637274780e-03,1.378376850327525105e-01
4.659253564745195753e-02,2.038930018058470739e-01,3.567982186461820526e-01,2.811013662941948526e-03,3.899052302375770052e-01
9.450315709160317379e-02,2.004612959991939891e-01,2.681004518732565955e-01,1.957779576144438351e-03,4.349773154598018388e-01
1.601479357044100771e-01,8.475406846149577400e-02,8.580912412509757170e-02,1.097131628993870981e-03,6.681917400800027051e-01
2.063445345268710152e-01,1.095886131310955421e-02,1.912147150946581428e-02,8.296206268651678357e-04,7.627455120236882324e-01
2.267911911013971715e-01,3.149634424975447742e-03,3.814842035890807399e-03,3.479267624906459016e-04,7.658964056752458616e-01
1.039659587589549378e-01,2.725611768364367103e-03,4.347500716773155388e-03,3.732711884874682527e-04,8.885876575674199751e-01
1.563954424612669092e-01,1.075121017851231493e-02,1.363804133828635037e-02,7.224824610899034400e-04,8.184928235608445179e-01
1.678871934606610827e-01,1.259009344542069524e-02,2.210996705369039708e-02,9.313217352440572973e-04,7.964814243049835873e-01
1.899502125392198426e-01,7.456038930172680969e-03,9.460370074815949507e-03,5.128630978973389024e-04,7.926205153578941287e-01
1.295415549087823026e-01,3.449453071509520768e-02,3.155407738336536011e-02,8.956668875831028673e-04,8.035141701051740082e-01
1.037098388557307765e-01,6.081265110682795849e-02,4.693054876625558230e-02,9.964340953808241506e-04,7.875505271758049819e-01
7.840788853375406375e-02,1.179596914363727073e-01,7.613700985678512057e-02,7.371259489361604855e-04,7.267582842241518959e-01
3.883578398047034946e-02,9.932920328868519166e-02,6.766397537331766965e-02,5.443671887543097363e-04,7.936266701687725300e-01
8.093317961683672845e-02,8.924779632282497932e-02,6.243304666832759364e-02,6.199095946546988312e-04,7.667660677973558991e-01
8.410198540026238290e-02,1.103990368917905224e-01,6.501200959806156809e-02,5.685454672152552525e-04,7.399184226426702704e-01
7.423064541112386894e-02,5.812516070198247425e-02,4.840167784007577689e-02,4.361278482908878583e-04,8.188063881985270243e-01
7.033595107278629854e-02,1.147661326237484347e-01,1.122704164272960853e-01,9.833146029275601982e-04,7.016441852732415718e-01
1.323946947920361661e-01,8.462919877131865054e-02,3.537543188669467487e-02,4.262849561759546302e-04,7.471743895937744684e-01
8.409821046673368605e-02,6.572328021420434374e-02,3.230920542872101758e-02,3.794498627257268685e-04,8.174898540276153147e-01
7.461680981846183225e-02,6.311384396054989243e-02,2.564067284242869602e-02,3.054008544663057044e-04,8.363232725240932197e-01
2.299068365351150667e-02,2.746563782855814678e-02,1.104067322246043287e-02,1.132330079193948812e-04,9.383897722875504943e-01
2.610237863015968038e-02,1.537862079974918611e-02,1.384800642962998214e-02,1.822463483019828260e-04,9.444887477921591890e-01
7.014850064708137711e-02,5.425636872294103269e-02,4.569225417744827988e-02,4.693209610703044069e-04,8.294335554914590292e-01
1.053183178060905917e-01,1.065534015692370523e-01,1.579885771353731205e-01,1.526658426606234244e-03,6.286130450626929989e-01
5.024768353311446362e-02,4.148885390317025301e-02,3.872623710687390919e-02,5.256938420103305287e-04,8.690115316148311342e-01
7.343420312191681343e-02,5.698749694415152639e-02,1.078427666163111198e-01,1.726764264193978750e-03,7.600087690534265139e-01
7.231523837520209552e-02,1.134422432008116433e-01,2.902559137339951190e-01,3.342432479729547969e-03,5.206441722102616021e-01
5.219037279120388589e-02,7.889524682889684226e-02,3.287378019225520864e-01,4.374282197473513406e-03,5.358022962598737449e-01
6.659064686725081617e-02,8.786890661233857924e-02,3.981900080740015668e-01,9.502510682403982750e-03,4.378479277640050515e-01
5.155307409180257677e-02,8.801453558979906167e-02,6.989583574141653433e-01,1.513410397776778112e-02,1.463399289264651626e-01
6.773813392686681145e-02,1.305348031351436788e-01,6.285314405157251816e-01,1.490338220804206942e-02,1.582922402142222795e-01
7.320869079749442454e-02,8.095904399717630817e-02,5.575961673170424238e-01,1.708108777125682057e-02,2.711550101170300819e-01
9.279685198782583466e-02,1.259307505122803927e-01,5.431795262696237359e-01,1.554423808698615975e-02,2.225486331432838527e-01
6.949461963803399422e-02,1.148490677025376105e-01,5.133515862546841335e-01,1.156207158768821769e-02,2.907426548170561897e-01
6.647265920153058727e-02,5.766504958109278794e-02,4.994341687973328225e-01,1.492359426618609583e-02,3.615045281538576960e-01
7.773166546096831053e-02,8.356790008506143064e-02,4.688217356486505949e-01,1.339464613118511276e-02,3.564840526741346327e-01
4.414852504238026693e-02,8.791824232714741394e-02,6.183833625307832982e-01,1.786157763047890520e-02,2.316882924692100221e-01
4.224365633289097616e-02,1.227201910749766145e-01,6.275530571111024303e-01,1.094372365939877238e-02,1.965393718216312258e-01
3.360441854352418101e-02,1.028257801608013777e-01,5.114578705795229663e-01,1.050433297805157713e-02,3.416075977380998441e-01
4.058130066762890426e-02,7.076682822001410800e-02,4.046226960037295206e-01,8.186932420062046842e-03,4.758422426885653977e-01
5.861911575405454738e-02,6.979311025726087081e-02,3.047400666196786179e-01,8.095543049117520998e-03,5.587521643198885002e-01
1.286137502708856739e-01,1.061511390273421895e-01,2.426229938886869664e-01,7.409720326367621145e-03,5.152023964867175065e-01
2.231711610356542641e-01,1.179305682974949587e-01,3.308111089259411774e-01,1.199538429226230940e-02,3.160917774486474152e-01
1.497377957783753155e-01,1.207970705568027214e-01,5.269891627655465260e-01,1.384770066862260098e-02,1.886282702306527614e-01
1.229677264396587116e-01,1.307365470482230452e-01,6.187492505575797885e-01,1.445444333226476342e-02,1.130920326222738248e-01
1.699492984388600858e-01,1.112883736807411539e-01,3.457450142669485360e-01,1.145583914530542979e-02,3.615614744681447945e-01
1.764141808130888223e-01,1.830151721705970957e-01,3.164012199465647268e-01,6.080215447093235623e-03,3.180892116226561872e-01
1.740642290081348131e-01,1.771560875651423117e-01,4.974900144932354329e-01,6.669828121892962779e-03,1.446198408115945133e-01
1.271763990349206452e-01,1.799706105750449314e-01,3.020109684994998767e-01,4.194806002134176225e-03,3.866472158884002863e-01
8.753672580503417400e-02,1.889556817913178033e-01,3.468076385265124739e-01,4.481102988753460879e-03,3.722188508883820246e-01
4.216531881239910656e-02,1.780457272593662099e-01,4.803881390750441849e-01,4.862866570676686005e-03,2.945379482825137840e-01
3.860198874894305021e-02,1.978480890750170251e-01,4.734711149761355320e-01,2.821505002242684530e-03,2.872573021976616570e-01
8.891324046169669926e-02,1.348553556954439347e-01,4.319841280470750333e-01,4.708657222193525504e-03,3.395386185735908002e-01
7.738206847248313425e-02,1.767802907057680062e-01,4.626421154332885366e-01,3.516597611028902601e-03,2.796789277774314741e-01
5.018901207531045044e-02,2.043625297874019364e-01,2.791141133552962339e-01,2.302125873098162696e-03,4.640322189088931237e-01
8.228133613614273256e-02,2.555304405719030503e-01,2.432051546364746575e-01,1.841613435219910215e-03,4.171414552202596382e-01
4.955737371700177224e-02,1.924204094623239436e-01,1.318184305365102671e-01,1.092447687476062268e-03,6.251113385966879932e-01
3.483041368056463000e-02,2.308926218061208013e-01,1.231517405451148656e-01,5.896625233261278956e-04,6.105355614448735313e-01
5.104753552847983433e-02,2.303461229989717529e-01,1.157400680070635318e-01,6.143320797013481546e-04,6.022519413857835291e-01
5.151288437637157464e-02,2.135782065650323469e-01,1.084289174531359312e-01,7.087179762920320109e-04,6.257712736291681788e-01
1.014941439217367097e-01,1.254295276085961308e-01,1.043082315432484058e-01,1.116946919518073400e-03,6.676511500069005622e-01
6.772003116254313171e-02,1.035488968083864841e-01,1.107048249822553121e-01,1.182680762544512099e-03,7.168435662842705947e-01
3.627851596453568472e-02,8.355104588243481012e-02,6.139588534090448940e-02,5.791826368736799043e-04,8.181953701752512353e-01
6.001120058631832788e-02,7.778484949678224347e-02,5.329477588981784697e-02,5.183933912766545450e-04,8.083907806358049397e-01
8.908547877124539660e-02,9.809827373256084504e-02,9.708887954519425378e-02,1.119366712202907871e-03,7.146080012387965308e-01
7.990692275445146486e-02,1.057242684806430494e-01,8.901847667698686850e-02,1.053588094821292362e-03,7.242967439930972917e-01
4.783583416817904777e-02,1.309079869248573891e-01,1.048996511195945391e-01,8.225146254958665745e-04,7.155340131618732613e-01
8.285603817675846194e-02,1.188417401937068296e-01,2.300060805883029080e-01,2.948844176433337069e-03,5.653472968647983432e-01
4.135936559542986724e-02,7.303690285906054569e-02,8.591069535202655594e-02,1.140392314199565075e-03,7.985526438792834858e-01
2.012522013877067473e-02,5.734487708863226368e-02,2.285999013854046191e-01,2.901049958238575022e-03,6.910289514289538193e-01
6.569693623596059573e-02,1.171032172993234921e-01,2.151767165565230955e-01,2.084536994958232671e-03,5.999385929132345918e-01
4.613339632586133804e-02,1.417968047762163675e-01,1.221721111948590177e-01,8.013002413523458937e-04,6.890963874617108686e-01
6.925225405591993455e-02,2.859045048469629480e-01,2.527136770711506109e-01,1.048596670870932538e-03,3.910809673550955656e-01
3.269746561318837702e-02,2.190813953598017561e-01,2.275874632041071932e-01,1.134559475942109987e-03,5.194991163469603324e-01
2.485912228578457048e-02,2.136412639746368691e-01,1.704257228944868752e-01,7.411974922282679908e-04,5.903326933528634246e-01
2.175904461074810309e-02,1.449229238786343410e-01,1.317176298285727132e-01,6.133302236302212588e-04,7.009870714584145457e-01
2.471453233921856382e-02,1.501271949745695000e-01,2.400687075097532597e-01,1.166115145662581292e-03,5.839234500307960429e-01
5.346306114063395509e-02,1.331869142309280996e-01,4.050450857283167116e-01,4.806598433767390530e-03,4.034983404663537998e-01
7.044976701884347881e-02,1.771330881280929748e-01,3.428509583607852185e-01,2.931218350192426898e-03,4.066349681420857176e-01
5.489065108680023924e-02,2.840888394489703983e-01,3.922196782948057514e-01,2.147609149560514123e-03,2.666532220198631342e-01
6.177867418608098266e-02,2.323081949151012959e-01,4.704665405602772577e-01,3.485863441236596375e-03,2.319607268973038761e-01
8.824770398164070995e-02,3.056467916190964140e-01,2.774196702864456521e-01,1.824276200871384522e-03,3.268615579119458214e-01
4.709776150137177930e-02,2.192875623660798245e-01,2.918595126948357876e-01,1.552448158732683573e-03,4.402027152789799724e-01
4.000424510520147331e-02,1.695340453579169404e-01,1.702087909132895538e-01,1.376424211636808996e-03,6.188764944119551359e-01
4.137490502622347133e-02,1.422414252622714315e-01,1.054559442922364532e-01,7.892488962474191513e-04,7.101384765230212004e-01
2.724056488838170337e-02,4.200995742352196111e-02,4.309409902792962072e-02,5.317055634223323817e-04,8.871236730967444473e-01
4.853181242966182057e-02,8.250565489512948214e-02,5.860974183406224280e-02,7.237576130572522101e-04,8.096290332280891011e-01
7.082792531102538591e-02,1.806410485226188634e-01,1.146809304209489566e-01,1.262980741217557953e-03,6.325871150041891822e-01
3.658278502558610229e-02,1.601370815348457377e-01,6.049043972198314689e-02,5.315189067793425065e-04,7.422581748108056932e-01
2.147124520567239223e-02,1.054221681665466204e-01,4.209757111164462440e-02,2.677798803423355411e-04,8.307412356357939398e-01
1.343829955670395454e-02,9.234630805520863128e-02,4.308531032618816842e-02,3.041163277372495029e-04,8.508259657341618043e-01
1.042822757730461729e-02,3.040633580903303462e-02,2.033561868318305502e-02,1.910171626470641968e-04,9.386388007678321266e-01
5.097600128594824767e-03,1.880925212968260086e-03,1.863078531155675215e-03,3.047284316478655156e-05,9.911279232841163633e-01
3.269338510995061474e-03,3.707389598108756269e-03,2.808203491386482287e-03,3.888733296769839156e-05,9.901761810665419272e-01
5.648680767704524625e-02,2.913256599650256452e-03,9.750544116354754268e-04,2.683442243579715230e-05,9.395980468892330961e-01
1.170480336916209230e-01,2.298901852499682721e-03,1.187383173954591805e-03,5.344232100189018353e-05,8.794122389609230206e-01
4.958545502583013714e-02,9.885199855866395879e-03,3.415890748572577608e-03,9.403208384434993039e-05,9.370194222858866384e-01
1.301106262792083301e-01,3.489334616956881602e-02,2.607353229767230343e-02,5.268393722758363262e-04,8.083956558812747106e-01
1.381362567707423161e-01,1.012308791584712736e-01,7.754750959956782652e-02,9.764683122553884055e-04,6.821088861589632568e-01
4.791914083933545426e-02,5.175758420588112002e-02,3.205553528229693888e-02,3.795778194181097286e-04,8.678881618530683850e-01
1.167482748475106163e-01,4.340140517526627079e-02,2.719341223989921175e-02,4.112540889319361457e-04,8.122456536483917411e-01
9.059305817864291566e-01,2.353937760361159842e-02,9.842306496485148451e-03,2.798998294807267923e-04,6.040783428399335020e-02
9.676895537636170941e-01,1.418065963673739716e-02,4.402069464977475567e-03,1.918622634230436868e-04,1.353585487124488174e-02
9.569098929174212342e-01,1.798758393453005894e-02,7.214605228122719302e-03,3.698082856874640358e-04,1.751810963423867940e-02
7.359802038403341351e-01,4.741342753051170505e-02,3.037218058810254098e-02,1.232855764690156831e-03,1.850013322763613688e-01
4.476598814727397180e-01,3.089694063226441911e-02,3.859260658319366155e-02,1.131671456838011540e-03,4.817188998549642998e-01
5.057311443490651870e-01,5.983050609762106259e-02,1.118460773788566287e-01,2.831945891210220848e-03,3.197603262832470206e-01
6.024535440539631193e-01,2.854567926367562736e-02,6.620238311227820416e-02,2.247207247761831214e-03,3.005511863223212510e-01
3.665504514332941777e-01,1.339402029805510930e-01,1.248666867342330955e-01,1.825254596589753623e-03,3.728174042553319967e-01
1.357980798101398601e-01,2.741424322567199146e-01,3.941003556275214925e-01,1.461515601005294830e-03,1.944976167046134907e-01
1.410691657390938103e-01,3.329804833995063662e-01,3.805138880335224294e-01,1.573827542342182964e-03,1.438626352855351953e-01
1.132673285551436815e-01,3.740675625732718390e-01,4.049714070652318809e-01,1.220694719678711406e-03,1.064730070866739403e-01
4.181566678132265374e-02,3.134401366733428063e-01,5.569303612340289478e-01,1.079865001091594645e-03,8.673397031021401471e-02
3.305934730714153724e-02,3.544817560695188163e-01,5.148972610916505710e-01,1.194909598948179323e-03,9.636672593274098197e-02
4.401791847291545989e-02,3.598718764599380115e-01,4.831070647969901710e-01,1.457847464846458597e-03,1.115452928053099341e-01
2.502628795084765531e-02,3.151602785389186479e-01,5.720655183530513055e-01,1.359656604140615892e-03,8.638825855304166357e-02
3.145154091643605210e-02,3.155544266357660499e-01,5.977054571965106922e-01,9.352727429272912054e-04,5.435330250835999216e-02
3.395246686351725135e-02,2.910335768945281343e-01,6.337100889066279441e-01,1.240039248214937391e-03,4.006382808711174415e-02
5.320458746495506513e-02,3.221107058374455545e-01,6.014837561233792318e-01,9.548863989936180437e-04,2.224606417522647511e-02
3.668140142590378683e-02,1.943883577991724343e-01,7.539986238919881290e-01,2.033490390768259975e-03,1.289812649216734268e-02
1.555719162559114112e-02,1.430702696915238936e-01,8.305786519802802470e-01,1.854321417197599955e-03,8.939565285407121559e-03
1.035596492609645695e-02,1.451789905638318223e-01,8.261216344617172691e-01,1.902138748259474396e-03,1.644127130009507068e-02
7.756245227689331952e-03,1.127541986744195618e-01,8.643066081915846688e-01,2.480409309475988498e-03,1.270253859683042469e-02
2.678059151441746638e-02,1.678824461876976260e-01,7.919179503719372404e-01,1.978897841181778174e-03,1.144011408476587090e-02
4.759493274752635283e-02,2.220176609508595911e-01,5.929896612086406060e-01,1.811270516553282160e-03,1.355864745764202295e-01
5.260066607711354203e-02,3.031034633034697667e-01,4.792627226930703532e-01,1.283967505300875368e-03,1.637491804210453872e-01
1.709113230897533683e-02,1.836368856558539542e-01,7.506446987913544255e-01,1.282826095363838285e-03,4.734445714845244430e-02
8.521283930825872266e-03,1.856056845490182960e-01,7.656438562476710619e-01,1.046445049603151028e-03,3.918273022288171203e-02
1.010908619787403984e-02,1.497020379140048818e-01,8.154029801065737493e-01,1.255012685634128477e-03,2.353088309591313057e-02
8.561691216458784670e-03,1.712642026686112540e-01,7.716777245747088454e-01,1.312000642084487374e-03,4.718438089813661168e-02
8.955792324209864430e-03,1.639718918983041618e-01,7.880595214718622010e-01,1.150303150778344760e-03,3.786249115484542627e-02
1.119340441593766333e-02,2.048534992124253773e-01,7.463141363267772332e-01,1.014006821744936658e-03,3.662495322311484086e-02
1.598517933189222417e-02,2.057384871583413377e-01,7.332847576491278163e-01,1.221281773173483630e-03,4.377029408746500871e-02
1.639866072650866466e-02,2.703939603304169048e-01,6.581737817966104576e-01,9.677828694828692060e-04,5.406581427698105985e-02
1.627853606038430490e-02,2.850083206240485723e-01,6.423918893771579652e-01,9.248250085272376143e-04,5.539642892988193984e-02
9.904554036262322447e-03,1.680916703021547165e-01,8.017764120809273143e-01,1.126279814089156108e-03,1.910108376656664136e-02
2.307593632948356718e-02,2.664684882802180188e-01,6.690182767799616181e-01,1.053163106074444123e-03,4.038413550426244586e-02
2.252494815062775629e-02,1.448679289114336299e-01,8.251883195903572110e-01,1.458295184656537968e-03,5.960508162924801900e-03
3.339908083997458199e-01,2.418212814368067565e-01,3.720289260561162048e-01,1.168293086337229402e-03,5.099069102099409306e-02
1.267410130547330371e-01,4.454596278759895278e-01,3.445452795036759164e-01,8.294892599579951117e-04,8.242459030564361355e-02
4.790786817392397867e-02,3.867483879981862827e-01,5.250078174866792402e-01,7.751771266329992747e-04,3.956074921457751470e-02
2.987912760776728974e-02,2.576408122164945969e-01,6.999279466232781743e-01,7.281376645181768248e-04,1.182397588794191143e-02
1.423416879163296074e-02,2.082581408729472783e-01,7.720935493948709594e-01,6.443295632611857572e-04,4.769811377287553299e-03
1.572003214162510931e-02,2.637496522898330475e-01,7.141592192778660753e-01,5.598734903808827218e-04,5.811222800294891556e-03
1.692817361308607618e-02,2.930417087434100121e-01,6.794944699165528235e-01,5.615883022598400047e-04,9.974059424691256517e-03
1.287178483233584678e-02,2.666235549676871930e-01,7.108279810933788578e-01,5.937294808796678798e-04,9.082949625718435283e-03
1.658226758802434572e-02,3.159649424972055809e-01,6.533949382127781647e-01,6.074060325864181608e-04,1.345044566940555367e-02
2.117475736067350733e-02,3.405183089817961362e-01,6.211536179697108029e-01,6.675514284293391576e-04,1.648576425939018986e-02
1.360265630348866245e-02,3.499589308974354052e-01,5.805612114369527177e-01,5.286694903207330744e-04,5.534853187180271972e-02
4.685966790417316064e-02,4.061531666879927838e-01,4.180454866810777714e-01,4.710486962715035677e-04,1.284706300304847559e-01
5.316453748801547308e-02,4.147461602138624026e-01,4.199076474003414772e-01,4.330813348203218951e-04,1.117485735629602933e-01
3.235210330801482209e-02,3.848599978684412726e-01,4.656530893112551528e-01,4.492081993134419303e-04,1.166856013129752706e-01
4.763409050167163178e-02,4.556691440161517725e-01,4.160505952392826723e-01,4.926958521501941836e-04,8.015347439074371749e-02
2.400547478113564115e-02,3.381693049637193860e-01,6.077148615744094595e-01,5.461984791748287398e-04,2.956416020156064917e-02
1.916956729645018231e-02,3.276099423554098555e-01,6.014608066883263549e-01,6.633464599723154324e-04,5.109633719984134348e-02
2.554993978891539896e-02,3.913639344664399111e-01,5.248733386350934449e-01,6.066352265070130241e-04,5.760615188304413214e-02
3.185961444159036982e-02,4.422250037780197096e-01,4.723216686965184818e-01,4.023076940431951709e-04,5.319140538982816691e-02
4.175599619699948972e-02,3.905421783330924601e-01,5.240899975760245910e-01,5.942627306974123226e-04,4.301756516318602785e-02
2.052280210006851915e-02,3.398499260359573171e-01,6.072582282884976257e-01,7.725942556440445986e-04,3.159644931983242311e-02
2.724249251108254444e-02,3.755208029086385957e-01,5.722612521283254594e-01,6.324841769517970712e-04,2.434296827500154539e-02
1.755504283308265481e-02,2.338716146982918465e-01,7.369021236112917039e-01,7.772482344128852846e-04,1.089397062292084273e-02
2.194978705245838671e-02,2.875294335698634907e-01,6.680940855207981866e-01,5.128385261613085857e-04,2.191385533071843125e-02
2.334016070859792902e-02,2.964802047160535747e-01,6.275277040702554876e-01,5.509698112839224232e-04,5.210096069380902584e-02
1.125622722481660169e-02,1.701209268665218044e-01,8.068345196139526943e-01,6.443329191134882904e-04,1.114399337559546753e-02
1.006395409137496137e-02,1.909714792270402750e-01,7.880051395772316170e-01,6.405743771296605995e-04,1.031885272722352261e-02
1.365806025127712098e-01,3.209291132662211443e-01,5.088769264799396508e-01,5.614995315595148551e-04,3.305185820950837933e-02
9.744105392481647310e-02,4.843622595262860320e-01,3.823277143260466748e-01,4.081468248893515595e-04,3.546082539796142213e-02
2.802356695339124071e-02,4.666784570663187193e-01,4.082947598334527584e-01,4.060237522468422761e-04,9.659719239459041429e-02
2.089962252924455754e-02,3.593563160103696585e-01,5.696632483076080611e-01,4.722798553873075716e-04,4.960853329739048356e-02
1.209623523946504013e-02,3.211976075783796736e-01,6.153783535567679541e-01,4.414481070770757140e-04,5.088635551831013210e-02
8.110728140137970013e-03,1.002806614021746756e-01,2.214097837700498006e-01,3.597758556008766101e-04,6.698390508320367642e-01
1.493713567910495005e-02,1.577130550245209872e-01,5.404942450967656908e-01,7.835671879229293754e-04,2.860719970116855082e-01
2.428044427497303911e-02,1.828906929995386399e-01,6.050483993381190473e-01,8.120860433850618770e-04,1.869683773439841934e-01
2.840878237958292460e-02,2.168729515593114110e-01,6.282316582526183968e-01,7.160019486207900652e-04,1.257706058598664078e-01
2.409769215022197417e-02,2.298411203282827719e-01,6.503105724558486678e-01,6.645570900731517100e-04,9.508605797557334594e-02
1.907647614559053809e-02,2.122706969853010162e-01,7.011176197491191253e-01,7.137222553384313557e-04,6.682148486465076809e-02
2.681640173954301723e-02,2.819462097634508613e-01,6.148895077026106382e-01,6.135165249924304275e-04,7.573436426940301225e-02
1.620172367397305566e-02,2.734552050825631575e-01,6.608495691309874687e-01,4.289236631564427365e-04,4.906457844932002321e-02
2.107672814195942976e-02,3.029166277913534211e-01,5.652999914454701624e-01,4.007961191792261423e-04,1.103058565020377524e-01
1.831794260041432615e-02,1.611628768663598554e-01,2.911933517233171731e-01,3.779626987118855203e-04,5.289478661111968183e-01
3.074325236424309271e-02,1.610765699308529530e-01,3.100171905810968354e-01,3.599096325753812359e-04,4.978030774912318157e-01
3.684492888061272758e-02,1.599152491888408689e-01,5.860657890915215162e-01,6.803124384196967880e-04,2.164937204006051330e-01
3.766327387666597304e-02,1.523673319638820245e-01,6.749534760080022622e-01,1.152911346230385461e-03,1.338630068052193423e-01
3.077880684936752653e-02,1.258704761235985015e-01,7.363548896026618218e-01,1.317084378599882831e-03,1.056787430457724192e-01
2.447721193064710671e-02,1.489647131243961031e-01,5.915775256856954378e-01,7.311864751912172016e-04,2.342493627840701864e-01
1.916584790725689783e-02,1.992568173300507672e-01,4.924361282713555221e-01,7.223583339462514956e-04,2.884188481573906060e-01
3.208678267654518912e-02,2.813779725203451321e-01,4.284737984669823585e-01,6.155067731947748465e-04,2.574459395629325464e-01
1.747344188440038207e-02,2.448401455847765140e-01,5.628699493595336056e-01,6.486820004784465271e-04,1.741677811708109147e-01
1.330879557105942197e-02,1.889502209352975914e-01,7.298537469403693079e-01,7.905605864092482473e-04,6.709667596686434698e-02
1.381777804373162874e-02,2.143684148843238713e-01,7.378646620938009715e-01,4.609136220611639422e-04,3.348823135608215013e-02
9.049454756290858937e-02,2.162205540083428634e-01,6.730394568147770595e-01,1.072319371518556550e-03,1.917312224245295432e-02
7.135158327873279971e-01,8.184709683879126674e-02,1.679701449960925574e-01,1.075727680070640057e-03,3.559119769771758313e-02
7.351549853986238947e-01,5.554303214966524460e-02,1.154496921301012141e-01,2.074445144703776153e-03,9.177784517690579236e-02
7.571471680705840201e-01,3.909794716930359987e-02,1.207391471043507553e-01,4.208673350609318069e-03,7.880706430515241334e-02
7.242504449576890879e-01,3.878827559432426741e-02,9.304514405457819937e-02,3.262039264148448338e-03,1.406540961292600256e-01
6.435091218972454064e-01,3.852996000392239911e-02,7.883040493521617509e-02,2.196490826235515496e-03,2.369340223373805898e-01
7.378645310422999870e-01,2.811959474982735421e-02,4.561287108669255519e-02,1.306335215368449251e-03,1.870966679058117810e-01
6.517664861693833744e-01,8.397692603264543532e-02,1.689316872113409973e-01,3.836404511965650285e-03,9.148849607466436051e-02
4.425106548169825404e-01,1.042589172162776551e-01,1.896164505594580552e-01,3.522443658778118096e-03,2.600915337485036338e-01
6.949486263968621680e-01,9.230112937708419285e-02,1.241197778791392620e-01,2.294805925148009438e-03,8.633566042176633870e-02
3.693871043423201939e-01,2.274472426044426288e-01,2.284180235054439068e-01,2.702714325374445427e-03,1.720449152224188816e-01
3.125586909798869772e-01,2.181480237447861736e-01,3.643475798399160581e-01,3.476782418892827853e-03,1.014689230165178591e-01
2.572631205906085738e-01,1.010882302821955736e-01,5.360767841432592107e-01,7.800448980029764563e-03,9.777141600390688858e-02
8.326259145315693111e-01,3.984719720192818337e-02,8.378705699932745277e-02,2.400723349462396527e-03,4.133910791771252397e-02
6.020893859122674607e-01,8.391317001372189388e-02,9.849316560407204990e-02,2.689284314905018847e-03,2.128149941550336044e-01
4.932254969706940106e-01,1.386930552479334611e-01,1.955991804525437361e-01,2.748850828016052589e-03,1.697334165008127227e-01
3.116570315778837141e-01,1.918935056287547347e-01,3.987264222355944021e-01,4.592277278320955336e-03,9.313076327944631860e-02
3.650056365729185126e-01,9.235698906762145055e-02,3.145281858337709013e-01,7.350639563493239007e-03,2.207585489621958497e-01
1.577862574549727670e-01,1.141958829646547852e-01,5.452123015121953520e-01,8.741313518352424039e-03,1.740642445498246649e-01
2.311855037533168400e-01,1.044117521220585126e-01,2.988716781215446927e-01,4.047306452417876246e-03,3.614837595506620871e-01
2.138810430849631961e-01,1.318460088521239137e-01,2.603585064616117384e-01,2.816360351820253443e-03,3.910980812494809222e-01
2.373890725811619029e-01,1.143379642602584678e-01,1.611144170842057632e-01,1.657797801860198383e-03,4.855007482725136603e-01
7.247293854167052851e-02,1.475612711677175559e-01,2.488848876849940328e-01,1.560597244469276793e-03,5.295203053611485799e-01
4.938002166092488737e-02,9.218463943710175634e-02,1.580037523356319085e-01,1.043953460440564607e-03,6.993876331059009077e-01
6.923014620504933103e-02,4.823127260766980895e-02,1.335702098496405199e-01,1.086480376006690104e-03,7.478818909616337107e-01
3.848273896905302083e-02,3.950036077629490161e-02,1.604201021293064910e-01,1.318933920301492129e-03,7.602778642050440627e-01
2.792519953256020551e-02,4.266646290894923754e-02,1.194530402297379890e-01,8.189671400738610194e-04,8.091363301886786985e-01
7.702142158298574959e-02,6.093887488735176550e-02,8.060132229100702705e-02,7.968939523447744538e-04,7.806414872863107757e-01
7.075516184692359767e-02,1.389486302980112165e-01,1.998407609995226375e-01,1.342600322538768263e-03,5.891128465330037756e-01
1.225752961973845950e-01,1.615284930253817475e-01,2.229994273839535912e-01,1.244416120655299478e-03,4.916523672726247352e-01
9.451449028536410002e-02,5.996355052627138499e-02,2.222855576766354369e-01,4.223409573471368500e-03,6.190129919382577617e-01
2.383048932205785592e-02,4.544684657061994620e-02,1.230794407775951393e-01,1.339276669038815589e-03,8.063039466606880534e-01
1.620906648174621698e-02,4.937994586635796601e-02,5.511105165272563167e-02,4.655106290173709931e-04,8.788344253701529940e-01
1.048117915273312321e-02,3.760512623726232351e-02,6.039579142039096932e-02,4.859397217466161507e-04,8.910319634678670608e-01
1.543014130473947115e-02,4.505832645843767942e-02,3.578272092892313683e-02,2.780488727931344013e-04,9.034507624351065802e-01
1.442073872830425263e-02,2.478399884997112279e-02,1.337523556074419508e-02,1.125844329317545920e-04,9.473074424280486516e-01
1.179947764909210217e-02,2.494835771947128203e-02,1.792347286453100513e-02,1.351425898752823152e-04,9.451935491770303566e-01
1.754578100768552223e-02,3.685809991659262652e-02,2.501900922817314188e-02,2.318695471257394068e-04,9.203452403004230842e-01
7.377062510515551563e-02,8.225791538556351257e-02,1.221944811553468818e-01,1.046770580679591686e-03,7.207302077732544721e-01
2.335068317355652734e-02,5.271071464515293681e-02,8.176516992092040803e-02,6.502035952292812507e-04,8.415232286651408433e-01
1.077354440022723799e-02,4.562326061695143320e-02,1.014185941325569384e-01,7.729171886241899703e-04,8.414116836616403194e-01
1.697438186364974566e-02,8.142349465125763019e-02,2.107662239531983006e-01,1.227957000839855969e-03,6.896079425310543964e-01
2.275739235859497445e-02,1.130588315277066408e-01,2.865039306147075804e-01,1.434051999843743161e-03,5.762457934991470632e-01
3.982294379374171078e-02,2.096540895308735830e-01,2.127564519271064603e-01,7.902223376071792300e-04,5.369762924106710189e-01
2.582578617368434803e-02,1.977322775231576679e-01,5.852661891639282521e-01,1.437558822279879408e-03,1.897381883169498018e-01
1.742301968782478810e-02,1.451162291915212565e-01,6.799414369890345311e-01,2.086961804873820828e-03,1.554323523267455431e-01
2.160666575229006070e-02,1.940432741033681907e-01,4.330164662441297607e-01,1.125154615625336037e-03,3.502084392845866145e-01
3.311513945426169253e-02,2.553104682558628435e-01,3.597234881962805275e-01,8.095006698133029111e-04,3.510414034237816505e-01
1.594136495066882445e-02,1.692010470480483086e-01,1.335966064297350042e-01,3.813626003367351835e-04,6.808796189712110758e-01
1.836033902196982856e-02,2.046218486801887892e-01,1.680986197237318014e-01,4.537073958761729596e-04,6.084654851782334006e-01
1.475576799086861061e-02,1.661019021726500289e-01,3.997261681977508085e-01,1.225073358482175936e-03,4.181910882802485352e-01
1.608723655333358857e-02,1.691959961821068725e-01,3.883899861808423060e-01,1.090615157689326297e-03,4.252361659260278093e-01
2.092447418375549192e-02,1.488456377251130280e-01,5.043081775607645145e-01,1.236394020852571007e-03,3.246853165095145433e-01
1.769814460647060883e-02,1.425760168309188891e-01,4.475467095348255597e-01,1.032331069093002634e-03,3.911467979586917831e-01
1.867652851557893151e-02,1.788148055554699134e-01,5.313478021130157991e-01,1.027862107554755079e-03,2.701330017083805601e-01
2.293448559937972392e-02,2.756388000807922234e-01,4.017597431232201033e-01,4.808237772356903188e-04,2.991861474193721060e-01
2.413441223837307220e-02,2.753147136480751933e-01,4.826856369216862008e-01,5.068726035426863227e-04,2.173583645883229443e-01
1.851248828754552961e-02,2.582523345442271911e-01,3.758971702548867255e-01,6.337377805362688589e-04,3.467042691328042214e-01
2.741074001468392016e-02,3.306537253076633487e-01,3.996929646429355221e-01,6.507524869848084828e-04,2.415918175477323460e-01
1.795451799537393228e-02,2.588029900513122983e-01,5.882814860978837768e-01,7.208669995484112908e-04,1.342401388558815689e-01
1.311925767766572264e-02,1.690128471513411557e-01,4.741194406862660471e-01,1.102799519305021521e-03,3.426456549654220418e-01
1.789782479042455188e-02,2.463612990037446770e-01,4.376502857154607740e-01,9.911881910224496460e-04,2.970994022993475592e-01
1.487217934950805717e-02,2.574391940507438914e-01,4.856178478246378494e-01,1.156510532445643481e-03,2.409142682426647086e-01
9.167150059695506129e-03,1.732562311150723788e-01,5.335924848384187014e-01,1.140167714458868893e-03,2.828439662723545855e-01
1.274195670980597314e-02,2.349125829788620556e-01,4.808600837924329463e-01,1.019111494131747517e-03,2.704662650247672273e-01
1.649817146043711796e-02,2.245127306551447377e-01,4.180310552131774049e-01,1.017427496281865865e-03,3.399406151749589378e-01
3.302273264657865776e-02,2.722921480365211311e-01,3.981598129808588404e-01,9.020312475975615640e-04,2.956232750884437710e-01
2.076922734431704137e-02,2.815216330201381068e-01,3.378473237141438879e-01,5.548700239676380465e-04,3.593069458974332275e-01
1.562215640817616290e-02,2.375908068108728843e-01,3.644278445036687186e-01,7.108302698827033937e-04,3.816483620073995442e-01
2.365464610292626960e-02,2.299081422750572368e-01,4.348016861446806214e-01,1.089976178793941120e-03,3.105455492985418897e-01
2.990937952624899906e-02,2.490108730748813448e-01,4.011198483994135033e-01,8.276394017484698003e-04,3.191322595977076904e-01
1.797241905914312085e-02,1.878129714475931245e-01,3.208220575958754539e-01,6.185188116444454223e-04,4.727740330857439499e-01
2.359725047030430956e-02,1.708466082902343475e-01,3.433079958160035194e-01,8.518672638185602808e-04,4.613962781596393503e-01
1.803495541192562043e-02,1.201773833469609587e-01,2.019049873558763641e-01,4.866674699543519444e-04,6.593960064152826206e-01
3.389737721261814468e-02,2.219945030203364089e-01,2.907487406572165645e-01,5.773585476926024630e-04,4.527820205621362892e-01
3.492294611059590381e-02,2.826308306640217816e-01,3.804878676452136399e-01,5.671917803275716404e-04,3.013911637998411552e-01
2.566327714693238116e-02,2.471388823232469889e-01,4.292251443080523643e-01,7.991848264215279827e-04,2.971735113953467566e-01
2.119533733874557832e-02,1.760710961920941842e-01,3.558533761970650300e-01,8.936443847762086954e-04,4.459865458873190081e-01
1.935293186741277732e-02,2.196821189933190477e-01,4.633610515154558129e-01,1.157249947805426326e-03,2.964466476760069247e-01
2.411182507521686738e-02,2.292624550515821313e-01,5.110052266267995913e-01,1.555093105640906409e-03,2.340654001407604379e-01
2.495474307911196843e-02,2.965183509885255253e-01,4.739069190864705905e-01,1.418827769795118600e-03,2.032011590760969266e-01
1.466210917029970792e-02,2.937238883768297781e-01,4.096344188609276071e-01,8.866952097298404353e-04,2.810928883822130242e-01
1.902644728254912140e-02,2.451234372596581002e-01,4.463799393823022488e-01,1.487787626705891573e-03,2.879823884487847097e-01
1.611725346966407305e-02,2.216616318617179449e-01,4.902418815524310913e-01,1.574913231631157665e-03,2.704043198845557661e-01
1.189652068995998048e-02,2.406770330648484724e-01,5.569497816030761772e-01,1.143338502797070291e-03,1.893333261393182476e-01
1.798233297543022982e-02,2.691527327218933840e-01,5.656670277366447896e-01,9.508678474302724275e-04,1.462470387186013410e-01
2.546007403090553428e-02,3.158139404606082890e-01,4.499518781902901443e-01,7.135499417209601727e-04,2.080605573764750249e-01
2.870991567690420188e-02,3.715505340975076565e-01,4.373088362283928388e-01,6.824478596579152540e-04,1.617482661375373998e-01
2.296223470650448489e-02,3.541808356822854220e-01,4.899263607768570838e-01,7.031906880241307455e-04,1.322273781463288722e-01
2.278959431943131803e-02,3.165314635217150174e-01,5.294069613940262098e-01,8.039359291061329380e-04,1.304680448357211919e-01
1.642458041176120612e-02,2.393908392246398009e-01,6.542373179209720613e-01,1.088676097898590503e-03,8.885858634472834638e-02
1.575341284982290785e-02,2.713934945074932825e-01,6.162480348471999214e-01,8.748382504682888656e-04,9.573021954501557962e-02
2.670720998493104556e-02,3.344209952911313399e-01,5.145504209559049746e-01,8.742327790154818569e-04,1.234471409890172955e-01
3.002657527963740677e-02,4.015229133556888486e-01,4.610382668729960942e-01,8.336277441139578219e-04,1.065786167475636370e-01
3.239993732502165213e-02,2.906673667515591863e-01,5.081559738361092204e-01,1.508602220904411246e-03,1.672681198664054680e-01
2.646200153742050282e-02,2.830896855945474466e-01,5.468279583368721442e-01,1.099657731813252987e-03,1.425206967993465079e-01
4.179180052900712677e-02,2.385605848751761182e-01,4.666210498587170519e-01,1.758924618776689644e-03,2.512676401183229768e-01
3.540498991018663222e-02,1.387950935702275124e-01,6.546866032109613931e-01,1.992828082538761290e-03,1.691204852260856373e-01
2.310102375650972470e-02,1.951261581592161343e-01,5.763584513214886629e-01,1.934887995425806822e-03,2.034794787673596672e-01
3.934482489851275078e-02,2.205568203261574212e-01,4.084712085060188125e-01,1.780695198480621803e-03,3.298464510708303266e-01
3.387963956624449186e-02,1.851667079260941595e-01,5.264414533241015270e-01,2.072606157912851906e-03,2.524395930256469467e-01
5.031705983489395684e-02,2.457938193029825247e-01,4.325992131245677830e-01,1.937878794066300210e-03,2.693520289434894188e-01
3.476301036029564445e-02,2.884284545227132068e-01,3.382554531102137663e-01,1.233758501020547262e-03,3.373193235057569406e-01
2.386508589484359621e-02,2.169641865252407431e-01,6.322631952645417774e-01,2.262726258894361304e-03,1.246448060564795401e-01
1.319566125237989565e-02,1.456373323408319820e-01,7.591092546976223598e-01,2.746591385871354884e-03,7.931116032329432741e-02
1.053976267211799780e-02,1.609346078526606438e-01,7.440623224746736319e-01,2.215496091119012034e-03,8.224781090942871742e-02
2.431135390040352687e-02,1.720901476238461403e-01,5.656365773864383550e-01,2.185429619504619496e-03,2.357764914698073644e-01
1.917652775436435794e-02,1.055355291085243175e-01,5.181023733440204282e-01,2.160100957281038160e-03,3.550254688358099320e-01
6.846143697330803191e-02,2.079784261488578645e-01,3.945596615091249704e-01,1.228094193377527853e-03,3.277723811753316396e-01
1.874856844745761975e-02,1.388962801387917390e-01,5.658531315233306103e-01,1.415833434480595404e-03,2.750861864559394077e-01
3.143112062028983328e-02,1.987490209306680966e-01,4.952765222151714886e-01,1.077431152988557374e-03,2.734659050808819769e-01
4.150715915031644165e-02,3.133096476458975821e-01,3.480548080266566147e-01,6.025694461046828812e-04,2.965258157310246001e-01
2.820914756347361191e-02,3.967726868237033688e-01,3.350026586802711259e-01,5.673178443334940882e-04,2.394481890882183273e-01
1.779240957290204039e-02,2.962276850705490294e-01,5.566270458416786582e-01,7.579522466076249422e-04,1.285949072682626426e-01
1.850725370414968082e-02,2.995529920187308681e-01,3.777918213018165994e-01,7.397668013311750179e-04,3.034081661739717051e-01
1.553196105862921644e-02,3.008153598627145708e-01,4.976021143275692893e-01,6.858140429923571552e-04,1.853647507080945500e-01
3.454379337345710871e-02,2.713187708978540558e-01,2.639984763550734526e-01,4.997404387618455774e-04,4.296392189348535728e-01
4.141224726760884406e-02,2.477187012987279724e-01,3.795106558461149859e-01,5.699326208602163105e-04,3.307884629666880683e-01
4.186472609877039952e-02,2.246517088987107780e-01,2.343271269168343829e-01,5.028566678441441203e-04,4.986535814178403303e-01
6.177395376030581260e-03,6.825507074297512342e-03,6.062137942775745053e-03,3.823420548009757075e-05,9.808967254014160364e-01
5.774137892924961768e-03,1.129102882176859224e-02,5.971939037902542977e-03,4.289376222351418193e-05,9.769200004851804620e-01
9.903933446346312522e-03,1.132180345443044127e-02,7.203601795197505514e-03,5.074510510420516792e-05,9.715199161989215293e-01
