6.734933885167703194e-01,7.519891925464979032e-02,1.136674892286022864e-01,4.107503777201976236e-02,9.656516522795792479e-02
9.114608972894853167e-01,3.174719042225719601e-02,1.693653868836226400e-02,3.198538235362700585e-03,3.665683536453227115e-02
9.824982395916387334e-01,1.126855362724807526e-02,2.438005618369315855e-03,2.921201813002210807e-04,3.503080981443582216e-03
9.900233557837988529e-01,7.976205442517092514e-03,8.318849250392706257e-04,5.271396015237781981e-05,1.115839888492595449e-03
9.967464732430300067e-01,2.448335899217204438e-03,3.489697267146797243e-04,2.847406279642958121e-05,4.277470682418299075e-04
9.978595161141745606e-01,1.749928349419941102e-03,2.108807133146475702e-04,1.421588799947010403e-05,1.654589350914729225e-04
9.960430647694316075e-01,3.246658254976099618e-03,5.631806771559474565e-04,1.375586713549156094e-05,1.333404313007992953e-04
9.979866132406848278e-01,1.659008426087945319e-03,2.802014860752308971e-04,7.839251075604867217e-06,6.633759607639036666e-05
9.983200127572731120e-01,1.351257254494724579e-03,2.637791001084817356e-04,8.734061732641220499e-06,5.621682639082561445e-05
9.994000280829122840e-01,4.810332117730535344e-04,9.130793795720674793e-05,3.687682897048864032e-06,2.394308446043267067e-05
9.993366907187757331e-01,5.349548188490901249e-04,1.025025429135842088e-04,3.819073780412913062e-06,2.203284568126033578e-05
9.993551201305386211e-01,5.137127584477063766e-04,1.060215925535760241e-04,4.537290167209685723e-06,2.060822829278694700e-05
9.992138064996511915e-01,6.242539632150671293e-04,1.299137246590073894e-04,4.396851024145275888e-06,2.762896145074812470e-05
9.983557978248326359e-01,1.390772190353232280e-03,2.133089274392137497e-04,6.644547049541812638e-06,3.347651032550784758e-05
9.974966932383708684e-01,2.156962009487114335e-03,2.829434019496196028e-04,8.531369055813668579e-06,5.486998113647298235e-05
9.993485195977308555e-01,5.408866633238616295e-04,8.414860828005210917e-05,3.294660813078550051e-06,2.315046985222494062e-05
9.992105217460452993e-01,6.532049756663295230e-04,8.818206386084346984e-05,5.207749821010480672e-06,4.288346460648019657e-05
9.991786959291906189e-01,5.637870774409281830e-04,8.128367548223485817e-05,8.201757609200477285e-06,1.680315602769774999e-04
9.975865375929700019e-01,1.511842562484716143e-03,3.545921627104804338e-04,3.323834009654693560e-05,5.137893417384078185e-04
9.937431076684358766e-01,4.171562912051119711e-03,1.189392795092597500e-03,9.296657364553694632e-05,8.029700507748791655e-04
9.901228003692610358e-01,6.152325815419058819e-03,2.596468530936755278e-03,1.525605766626644409e-04,9.758447077204656902e-04
9.758493375146044535e-01,1.644935718953324799e-02,5.024992889943838068e-03,1.135661040922169321e-04,2.562746301826052293e-03
9.699384549693359503e-01,2.014367774661678448e-02,5.584476303134935232e-03,7.293007566884493671e-05,4.260460905243476301e-03
9.776090504778192081e-01,1.424224614937634643e-02,5.007889626956601829e-03,4.632374655380208493e-05,3.094489999293990184e-03
9.885608665982799081e-01,6.007795320660891739e-03,3.205659713637739640e-03,4.518446784007715050e-05,2.180493899581205462e-03
9.959543128798212797e-01,1.703146893712540605e-03,1.804170933183022515e-03,3.562184182112835260e-05,5.027474514619809749e-04
9.963336916944466326e-01,1.448338708126923387e-03,1.591307531446994623e-03,5.224988055231148692e-05,5.744121854269401348e-04
9.952897906170422582e-01,1.743985665321390625e-03,1.871762120579505920e-03,4.577284614898174763e-05,1.048688750907849883e-03
9.854917535349844160e-01,4.121391640541137782e-03,4.310658973826433753e-03,8.492922171538040254e-05,5.991266628932653653e-03
9.775466467461929598e-01,3.201029479250174902e-03,2.519480264024875037e-03,7.407190727891707757e-05,1.665877160325301629e-02
9.673614042680734881e-01,2.261736902562376701e-03,1.437233249005634905e-03,5.135204072180054398e-05,2.888827353963672670e-02
9.715351031717986974e-01,2.463361905775571150e-03,2.267797257602875878e-03,9.671397853149306498e-05,2.363702368629149939e-02
9.572652305142036466e-01,3.514560854873912017e-03,9.482990156347834154e-03,3.891886859399582097e-04,2.934802978863473161e-02
9.598651871928388646e-01,4.889112196925819546e-03,3.316614190323829026e-03,1.610168072888216117e-04,3.176806961262260837e-02
9.664737830570954147e-01,7.267868679157737238e-03,4.029594527699559454e-03,1.201774710468513573e-04,2.210857626500043610e-02
9.903359264034989895e-01,2.241999464306505731e-03,1.138576281857271548e-03,7.104140982014446755e-05,6.212456440517154753e-03
9.835327177723267589e-01,5.464051215438516136e-03,1.789789704006204425e-03,8.262511863265158357e-05,9.130816189595795593e-03
9.742212167504308296e-01,1.418989509761577061e-02,3.815763272726840905e-03,1.332260436665774490e-04,7.639898835559976245e-03
9.542340088559192468e-01,3.092180006066620745e-02,4.807423171761113917e-03,1.330659624548918537e-04,9.903701949198442933e-03
9.564666524311834506e-01,3.355881107559803567e-02,4.453230814913569646e-03,1.159813269045903791e-04,5.405324351400286886e-03
9.859508750754899520e-01,9.019851448229688345e-03,1.725645484567332917e-03,9.119847494592548710e-05,3.212429516767163935e-03
9.895557908451572127e-01,6.755351664026480220e-03,9.057875168979889497e-04,5.459292273930022656e-05,2.728477051178946483e-03
9.828432890511621389e-01,1.212474615880790828e-02,1.160160028404931543e-03,4.395202567589804845e-05,3.827852735949039201e-03
9.849136730729135536e-01,9.881871326179019963e-03,1.321702046636689205e-03,7.810344619278539082e-05,3.804650108077893556e-03
9.909722244074893327e-01,6.112929249416701287e-03,8.297377754899904617e-04,5.396512072433249730e-05,2.031143446879643544e-03
9.956634687465263367e-01,2.935473629379827844e-03,4.587128279012729908e-04,3.591421621388054180e-05,9.064305799786634638e-04
9.936977084373955771e-01,4.899044108961172518e-03,5.974185877579452379e-04,3.298024371354501768e-05,7.728486221717410180e-04
9.887115481049132404e-01,9.151802448486408281e-03,1.072715060203644497e-03,4.254211447333794069e-05,1.021392271923480784e-03
9.957473399344776155e-01,3.237779225831897111e-03,3.135302448658655551e-04,1.760568395838803881e-05,6.837449108661368749e-04
9.976681333969230625e-01,1.655237341792461462e-03,1.475184172991062057e-04,1.005827024973049125e-05,5.190525737357492208e-04
9.922018357171701330e-01,5.869912750082635459e-03,4.504391026386477589e-04,1.995681996702223905e-05,1.457855610141512055e-03
9.900989692293392652e-01,7.429397232664446647e-03,6.518292866245200537e-04,2.450391128712042617e-05,1.795300340084774685e-03
9.759298630055959212e-01,1.760348746026516378e-02,2.396569670401503278e-03,7.367611941226270193e-05,3.996403744325284502e-03
9.915831673535845381e-01,5.278005619168371632e-03,6.653489027605728528e-04,3.782128997147282738e-05,2.435656834514937641e-03
9.929912688248532238e-01,5.169925703319592364e-03,6.523709122366154467e-04,3.784299312615973420e-05,1.148591566464616338e-03
9.931564405389660122e-01,5.484834200684894981e-03,6.500851904558072741e-04,4.095699294092616913e-05,6.676830769523542895e-04
9.810290680136912744e-01,1.616258307246103837e-02,1.324967130996031108e-03,5.072714940229832364e-05,1.432654633449477986e-03
9.928401096969095008e-01,6.137744016784064255e-03,5.988482977709782542e-04,2.085005874201332056e-05,4.024479297933701767e-04
9.907304727798379451e-01,8.054448616490478968e-03,7.634758537512220666e-04,2.554533437906340921e-05,4.260574155412255376e-04
9.927013674944216159e-01,6.368985833397631038e-03,5.769716869223824899e-04,2.224690193622121516e-05,3.304280833220701787e-04
9.901181562166703198e-01,8.647748067750054071e-03,9.305077580470139543e-04,3.693461216783258189e-05,2.666533453648546039e-04
9.951757856436510563e-01,4.134028772070584209e-03,4.993613369658793854e-04,2.427902408097674087e-05,1.665452232313892778e-04
9.921725719533417420e-01,6.553187973432585654e-03,9.941676198108049048e-04,3.697664027133331364e-05,2.430958131435731213e-04
9.869905794196778270e-01,1.080075643728301525e-02,1.653680464855225530e-03,5.694200006946015550e-05,4.980416781145743238e-04
9.880887054224836152e-01,1.020733382706161436e-02,1.140654400485452587e-03,4.237294333670599787e-05,5.209334066327217516e-04
9.958996043103108819e-01,3.393332412733917561e-03,3.771981125098734094e-04,2.072832705756951576e-05,3.091368373880479031e-04
9.959760308735796652e-01,3.430751659198529643e-03,3.319423725842302877e-04,1.706121851134059463e-05,2.442138761262256739e-04
9.961860638361513809e-01,3.272452913034841655e-03,3.227127758548564446e-04,1.593472468257043227e-05,2.028357502763897952e-04
9.962465798631748859e-01,3.249981031247713495e-03,3.767930450019469886e-04,1.666503118902973600e-05,1.099810293862830149e-04
9.936235949950965596e-01,5.463663958900525502e-03,6.647076535113190113e-04,2.982442521268181137e-05,2.182089672789916130e-04
9.918962578069564495e-01,6.874288545794624873e-03,9.346174673443720772e-04,4.163475166885200027e-05,2.532014282357882918e-04
9.884668033611656579e-01,9.652838602100321380e-03,1.525085042899241693e-03,6.018876829863875985e-05,2.950842255361037724e-04
9.901909536271301659e-01,8.239470933544870354e-03,1.078891191972765600e-03,5.553569302968732412e-05,4.351485543225264130e-04
9.964792628538624575e-01,2.768960021801458206e-03,4.443395599575382122e-04,3.090760183178480725e-05,2.765299625467942447e-04
9.966772630066189631e-01,2.629422724300573260e-03,3.494587461124837270e-04,2.788688611369286247e-05,3.159686368544627416e-04
9.974463866823062297e-01,2.071044590749597427e-03,2.393389127185658650e-04,1.691502883606139701e-05,2.263147853894816963e-04
9.985210203844087085e-01,1.162036388595850348e-03,1.328743171999381928e-04,1.051642543160284801e-05,1.735524843639949790e-04
9.970162586242258262e-01,2.238653818268901158e-03,2.226461125075951549e-04,1.828272212942544899e-05,5.041587228681808884e-04
9.976935978454504195e-01,1.743354542156899797e-03,1.541631416188981891e-04,1.333212225381589681e-05,3.955523485198781828e-04
9.979520310337923750e-01,1.516518548145214884e-03,1.463666280675181470e-04,1.414817441322802694e-05,3.709356155816387487e-04
9.985487615088519675e-01,1.114149344177370674e-03,1.156892951910272715e-04,9.827710846419947612e-06,2.115721409330843892e-04
9.980760515042094161e-01,1.518494731009823210e-03,1.370593152151273054e-04,1.159286092007195387e-05,2.568015886456255395e-04
9.984298420530409723e-01,1.272625014504882857e-03,1.076683498014631722e-04,9.988325251869467413e-06,1.798762574007842371e-04
9.981251045783473552e-01,1.562672527718633308e-03,1.586703798909894854e-04,1.363788734034680296e-05,1.399146267028837231e-04
9.972765670645975522e-01,2.344225678778264193e-03,2.214666190621062075e-04,1.710014927391999244e-05,1.406404882880607640e-04
9.968577777430753795e-01,2.698044961296315689e-03,2.538825513123508398e-04,1.652310489437482013e-05,1.737716394215157631e-04
9.973640918897643814e-01,2.208263670011868709e-03,2.522692220360578407e-04,1.756609392608513150e-05,1.578091242615347299e-04
9.967702177120675300e-01,2.633604002860478240e-03,3.403190608791529072e-04,2.940053158760470137e-05,2.264586926053359503e-04
9.979590714819774888e-01,1.590908795105464360e-03,3.216710424735745068e-04,2.045344143249378809e-05,1.078952390110017958e-04
9.931094989467544876e-01,5.454037297624256091e-03,1.103689570105525868e-03,5.003511405168837266e-05,2.827390714639179585e-04
9.975293159176661373e-01,1.771684672482555251e-03,3.227868338051170013e-04,2.923231067027369710e-05,3.469802653757610676e-04
9.970280695258127990e-01,2.228454807081764206e-03,3.484736501296259925e-04,2.736970661709371027e-05,3.676323103587992138e-04
9.967342121471887140e-01,2.412754394888754535e-03,3.511952998521254438e-04,3.521687371252274409e-05,4.666212843578277747e-04
9.979985262770992849e-01,1.502339985750547917e-03,1.824740498018784295e-04,2.128497024309023450e-05,2.953747171053837492e-04
9.975775734678958839e-01,1.916216867443315411e-03,2.433977546600733246e-04,2.855775739125591798e-05,2.342541526095830759e-04
9.976159577720408178e-01,1.911990940490282355e-03,2.939127400118296063e-04,2.937602209791547199e-05,1.487625253592225793e-04
9.962112931900959367e-01,3.198656702426801429e-03,3.824585226995545002e-04,2.837016502088709298e-05,1.792214197568241859e-04
9.977634119803980850e-01,1.853719134434815910e-03,2.629864824135010656e-04,1.772946875785133788e-05,1.021529339955901995e-04
9.940751521836662663e-01,5.054395279776910561e-03,6.506816038661929029e-04,4.210967339303250376e-05,1.776612592973931734e-04
9.959855165469236882e-01,3.433240203928934666e-03,4.205188677951134796e-04,3.324775945396453479e-05,1.274766218982561561e-04
9.958611623329108875e-01,3.509632438683263703e-03,4.610693412014014829e-04,3.191972698135081381e-05,1.362161602230453194e-04
9.976260721562013600e-01,1.985462014906287480e-03,2.588793123956013571e-04,1.975111295528954569e-05,1.098354035413086127e-04
9.981119401929553492e-01,1.531068860670301533e-03,2.448944576931851133e-04,2.168195856129816155e-05,9.041453011980314929e-05
9.971146163877701030e-01,2.357942402513006023e-03,3.584145375399609354e-04,2.771034612685587965e-05,1.413163260500629526e-04
9.969725321167764998e-01,2.544441199867956971e-03,3.328905593278179138e-04,2.586386906854656141e-05,1.242722549592143908e-04
9.974200689276412346e-01,2.206533813341302400e-03,2.497226334419599286e-04,2.197805763701688228e-05,1.016965679383201624e-04
9.952963076303507073e-01,4.081038798338915315e-03,4.247737823022640184e-04,2.826234645521912242e-05,1.696174425527687359e-04
9.952098580304769015e-01,4.160539906452376258e-03,4.530136423578769536e-04,2.515151884013031033e-05,1.514369018728085219e-04
9.972263057028838418e-01,2.355109607974766213e-03,3.121891563452750939e-04,1.805185129755177987e-05,8.834368149872594582e-05
9.979767561969558054e-01,1.753014605554298767e-03,1.852266926940357623e-04,1.301528910409143890e-05,7.198721569163255094e-05
9.979635826920599806e-01,1.697419552268950764e-03,2.585913806521704470e-04,1.606487498378093273e-05,6.434150003502288166e-05
9.983730210098644697e-01,1.355886074669644106e-03,1.939825576868370728e-04,1.325926796307868871e-05,6.385108981627806780e-05
9.987344273714493514e-01,1.069854128534802884e-03,1.296469850602301882e-04,8.993533801105556885e-06,5.707798115444432779e-05
9.988187447545049391e-01,9.290962371689297011e-04,1.330638179606196162e-04,1.201767973927551571e-05,1.070775106262205381e-04
9.979541924356879479e-01,1.627223363423583018e-03,2.813137758412420490e-04,1.952060856718985246e-05,1.177498164801886623e-04
9.983460640595314128e-01,1.320035395153702513e-03,2.407865008783421066e-04,1.752286216396236034e-05,7.559118227257850212e-05
9.989182433151219120e-01,8.777019203630872200e-04,1.385056762933157041e-04,9.905929265501832356e-06,5.564315895607717155e-05
9.988638489756441752e-01,9.277010782368545630e-04,1.425148385760475480e-04,1.212442813165875107e-05,5.381067941121369161e-05
9.982872494548583608e-01,1.390622966128784608e-03,2.176210257352799101e-04,1.912315552047897483e-05,8.538339775711471281e-05
9.970014919151065635e-01,2.536648326483712749e-03,3.290276041744657392e-04,2.018397826969818221e-05,1.126481759654280294e-04
9.962792978348663508e-01,3.161760855017002082e-03,4.442979497369590721e-04,2.796438292389948998e-05,8.667897745568985980e-05
9.973630947848627359e-01,2.238525914058785583e-03,2.950339756049101645e-04,2.407377448846512570e-05,7.927155098519438016e-05
9.936104192257834145e-01,5.597368958996261877e-03,5.427669230448511385e-04,3.360705201429841846e-05,2.158378401612799842e-04
9.954123972780658525e-01,3.913351601611149595e-03,4.046542324870448120e-04,3.083053800150458085e-05,2.387663498346539862e-04
9.927637657686999573e-01,5.469845706241199292e-03,6.222458559293590763e-04,5.049751091850050136e-05,1.093645158210796971e-03
9.884096425510200401e-01,3.882782895504789666e-03,1.303704491947694534e-03,1.111971884361346696e-04,6.292672873091342302e-03
9.898265030345433368e-01,6.288019844977648341e-03,9.149143769137282715e-04,4.799290623820415952e-05,2.922569837327022683e-03
9.983301390097123473e-01,1.188539627420882568e-03,1.440145806776978545e-04,9.059750791098510742e-06,3.282470313980020808e-04
9.937514696518836566e-01,4.271877023399874365e-03,6.725430425580684532e-04,4.150808434708724691e-05,1.262602197811335926e-03
9.430482919977447587e-01,4.336846396970577000e-02,8.439884793060218118e-03,1.857939406318824581e-04,4.957565298857328356e-03
9.326307511999538669e-01,4.435499135017940964e-02,8.608143279210325391e-03,1.877401540556917483e-04,1.421837401660082725e-02
9.683079070154375634e-01,1.692894686919484484e-02,7.051218120816478072e-03,3.099200880681229854e-04,7.402007906483188369e-03
9.783563684393999926e-01,9.214902055704366976e-03,6.492441281310351586e-03,6.741172474722923434e-04,5.262170976113027254e-03
9.870324474942654414e-01,3.154492002718088835e-03,2.370988097061499551e-03,4.913608981164016001e-04,6.950711507838361683e-03
9.861981198684670602e-01,5.834726338879278953e-03,2.467103869745789716e-03,2.739933990825459175e-04,5.226056523825227743e-03
9.973918108180722664e-01,1.640289118622386072e-03,5.049541995312576770e-04,5.472311884433557472e-05,4.082227449298047131e-04
9.965490529275344844e-01,2.392441868958384340e-03,7.803918848102293871e-04,7.431846211986779241e-05,2.037948565769811464e-04
9.983014327829611290e-01,1.283939386966942214e-03,2.893510847268899750e-04,3.055456724059471817e-05,9.472217810438049251e-05
9.982094878666291082e-01,1.436050566648110292e-03,2.168519281308507946e-04,2.641291154054380862e-05,1.111967270513873808e-04
9.975888767642382415e-01,1.989078320561865707e-03,2.984731935066306952e-04,1.925949031485766768e-05,1.043122313785764277e-04
9.956196417075016125e-01,3.790596903600391802e-03,4.420121267997490682e-04,2.306203872604127136e-05,1.246872233721019099e-04
9.983196821077064964e-01,1.371695135328553300e-03,1.970987081184505569e-04,1.301806484090245798e-05,9.850598400569455983e-05
9.968194636077106763e-01,2.706413670669351613e-03,3.354695171364932647e-04,1.666920857631191499e-05,1.219839959071982219e-04
9.974745135609264235e-01,2.218900177038772310e-03,2.186095813625028232e-04,9.235298386535534232e-06,7.874138228567255653e-05
9.962044271269369089e-01,3.418409159287670585e-03,2.509071259319676822e-04,9.534547173585297924e-06,1.167220406699959065e-04
9.945762889801265105e-01,4.997713990853621356e-03,2.977799309815387370e-04,1.029887094746104124e-05,1.179182270907934269e-04
9.905370909146494762e-01,8.805169318379898677e-03,4.998294718147515761e-04,1.580148329449326540e-05,1.421088118614942668e-04
9.942664787941291049e-01,5.373067625359684643e-03,2.668918996399364434e-04,8.482751022719502729e-06,8.507892984856767833e-05
9.823944742382526574e-01,1.664113176991577694e-02,7.537800237532701940e-04,1.394032616742860197e-05,1.966736419108279239e-04
9.601723955916366959e-01,3.770359631041719090e-02,1.790697188818974944e-03,2.352037096280117930e-05,3.097905381643878365e-04
8.439508431626411289e-01,1.497859789625813343e-01,5.388994535021498708e-03,4.207778919947165338e-05,8.321055505565318720e-04
9.046986089534396758e-01,9.021914641465336726e-02,3.883375122277451727e-03,2.393550834602943544e-05,1.174934001283410535e-03
8.829314869415234579e-01,1.124574765849917224e-01,3.655598874684957197e-03,2.169471561562681412e-05,9.337428831843077974e-04
7.436215114913262703e-01,2.438704472507314813e-01,1.075598349308763343e-02,3.657033027794902329e-05,1.715487434576619180e-03
5.789914778616578328e-01,4.023353001259875605e-01,1.727312109659660463e-02,3.560087899822360504e-05,1.364500036759767800e-03
8.766775402264999073e-01,1.120645375840755437e-01,1.003368988747224688e-02,4.174976094178502265e-05,1.182482541010483699e-03
9.597246646783583746e-01,3.770248471777335603e-02,2.064349423120344362e-03,1.753881058763206454e-05,4.909623701603869949e-04
9.840248166035142630e-01,1.462600439446462910e-02,1.105433360251770105e-03,1.185131412617794228e-05,2.318943276432092345e-04
9.811070468209331930e-01,1.768377672707889536e-02,9.537377867736244064e-04,1.297586791711890491e-05,2.424627972972973403e-04
9.600227487028902829e-01,3.680673538526749167e-02,2.681251255456728200e-03,2.637423083014550000e-05,4.628904255553599749e-04
9.022860373078661622e-01,9.276177720768791213e-02,4.547496569281580039e-03,2.649084994965175579e-05,3.781980652145921357e-04
7.204537973963378583e-01,2.696896539506409285e-01,9.043966023217709510e-03,2.939773096067627137e-05,7.831848988429108288e-04
6.872296670678530450e-01,2.974964511235492215e-01,1.402103140974404576e-02,4.147616422925518899e-05,1.211374234624444744e-03
4.948048783000394968e-01,4.831355509879081134e-01,2.067067202977145718e-02,4.597015620040345054e-05,1.342928526080441757e-03
2.166286296277930012e-01,7.342304197510528541e-01,4.682363719733213109e-02,5.745356900101708004e-05,2.259859854821086658e-03
6.863407347988961238e-01,2.888402870521662447e-01,2.206815044988140809e-02,5.118140353390168446e-05,2.699646295522319280e-03
6.780816206904648480e-01,3.019565366174797316e-01,1.844319757009530922e-02,4.545641925638561708e-05,1.473188702703772182e-03
8.188347249180729648e-01,1.677178109635481529e-01,1.235132296969067463e-02,3.604806815761235069e-05,1.060093080530605204e-03
6.645627621427857568e-01,3.127861564169686082e-01,2.163376652954818527e-02,4.892783711476558897e-05,9.683870735826429323e-04
9.730179408323820223e-01,2.287894249283506376e-02,3.795832813376917320e-03,2.707345456923440950e-05,2.802104068368731389e-04
9.665867562959925552e-01,3.088747093458918749e-02,2.228501650106639882e-03,2.222105826933366986e-05,2.750500610423656516e-04
9.781123934633583206e-01,1.989624495743001764e-02,1.717486828059676873e-03,2.413290832719333276e-05,2.497418428249369507e-04
8.636281640324119380e-01,1.302252571936919068e-01,5.293338046989046197e-03,3.663587947970862774e-05,8.166048474272116992e-04
4.301167713915516888e-01,5.444603774309161315e-01,2.367155862275345177e-02,5.131356938201916875e-05,1.699978985396689152e-03
5.888492772770178574e-01,3.785578236151561082e-01,2.774839951932213042e-02,8.384480946137025262e-05,4.760654779042574822e-03
9.292716595740584395e-01,5.996470364479285914e-02,9.450302354926479534e-03,6.751863130266686690e-05,1.245815794919461796e-03
9.322075299567724738e-01,6.258291528919046609e-02,4.530738124040659121e-03,4.343983311711539059e-05,6.353767968794790666e-04
9.869631182014233506e-01,1.167692178986177130e-02,1.125286431560763769e-03,1.430979699606253167e-05,2.203637801581562346e-04
9.857243274371282338e-01,1.335715969384353337e-02,7.326473885583836094e-04,1.091981667599174733e-05,1.749456637937854000e-04
8.969138053118508314e-01,9.900350941037336372e-02,3.535019724756849942e-03,2.012056592148221633e-05,5.275449870973183963e-04
5.882529549083822529e-01,3.951139861864621516e-01,1.540830755713740521e-02,3.862007380099945696e-05,1.186131274217084794e-03
8.477470702076659315e-01,1.427942565739099556e-01,8.652793612919124078e-03,3.591099545616170810e-05,7.699686100487452417e-04
5.199380990319927287e-01,4.601647534558628294e-01,1.868677339808720583e-02,3.817380763228249148e-05,1.172200306425017066e-03
2.750314346412484068e-01,6.847886096538821077e-01,3.851773952813218604e-02,5.013944867505579683e-05,1.612076728062126259e-03
6.574397114679358944e-01,3.036369481019270955e-01,3.704819589828441811e-02,1.017508960548354401e-04,1.773393635797875997e-03
7.922862736460233313e-01,1.923101693245893307e-01,1.441572180282589544e-02,5.252429166067536839e-05,9.353109349008936410e-04
3.967062594563799394e-01,5.705105456236903017e-01,3.164597054804414028e-02,5.319039644270216348e-05,1.084033975443082949e-03
3.254193653681852205e-01,6.145739791664887042e-01,5.885744836980361799e-02,8.764022214395639535e-05,1.061566873378619108e-03
1.598792403242045856e-01,7.708758453271379318e-01,6.765054540123646709e-02,7.113107397939007182e-05,1.523237873441664249e-03
7.132576310114317752e-02,8.038170674198747978e-01,1.229165607502181595e-01,7.448228829817029912e-05,1.866126440465721041e-03
1.774670865084451987e-01,6.865173198025649182e-01,1.331852206073489142e-01,1.034794187009263096e-04,2.726893662939883743e-03
7.976261926350534104e-01,1.709530386613772879e-01,2.996305275115990208e-02,5.394692671338363133e-05,1.403769025696166789e-03
7.426381445691486727e-01,2.291816247158214304e-01,2.705318232446206339e-02,5.903383985989225978e-05,1.068014550708103194e-03
4.660492095781685884e-01,4.767567561876033810e-01,5.568045976806156039e-02,8.054476147928027279e-05,1.433029704687142566e-03
2.124262713075910913e-01,6.675447994530697704e-01,1.182552884500794738e-01,1.100474513942166000e-04,1.663593337865334988e-03
3.127591503139420803e-01,5.719390230317207280e-01,1.135450814776638034e-01,1.162236684325588712e-04,1.640521508240982973e-03
1.883804301737728171e-01,6.588054482342036167e-01,1.514658342282701464e-01,1.119187569000779412e-04,1.236368606853566806e-03
9.718330500962334140e-02,7.420961852794624170e-01,1.590221220255544632e-01,9.743612184297981789e-05,1.600951563516704633e-03
3.482855583631276342e-01,4.756733242372817028e-01,1.731964726671855748e-01,2.416224328316914798e-04,2.603022299573441983e-03
1.140666506844593003e-01,6.973813611323365080e-01,1.863271960821041573e-01,1.294614234661270046e-04,2.095330677633929720e-03
4.355537611773626500e-02,7.214830744148065245e-01,2.328689518612528930e-01,9.972461521546210688e-05,1.992872990989002797e-03
3.297681735513753598e-02,7.304103770553000974e-01,2.343247064733591789e-01,9.425427500231147305e-05,2.193844841200942152e-03
1.515897723491028797e-02,6.093955108738282611e-01,3.736579594297037010e-01,1.179509564599533737e-04,1.669601505097655916e-03
1.954900705581482934e-01,5.753798339051267030e-01,2.260818766879757746e-01,1.503255153713706151e-04,2.897893333377858649e-03
1.009368302319998134e-01,6.867250405429199400e-01,2.095112698926932804e-01,1.286637968431402705e-04,2.698195535543783819e-03
7.818910858931522878e-02,7.509792460766506750e-01,1.673412550579828351e-01,9.386114324960060523e-05,3.396529132801624860e-03
1.311450108097757528e-01,4.350519027729606303e-01,4.320066252701788567e-01,3.727263732200356418e-04,1.423734773864681388e-03
6.793129770483813390e-01,1.687437306636039303e-01,1.501272940077102991e-01,4.462370061985909469e-04,1.369761274105763416e-03
8.075197131770389669e-01,1.385102697879216083e-01,5.303376224279694046e-02,1.972718882989084451e-04,7.389829039436506247e-04
5.641368679877456493e-01,3.368577663304890280e-01,9.766950044183356217e-02,2.224125662573075751e-04,1.113452673674701111e-03
4.808331218051693501e-01,4.374486550717544553e-01,7.976347729008273491e-02,1.686062701515822211e-04,1.786139562841885468e-03
9.348577573754776049e-01,5.002042270899849374e-02,1.440805870919937594e-02,7.142316587969342817e-05,6.423380404449180328e-04
9.433973292224243634e-01,4.661504389984211932e-02,9.361667936402603626e-03,5.643255222990452969e-05,5.695263891010856564e-04
9.869388856258164422e-01,1.122797217826380922e-02,1.581368086896024761e-03,1.801430394395117825e-05,2.337598050798196734e-04
9.617557997365153710e-01,3.562695188377119210e-02,2.098775886536819856e-03,1.776707128606544423e-05,5.007054218905580226e-04
6.323192684828480292e-01,3.542492164043002933e-01,1.134465655727952792e-02,3.760916023387139690e-05,2.049249395338226080e-03
8.233988137929871831e-01,1.673525186684078625e-01,7.456899566634884319e-03,3.565201294643889385e-05,1.756115959023602869e-03
9.453589004896079118e-01,5.087472166822100406e-02,2.984187031474484168e-03,1.913846220379096955e-05,7.630523484927743093e-04
9.600998871951175184e-01,3.699211382639681911e-02,2.283505516988005701e-03,1.638242447826587783e-05,6.081110370193869514e-04
8.844198037021263614e-01,1.090591148647608311e-01,5.807112451601948236e-03,3.275146962649252541e-05,6.812175118844470681e-04
5.857283119287226558e-01,3.966543158327499596e-01,1.615300601312064793e-02,4.120963790062194407e-05,1.423156587506110675e-03
3.885766124988707659e-01,5.782763513575276404e-01,3.164506874111779056e-02,4.220252880385804941e-05,1.459764873679854271e-03
9.421948975393440451e-01,5.037038163461014795e-02,6.710888835545288263e-03,4.236049569133444262e-05,6.814714948091635943e-04
9.918320538723408575e-01,6.881108729754503717e-03,9.784038382150176631e-04,1.995769152128870652e-05,2.884758681681966262e-04
9.983796835507975365e-01,1.307832787919169237e-03,2.314642962405024707e-04,8.140220469937238605e-06,7.287914457291728185e-05
9.969304965327755452e-01,2.596354107230052898e-03,2.560185758741881801e-04,1.320204213351798630e-05,2.039287419866506993e-04
9.953730695477285284e-01,3.985189985326637215e-03,4.142126938650023582e-04,1.624001767436263164e-05,2.112877554053367243e-04
9.893300754536421548e-01,9.253835268155227375e-03,8.566528417912641462e-04,2.324434197977259768e-05,5.361920944315266228e-04
9.938050169453738203e-01,5.183441537175365391e-03,6.132043972314090135e-04,1.680842066911584636e-05,3.815286995502414750e-04
9.896233986291352869e-01,8.388488653601465853e-03,1.042497606571430539e-03,3.123342025267702245e-05,9.143816904391593222e-04
9.883566787334306936e-01,9.346816273302882908e-03,1.523198025321498283e-03,4.021711108325764833e-05,7.330898568616049183e-04
9.972695882153992386e-01,2.147528678739729028e-03,2.736864529846170287e-04,1.021655454404498000e-05,2.989800983323115456e-04
9.835160701712882814e-01,1.412797288884507646e-02,1.222237529481136819e-03,3.041173456789767986e-05,1.103307675817620168e-03
9.945709902400751146e-01,4.050346010888088849e-03,2.588751764650192369e-04,1.145686176287966017e-05,1.108331710808909071e-03
9.954396208830763593e-01,3.466548767268476470e-03,2.689486488219574515e-04,1.688658689396038546e-05,8.079951139392706075e-04
9.927543515283578923e-01,5.981914137434535608e-03,6.680363101561864313e-04,3.321179785749171488e-05,5.624862261940109581e-04
9.950052323243258057e-01,4.267671499340447254e-03,4.157772261914906005e-04,1.713444409106988929e-05,2.941845060511415980e-04
9.939833385622804940e-01,4.832626550714140545e-03,7.444657528096949341e-04,3.400326368454964493e-05,4.055658705110700042e-04
9.881337418195195177e-01,9.693741929832237758e-03,1.183465273243043507e-03,4.574228703233818841e-05,9.433086903728151373e-04
9.965152980893020596e-01,2.438051213312245145e-03,3.429695837315606898e-04,2.196750083897802577e-05,6.817136128150182639e-04
9.988270855476352184e-01,8.755351380959106684e-04,9.603128328798325698e-05,6.925256966826687600e-06,1.944227740139662590e-04
9.985974212391742766e-01,1.075280791706164241e-03,1.966353717750468004e-04,1.909535859746593653e-05,1.115672387469837418e-04
9.977961771782153377e-01,1.266875645738820477e-03,6.572883520547688138e-04,1.020481058373416943e-04,1.776107181538029206e-04
9.936793689556685516e-01,3.091741351396144234e-03,2.094981588703096354e-03,2.650223297459373267e-04,8.688857744863166723e-04
9.886920153885878637e-01,5.224618877835105271e-03,4.477218945943868197e-03,2.086708403017347628e-04,1.397475947331494519e-03
9.790680630021174613e-01,8.197447161084014250e-03,8.079703226847211733e-03,2.493950640489308386e-04,4.405391545902281533e-03
9.545886723257583917e-01,1.455832747025496803e-02,1.687925323988117426e-02,3.873583653003784613e-04,1.358638859880496527e-02
9.363350003266267541e-01,1.965432176099171646e-02,2.935988979817667072e-02,3.381411361324409594e-04,1.431264697807238181e-02
9.448348818068257327e-01,1.157215045830888370e-02,1.580015600612744153e-02,2.753746558774069065e-04,2.751743707286049764e-02
8.961274112386009572e-01,1.702159186134185806e-02,1.654488179525280198e-02,2.300087762960861945e-04,7.007610632850827526e-02
9.009440742434794425e-01,1.265980828560428831e-02,1.303712811086294582e-02,2.507018937494332779e-04,7.310828746630379515e-02
9.057364563810177405e-01,1.167079306910205790e-02,1.600284355934390376e-02,4.486312100207686879e-04,6.614127578051555434e-02
9.468092369511597051e-01,5.833487326267357796e-03,7.310201236976405191e-03,2.063222725776245824e-04,3.984075221301906083e-02
9.380231268221380647e-01,6.772685680790356023e-03,1.124888701959341278e-02,2.417306908843408985e-04,4.371356978659373532e-02
9.417244484136474414e-01,5.622874586883244187e-03,6.769221407853829447e-03,1.914459702712559665e-04,4.569200962134415539e-02
9.649183959858382842e-01,3.727988624676370315e-03,3.587478786619263931e-03,1.684546464421011395e-04,2.759768195642405345e-02
9.851207468990995642e-01,3.502145355807994090e-03,1.700463227968249894e-03,9.647524344052743476e-05,9.580169273683542333e-03
9.732478497770606918e-01,1.030719493111115562e-02,6.121408298027181984e-03,4.835723850958361172e-04,9.839974608705247261e-03
9.803884724487490487e-01,7.012154641327576592e-03,2.764027429127237281e-03,2.992083147088318287e-04,9.536137166087274228e-03
9.886345630876157697e-01,5.213819452321450873e-03,2.128979605801608558e-03,3.114834443306284287e-04,3.711154409930448456e-03
9.974472901747579723e-01,1.513426559138099977e-03,4.116311157724280244e-04,5.397326981015737021e-05,5.736788805213572078e-04
9.912725428757298562e-01,3.566015179473483454e-03,7.802720467054760070e-04,9.679638702672283056e-05,4.284373511064441808e-03
9.919629614920514316e-01,4.798387378429024540e-03,1.194619261247701703e-03,1.920035395622713250e-04,1.852028328709587248e-03
9.957709224814532689e-01,2.696972142810392589e-03,5.533315684267839461e-04,8.652950621402405191e-05,8.922443010956547472e-04
9.895064737289060997e-01,6.864226404738620405e-03,1.015111584113913452e-03,1.017593962932900124e-04,2.512428885948059416e-03
9.777603707230790864e-01,1.575402499002254847e-02,2.579230514073916746e-03,2.028936245631760493e-04,3.703480148261356630e-03
9.889886991236257474e-01,8.241485216969681588e-03,1.449433296799372377e-03,9.699709647731201293e-05,1.223385266127910735e-03
9.906550959050836047e-01,6.984843966310919430e-03,9.106513483107489017e-04,6.597631195814839347e-05,1.383432468336581300e-03
9.905614272289255950e-01,7.035462623079845670e-03,1.057709711617316715e-03,8.764244921758882574e-05,1.257757987159610104e-03
9.949527340042682022e-01,3.813851185366306552e-03,6.361430376475605631e-04,5.878316041888353592e-05,5.384886122991906776e-04
9.928437897744416540e-01,5.790780061881676578e-03,6.580814081061867873e-04,4.440220272602772995e-05,6.629465528444313449e-04
9.963202095243548495e-01,3.021529642118966300e-03,3.299921988537142374e-04,2.756473103896938247e-05,3.007039036334603057e-04
9.936967908647906800e-01,5.266925411904288014e-03,6.421989429615887696e-04,4.226524372878907984e-05,3.518195366146397276e-04
9.941855634431626676e-01,4.607278661667458912e-03,7.513152379091978883e-04,6.876812567911700519e-05,3.870745315815286879e-04
9.936240487112184550e-01,5.175824357388050453e-03,5.957286889107532178e-04,5.467543173011324209e-05,5.497228107526239919e-04
9.926925342698278421e-01,5.824777883864369447e-03,9.108416250101160523e-04,7.370389511307474852e-05,4.981423261846719668e-04
9.837494656166566598e-01,1.392851304535812004e-02,1.356097514345541970e-03,8.576660879383869707e-05,8.801572148458714634e-04
9.830912585623069466e-01,1.423092528980933295e-02,1.602979924999694931e-03,8.724155615644041374e-05,9.875946667274990067e-04
9.794284759767505344e-01,1.649781457530831788e-02,2.564364846899937298e-03,2.011295203830569902e-04,1.308215080658339975e-03
9.904823091866330476e-01,7.737487169445561239e-03,1.178200447872544514e-03,7.880510535657417478e-05,5.231980906923377550e-04
9.885079886811483085e-01,1.002624917574536194e-02,9.315048046073244430e-04,4.977976607032255331e-05,4.844775724286459642e-04
9.885140447613287584e-01,1.026210719383568656e-02,8.044721744649787915e-04,3.647220689799536482e-05,3.829036634724515965e-04
9.869748402875971882e-01,1.169067376292348345e-02,9.686657686146717561e-04,3.710663646874597294e-05,3.287135443959533472e-04
9.947330379781603726e-01,4.478712563974770675e-03,5.713756702037030245e-04,2.743374080882733375e-05,1.894400468524063969e-04
9.948929344086527848e-01,4.333847926430337873e-03,6.034063020343225902e-04,2.682432185544140343e-05,1.429870410271717773e-04
9.959082024488298268e-01,3.540868638331048576e-03,4.251254735287292958e-04,2.093200592540753961e-05,1.048714333849919893e-04
9.956998963624406063e-01,3.761105379184818357e-03,3.837730174589216374e-04,1.779813572275839147e-05,1.374271051930936807e-04
9.842121252642294094e-01,1.399695888392279292e-02,1.324644054208524427e-03,3.681962516071085167e-05,4.294521724786364426e-04
9.685113160805989274e-01,2.502186012944961763e-02,4.565714487132109187e-03,1.673430447905623454e-04,1.733766258028807388e-03
9.692646740636884362e-01,2.526451652999023648e-02,3.891665234356559214e-03,1.181656726852306022e-04,1.460978499279508075e-03
9.768926233501615819e-01,1.897050001370790759e-02,3.339199947012359317e-03,9.672555644293691368e-05,7.009511326750450001e-04
9.736708079262622606e-01,2.108741870622833983e-02,4.393461524576428717e-03,1.344376440028997009e-04,7.138741989301137852e-04
9.860384106185304809e-01,1.186299493143009275e-02,1.674503343141896987e-03,5.334074995242886702e-05,3.707503569452033610e-04
9.892675682908499413e-01,9.423395217972556012e-03,9.133093965922149671e-04,3.197298631524973404e-05,3.637541082699799911e-04
9.851533932376863589e-01,1.272129753140226194e-02,1.365767515683014022e-03,3.964363090494281086e-05,7.198980843233422112e-04
9.896546827162853166e-01,8.788198179924981701e-03,8.064199473997609151e-04,2.430225337434895627e-05,7.263969030156286651e-04
9.866938281645173392e-01,1.130979828399797035e-02,9.213796886056416398e-04,2.735392111059843013e-05,1.047639941768575616e-03
9.880897745392686060e-01,1.043739670468042148e-02,8.232030677229097444e-04,2.941870819693442023e-05,6.202069801311246898e-04
9.855908605492290642e-01,1.298017273754535628e-02,9.185019143288340607e-04,2.740484338211616273e-05,4.830599555145483276e-04
9.833690819103697578e-01,1.492810781334841068e-02,1.265993794504976545e-03,3.610322242285352842e-05,4.007132593540160977e-04
9.886329636418555999e-01,1.004581267248110671e-02,1.045992741870198231e-03,3.792457442616371072e-05,2.373063693671289046e-04
9.809351743574891147e-01,1.716568551393780201e-02,1.608828709790296931e-03,5.046233892410456010e-05,2.398490798587118338e-04
9.907216018075325481e-01,8.149780789649865159e-03,9.694626001806073978e-04,3.530181287014156548e-05,1.238529897669856891e-04
9.952692969206909934e-01,3.984256667636063877e-03,6.577312502802008017e-04,2.910619037839033452e-05,5.960897101448987281e-05
9.853985358567750596e-01,1.180389065342286187e-02,2.532688752895386614e-03,8.386584272448508186e-05,1.810188941822208557e-04
9.809213298802081926e-01,1.590942777916284565e-02,2.885311805987813595e-03,7.189634621412676176e-05,2.120341884269517181e-04
9.863736770047124569e-01,1.161850287576155112e-02,1.771118234980539495e-03,4.482069536699837198e-05,1.918811891783117705e-04
9.957741241306937718e-01,3.569372901985022606e-03,5.503998967927594375e-04,2.038801930561790409e-05,8.571505122272365560e-05
9.898599973107813366e-01,8.852628365404315719e-03,1.083040172370058722e-03,3.525660192328618025e-05,1.690775495211743675e-04
9.875442166211548800e-01,1.103251904345378502e-02,1.183684458935693436e-03,3.391325193408527305e-05,2.056666245217031973e-04
9.869045743867763676e-01,1.135545712094623676e-02,1.458472314309392035e-03,4.295144877531778614e-05,2.385447291928206393e-04
9.852153579255247262e-01,1.286427256876660971e-02,1.604840648769244879e-03,3.828712355907240540e-05,2.772417333802959559e-04
9.814686259676541624e-01,1.646384247914925089e-02,1.673523427066881970e-03,3.404299277464577309e-05,3.599651333549424453e-04
9.939620956017672926e-01,5.272322885228316290e-03,5.385490816930687966e-04,1.701510706820809202e-05,2.100173242429738114e-04
9.849420601067427894e-01,1.327526698373150855e-02,1.442839790759515390e-03,3.123146360519479461e-05,3.086016551610056696e-04
9.883002665849448531e-01,1.007190609906196722e-02,1.295408092532700749e-03,3.624120795948594973e-05,2.961780155009556309e-04
9.928625153709776940e-01,5.838428030771406797e-03,1.076074866309320067e-03,3.461968828130586621e-05,1.883620436602325982e-04
9.919321573937912584e-01,6.906907760538722602e-03,9.649220568705590452e-04,2.703667662695081859e-05,1.689761121724702223e-04
9.812946989473733117e-01,1.671012163362027222e-02,1.723479138355024686e-03,3.524592334121422291e-05,2.364543573101241794e-04
9.778708226798169534e-01,1.991336239162859803e-02,1.935180758440842134e-03,3.467696198099622248e-05,2.459572081325028673e-04
