8.749422331362775029e-01,1.053816694476153275e-02,1.791969714042960723e-02,3.181101759683589020e-03,9.341880101884778020e-02
9.087014514853873903e-01,1.767501567036500881e-02,1.003547874254716310e-02,8.682881252513231394e-04,6.271976597644908502e-02
8.380631948544676746e-01,6.809948058137139937e-02,1.942609852039648560e-02,4.237543938514506210e-04,7.398747164991298364e-02
6.482601474236496797e-01,1.624300636028527256e-01,4.127763620714799270e-02,2.879043510535037173e-04,1.477442484152960145e-01
3.156221624894254285e-01,3.224666351637364148e-01,5.496601807720764843e-02,2.348179112958852276e-04,3.067103663583345963e-01
6.124836728479139403e-01,1.710698504571996070e-01,8.460044832440656581e-02,3.644460171990726647e-04,1.314815823532808348e-01
5.347070860938735182e-01,2.262997644068057423e-01,1.424376506378816909e-01,7.628352669929895765e-04,9.579266359444604806e-02
7.493757700576503256e-01,9.732358699000291657e-02,7.672972724133672595e-02,4.781519521763926469e-04,7.609276375883369803e-02
8.289294918518804733e-01,7.736025967080158161e-02,2.852931444217904344e-02,1.629023856714584804e-04,6.501803164946737268e-02
7.044965998492291881e-01,8.928610711330564609e-02,5.090305789990522134e-02,1.983855487275769456e-04,1.551158495888322053e-01
7.449788522671162427e-01,1.324628093607934931e-01,4.905099700403450780e-02,1.449678948394952504e-04,7.336237347321619695e-02
9.309668324110754734e-01,4.637968713170206869e-02,1.474722388327529173e-02,4.892941166842701374e-05,7.857327162278831753e-03
9.711420034945553725e-01,1.875680142933324607e-02,7.459772834535817986e-03,3.220575154174965752e-05,2.609216490033748961e-03
9.507626037201157843e-01,3.058128370412733360e-02,1.008092623014554892e-02,4.335212158140585307e-05,8.531834224030015318e-03
9.910488938944392867e-01,5.377433085494477856e-03,2.891123521716323572e-03,1.907136625245578338e-05,6.634781320975135979e-04
9.548501884036810772e-01,3.298348961828156262e-02,1.039555532790002214e-02,5.578206860556724048e-05,1.714984581531881370e-03
7.240536058865079116e-01,2.127356131087893565e-01,5.415943184710077934e-02,1.337884618965432849e-04,8.917560695705347221e-03
9.167458572330540179e-01,5.370753125810852346e-02,2.252388355416519092e-02,9.010118190009829280e-05,6.932626772772169932e-03
9.289699218402550640e-01,3.945993362419113193e-02,1.669852782483214823e-02,7.186983907234940146e-05,1.479974687164929692e-02
9.559827524561111955e-01,2.859114769896086913e-02,1.022733868947579665e-02,4.585038168568654580e-05,5.152910773766582186e-03
9.066985923322208318e-01,6.303645774957487846e-02,2.637812095752750663e-02,8.190724928988287205e-05,3.804921711386889671e-03
9.828474070752754033e-01,8.881526941276602499e-03,6.777779213703604561e-03,3.691759534495319203e-05,1.456369174399534637e-03
9.858835440395757876e-01,7.281563270318021884e-03,4.220614650786819536e-03,3.506865137911388623e-05,2.579209387940314263e-03
9.731273954347383626e-01,1.663815331775584522e-02,5.718586841803209066e-03,3.319386784270699127e-05,4.482670537860000692e-03
9.069757003087737246e-01,6.486777484589528742e-02,2.005404097696063259e-02,6.524099262497066890e-05,8.037242875745401541e-03
9.530406233415147366e-01,3.327082887792936344e-02,1.116283867838591126e-02,3.835866637243151291e-05,2.487350435797359722e-03
9.813234357040846456e-01,1.260591391308183394e-02,5.237066900208362137e-03,2.355468251083482408e-05,8.100288001144306197e-04
9.771752250512740767e-01,1.766249484711344617e-02,4.382570953244600137e-03,2.132926048021790586e-05,7.583798878875977522e-04
9.589567348182010953e-01,3.143248537419652405e-02,6.185712335636167625e-03,3.022139682082154396e-05,3.394846075145294476e-03
8.076561191719908717e-01,1.425161279271612014e-01,3.868511796896197813e-02,1.107456949081771008e-04,1.103188923697775298e-02
8.404691432473880841e-01,1.190837618442006501e-01,3.181390122422898814e-02,8.737614251117217291e-05,8.545817541671205109e-03
7.053761687152819704e-01,2.155338769687552281e-01,5.477079669094241793e-02,1.251483015199119590e-04,2.419400932350054476e-02
6.535938816408897178e-01,2.394949687145980222e-01,9.359723347041117025e-02,1.508060412307071004e-04,1.316311013287051537e-02
6.437056944155423732e-01,1.935370045272345463e-01,1.408969254571822149e-01,2.891300614330053484e-04,2.157124553860786942e-02
5.936071285767049455e-01,2.338766178882804025e-01,1.415858801224440522e-01,3.653300209621015483e-04,3.056504339160847836e-02
6.379271075181620620e-01,1.679145914452798705e-01,1.012619400745480153e-01,2.744593074542728793e-04,9.262190165455574942e-02
7.572402055529237064e-01,8.767663741235670605e-02,7.147643526853608709e-02,4.052295411972834998e-04,8.320149222498633701e-02
7.235899627892147246e-01,9.586283133637790721e-02,1.297372324943002475e-01,4.506820116948360099e-04,5.035929136841243992e-02
7.611632754802025724e-01,1.135068894773383491e-01,8.853940788588170185e-02,2.695108394762018092e-04,3.652091631710126240e-02
8.117234592567047491e-01,7.168560930151621213e-02,5.526081522367996823e-02,1.834086249713468941e-04,6.114670759312776371e-02
7.360405178863828057e-01,8.745850555963785578e-02,1.130176680059598177e-01,3.468989751320409763e-04,6.313640957288745026e-02
6.134442509233398733e-01,1.801694411094577342e-01,1.437489411394394789e-01,2.929628249711918012e-04,6.234440400279180061e-02
5.297232456342064744e-01,2.353568489728422586e-01,1.745508119610379161e-01,3.113290617824898774e-04,6.005776437013077979e-02
6.313549048568264377e-01,1.867985337440637994e-01,1.150247911423079306e-01,2.070582890621207924e-04,6.661471196773954828e-02
7.126653714009656415e-01,1.200648105425159567e-01,9.779676705510134682e-02,2.068052697466537886e-04,6.926624573167031174e-02
6.738503925696893715e-01,1.532388306959959479e-01,1.338213542173005144e-01,2.525471372364830754e-04,3.883687537977773691e-02
7.470034883975543716e-01,1.128129273285553708e-01,8.202086310837149175e-02,1.804809265922336118e-04,5.798224023892661894e-02
7.664405268216409883e-01,1.024039599306096893e-01,6.130263666739411976e-02,1.819069656339284931e-04,6.967096961472135641e-02
7.141062427671392987e-01,1.357880485091085554e-01,6.097220815186110005e-02,1.713084457454579126e-04,8.896219212614571437e-02
8.071595016748559503e-01,9.007790392850860417e-02,2.715786581441028552e-02,9.329486914069378735e-05,7.551143371308451091e-02
7.653682708185404193e-01,1.219230702600875293e-01,4.759601686178309421e-02,1.163423858302165632e-04,6.499629967375876449e-02
6.697987976332123727e-01,1.857806004641168185e-01,1.016341243696495811e-01,2.134873003342305459e-04,4.257299023268690946e-02
6.140197615426843392e-01,2.204871117461777441e-01,9.757135599372378232e-02,2.215480310945978849e-04,6.770022268631946394e-02
5.735755470011582036e-01,2.510841876051142507e-01,6.037060696744550592e-02,1.231273934412637828e-04,1.148465310328408845e-01
6.808480446120555030e-01,1.767813366372502915e-01,4.160582543457652660e-02,9.637479446258093640e-05,1.006684185216551730e-01
7.164620078370396161e-01,1.785590680123496921e-01,3.551576200555072588e-02,9.906049637879314794e-05,6.936410164868114792e-02
7.460647039950849546e-01,1.671245544445893738e-01,4.292363730974699254e-02,9.454442221933210980e-05,4.379255982835925792e-02
6.883777514475869497e-01,2.095840577735806065e-01,5.685539458835363325e-02,1.305584128686483603e-04,4.505223777761014486e-02
5.947174292166965692e-01,2.878308051709440041e-01,5.664483728744766633e-02,1.180681007746791511e-04,6.068886022413709502e-02
5.609627843572473349e-01,2.708982440489521859e-01,4.257105087869958449e-02,8.791142035150396319e-05,1.254800092947494505e-01
6.771446876930331538e-01,1.823281985228401847e-01,4.809456808340265704e-02,1.415603872867669398e-04,9.229098531343708778e-02
6.949852027789501507e-01,1.891101429434687842e-01,5.174943510402500724e-02,1.089453637462045653e-04,6.404627380980981721e-02
8.453754849916617076e-01,8.482493620186346006e-02,2.782562000318518358e-02,8.792917712274715149e-05,4.188602962616678332e-02
8.226487823924513165e-01,7.369046366615519816e-02,2.191904546828234851e-02,8.112218128314287559e-05,8.166058629182786077e-02
7.196032823665245992e-01,1.646006490036472369e-01,3.876876620698750664e-02,8.755077765246564302e-05,7.693975164518822296e-02
4.719843825338582155e-01,3.088661256157168022e-01,6.130897583396891642e-02,9.625336253846460957e-05,1.577442626539176385e-01
5.860347776457747182e-01,2.697510273698585093e-01,5.389614209093625263e-02,1.061114650007423258e-04,9.021194142842985098e-02
5.098987038834688068e-01,2.863207867680813146e-01,5.400912298421863683e-02,9.862534167503227329e-05,1.496727610225563054e-01
5.026172019439567595e-01,2.731857871506507829e-01,4.801644715353260706e-02,8.784520547057254620e-05,1.760927185463892763e-01
4.143610925888280838e-01,3.520662134643115504e-01,6.086853783630848808e-02,9.254623246561703253e-05,1.726116098780861585e-01
4.212169491651555631e-01,3.967836587287239536e-01,8.382495191878837348e-02,1.312139038785986014e-04,9.804322628345348012e-02
3.837044296224422779e-01,3.748435106301887254e-01,1.136133709902450717e-01,1.674297645968272571e-04,1.276712589925270702e-01
2.584045090168634040e-01,4.615418395432194787e-01,1.610953933402883564e-01,1.766465289299335188e-04,1.187816115706989001e-01
4.835120056617318030e-01,2.635558007023859894e-01,7.447587913588682440e-02,1.431545093539248338e-04,1.783131599906414566e-01
4.065859304818423836e-01,3.427541559176297548e-01,8.740077351469235922e-02,1.645028061695828498e-04,1.630946372796657773e-01
3.351974377821580475e-01,4.256609848466420543e-01,1.203898987957458810e-01,1.709691378527065811e-04,1.185807094376012949e-01
5.569024649494068724e-01,2.199402600529491714e-01,8.583030215351528103e-02,2.154920710943693132e-04,1.371114807730343388e-01
6.193793122435332643e-01,2.441386975201975673e-01,7.262930351738738910e-02,1.221018514467201517e-04,6.373058486743503337e-02
4.382632770770981678e-01,3.249704352304129129e-01,9.651263146272921756e-02,1.471861101122152950e-04,1.401064701196473861e-01
4.187572384704224548e-01,3.721356285673774189e-01,8.938642534871754641e-02,1.249944077967232996e-04,1.195957132056859606e-01
5.215165291667694936e-01,3.356525402996720087e-01,8.113973343466425459e-02,1.159980059083861898e-04,6.157519909298582450e-02
3.722036527067178469e-01,4.317438580858030672e-01,1.555123826089516992e-01,2.030150339343369961e-04,4.033709156459299588e-02
3.341568318029312090e-01,4.082913648963309994e-01,2.183271195468638737e-01,2.592168965167627841e-04,3.896546685735713389e-02
2.845981687614922429e-01,4.167817240713972970e-01,2.489683681524923475e-01,2.988419847025445956e-04,4.935289702991554200e-02
3.504126989365540235e-01,3.579435393922285047e-01,2.229578872316385352e-01,2.857836015849338977e-04,6.840009083799394873e-02
5.104155355730132237e-01,2.971733370165274279e-01,1.261919780374812783e-01,2.210993504694545289e-04,6.599805002250867803e-02
7.536978783995238462e-01,1.081130049252558012e-01,6.274207805209790212e-02,1.761930026146334973e-04,7.527084562050770367e-02
6.271899912479005357e-01,1.984526686530110329e-01,1.084901875348321942e-01,2.992163938829638862e-04,6.556793617037331989e-02
4.120199352759981171e-01,3.585332730604134932e-01,1.490018064194955638e-01,2.874881777985794306e-04,8.015749706629415883e-02
4.352475791384843307e-01,3.522814738410222080e-01,1.043389686959719509e-01,1.990928840195174980e-04,1.079328854405019605e-01
5.873842210212519843e-01,2.349988742611825998e-01,7.445697951688638738e-02,2.131680099061227863e-04,1.029467571907728696e-01
6.004721545259501525e-01,2.412862869758301831e-01,6.768271314417459439e-02,1.818308148168221270e-04,9.037701453922820927e-02
6.721994834661088047e-01,2.143694087748758692e-01,4.593092640849029407e-02,1.164593644640207759e-04,6.738372198606108754e-02
5.562936569707541690e-01,2.973017617901061449e-01,8.184580422102626096e-02,1.345783588693899319e-04,6.442419865924409184e-02
4.866558131040744639e-01,3.069080815983246668e-01,1.344699415571731227e-01,2.144882891065180057e-04,7.175167545132128677e-02
9.629835253764827963e-01,2.055947837738250975e-02,1.050016686367839791e-02,4.152386842676343190e-05,5.915305514029483951e-03
9.943037697056141822e-01,3.522478444740735452e-03,1.154631170368517618e-03,8.571331424482436993e-06,1.010549347852104669e-03
9.852623731914095240e-01,7.578982369213418252e-03,4.769174488243207305e-03,3.840865281694770485e-05,2.351061298316950345e-03
9.846063135330680449e-01,9.799195547356363487e-03,4.053837849694411424e-03,2.293933255898631190e-05,1.517713737322085726e-03
8.786068683421043302e-01,7.563439944448747954e-02,4.201698227332589103e-02,1.186229872700942398e-04,3.623126952812087860e-03
8.991419759202097239e-01,6.680686876712017830e-02,2.716845889390435281e-02,8.310915718179734261e-05,6.799587261583884060e-03
9.379705603260112268e-01,3.843581433772996769e-02,1.862409140958815046e-02,5.210282111279769985e-05,4.917431105557705691e-03
9.821568617278849667e-01,1.195065286765401372e-02,4.580676602872982110e-03,1.630989672238829184e-05,1.295498904865748915e-03
9.904115778920371538e-01,6.892992576912754243e-03,2.269280774526843091e-03,1.016293728240867398e-05,4.159858192408732286e-04
9.570257034361140391e-01,3.329424729997990107e-02,8.403248634388535074e-03,3.151232499195409659e-05,1.245288304525664011e-03
9.321376928575428877e-01,5.418810806611749215e-02,1.205487027088274210e-02,3.779006118748787913e-05,1.581538744269500802e-03
9.056539347410729190e-01,7.633181570126958138e-02,1.553978977078911833e-02,3.851551678899101528e-05,2.435944270079426922e-03
7.465989613628241095e-01,1.772681076939345568e-01,6.994640147102824945e-02,1.684792425958423650e-04,6.018050229617165174e-03
6.101715714382403011e-01,1.183764952474905957e-01,2.667949400607764199e-01,9.140688766059619497e-04,3.742924376886676285e-03
6.155786965113361209e-01,1.075655177637067361e-01,2.670823094595364822e-01,1.053094714917735984e-03,8.720381550502958462e-03
8.877543997696453193e-01,5.644875038766405950e-02,5.349847297065028068e-02,1.873677250575315350e-04,2.111009146982950179e-03
9.489452141336338631e-01,3.154480561855142751e-02,1.824949936996255254e-02,6.900366060934882962e-05,1.191477217242848524e-03
9.006141775867944066e-01,5.450346973215172697e-02,4.162341616713083337e-02,1.571196115875182840e-04,3.101816902335518666e-03
9.589401008077419464e-01,2.392741802405178725e-02,1.546696164349569726e-02,5.680291463211908194e-05,1.608716610078505561e-03
9.545724432342070909e-01,3.063761745676037845e-02,1.320646241735435461e-02,4.261243473179422844e-05,1.540864456946306176e-03
9.715742026611299265e-01,2.157018122940796562e-02,5.681056570137303988e-03,2.466715543742937957e-05,1.149892383887409506e-03
9.668957205680650535e-01,2.279940726527428241e-02,9.147145354246863369e-03,2.931929470476088808e-05,1.128407517709132616e-03
9.937357490829348272e-01,4.495269741548163674e-03,1.502799385107170737e-03,9.047909716461578219e-06,2.571338806932126314e-04
9.850811796811332899e-01,1.166709188184069865e-02,2.636886382960001995e-03,1.559478951251661242e-05,5.992472645535765457e-04
9.869251073592959500e-01,1.077174500629848181e-02,1.672194512165150462e-03,1.047539214370089572e-05,6.204777300968838038e-04
9.934202696271675626e-01,4.721889049161501206e-03,1.671635922088507854e-03,9.147784697973517597e-06,1.770576168844508250e-04
9.957747800678694583e-01,3.136601011799392772e-03,9.094182976945048430e-04,7.231489775938249074e-06,1.719691328606119229e-04
9.981569067957747343e-01,1.368069848839807874e-03,3.928583058182462677e-04,4.410052654999528437e-06,7.775499691220480653e-05
9.987924054006956931e-01,8.884012958907455335e-04,2.697048119696517847e-04,3.388328576182281626e-06,4.610016286781169433e-05
9.983991069592177414e-01,1.136514873524172410e-03,3.989387593430234044e-04,6.105592283572017970e-06,5.933381563162166609e-05
9.971166866119857142e-01,2.149827657086367076e-03,6.096634323643181563e-04,6.250575131708402053e-06,1.175717234317893029e-04
9.969268717516431844e-01,2.210638519685032000e-03,7.524233900845725019e-04,5.932860248629745480e-06,1.041334783385522807e-04
9.948829068450294466e-01,3.968903428193447033e-03,9.797449247308839381e-04,7.097105891783048580e-06,1.613476961543466512e-04
9.961114446420412660e-01,2.961027486253905820e-03,8.263173531793239178e-04,5.467263699620469289e-06,9.574325482589432132e-05
9.904321944652376697e-01,7.779539343289728487e-03,1.554129881406116293e-03,9.102177041458752100e-06,2.250341330249601749e-04
9.865543946392398844e-01,1.029745438447227449e-02,2.906291028506588232e-03,1.188982750999274529e-05,2.299701202713314366e-04
9.914228252100190097e-01,6.840923623380635796e-03,1.511463197983940222e-03,7.745325132950867634e-06,2.170426434835508135e-04
9.979388907494691763e-01,1.615653460882197521e-03,3.733904539211065142e-04,3.100067455995462737e-06,6.896526827156967368e-05
9.992351080524273232e-01,6.008188955286799995e-04,1.306527352547189611e-04,2.102734636854659280e-06,3.131758215243998138e-05
9.978487637628118412e-01,1.753727158708830646e-03,3.286964466370295105e-04,4.312033139305740358e-06,6.450059870297678499e-05
9.980729079228333189e-01,1.576964258842036056e-03,2.702176684780081416e-04,3.766750028388141915e-06,7.614339981830010981e-05
9.983110720550502082e-01,1.389620637594779105e-03,2.253678764253046706e-04,3.526067096190183536e-06,7.041336383355774190e-05
9.989743841847885664e-01,8.359899132457177450e-04,1.426965906689107999e-04,2.002032194535038267e-06,4.492727910226785969e-05
9.981292525945758554e-01,1.553522662116614030e-03,2.444871871661682982e-04,3.435541438998689266e-06,6.930201470238074645e-05
9.984991298877593513e-01,1.255362592915949512e-03,1.919269575291534114e-04,3.013495400254094500e-06,5.056706639545835078e-05
9.980084008840611753e-01,1.627428569226926653e-03,3.074225707717023206e-04,3.696097017346274846e-06,5.305187892281178685e-05
9.983758583105887263e-01,1.284250972747261015e-03,2.961394843251967065e-04,4.166439628074415026e-06,3.958479271072301044e-05
9.983409246266475856e-01,1.375326023283525781e-03,2.349019513038276021e-04,3.406581992578091968e-06,4.544081677242198654e-05
9.977616369673624197e-01,1.860514067732532435e-03,2.981193433198612653e-04,3.971738872049306634e-06,7.575788271323873925e-05
9.982936169516328784e-01,1.347180995614948897e-03,3.080976209686978637e-04,4.163215927309754100e-06,4.694121585617021502e-05
9.955057322513413132e-01,3.609099682323166879e-03,7.865144379551632222e-04,7.706163529457682563e-06,9.094746485086633149e-05
9.981305280942313063e-01,1.380259865306430024e-03,4.370395135114393858e-04,5.473759993369014180e-06,4.669876695748483182e-05
9.832611086214492202e-01,1.198754335787989046e-02,4.563804615881707043e-03,2.977412300659157957e-05,1.577692817827849718e-04
9.957179158871047875e-01,3.111986602377877793e-03,1.074099878220299452e-03,9.069246403978542653e-06,8.692838589295346122e-05
9.935814209501174776e-01,5.324178241399894589e-03,8.973428805744643405e-04,9.626030151893179762e-06,1.874318977561958283e-04
9.942666859187877515e-01,4.692757967926614385e-03,8.663926550842224444e-04,1.086772682691707903e-05,1.632957313745959373e-04
9.901451673312224866e-01,8.181893130693425678e-03,1.415327397413447931e-03,1.558517802949598873e-05,2.420269626410625151e-04
9.863982448863166663e-01,1.127468405360565820e-02,2.007104991601215208e-03,1.460753504703069571e-05,3.053585334293544931e-04
9.961751189696183006e-01,3.016050921050080109e-03,7.098996644264406793e-04,7.574971826448035934e-06,9.135547307893820133e-05
9.948446362554935751e-01,4.073616265021803504e-03,9.628388565332029114e-04,1.280104352541984558e-05,1.061075794259578762e-04
9.874185955985526064e-01,1.044819548254050448e-02,1.965388303052771016e-03,1.758453820277935695e-05,1.502360776513775862e-04
9.904768506690212471e-01,8.098389279045131728e-03,1.220964757832948902e-03,1.295006945916793801e-05,1.908452246414397611e-04
9.919388952461871689e-01,6.367416528166201621e-03,1.515665170391821337e-03,1.394420205921218196e-05,1.640788531955834212e-04
9.945230769507080737e-01,4.077506719154996677e-03,1.283071248059631641e-03,1.352280481911630964e-05,1.028222772581852953e-04
9.950383629086394510e-01,3.701843417351820004e-03,1.156354588933468895e-03,1.256048254898464538e-05,9.087860252639916867e-05
9.922677928624089594e-01,5.862268717077755154e-03,1.773251009297420683e-03,1.494044212118790572e-05,8.174696909464093295e-05
9.932463260217315737e-01,5.287543427682503579e-03,1.356348743967414642e-03,1.429015378436028552e-05,9.549165283420329282e-05
9.971093301369982065e-01,2.277761175948328498e-03,5.456372321649279825e-04,9.038698690094498038e-06,5.823275619848225119e-05
9.927585691112731370e-01,6.018340576143344466e-03,1.079726074631154158e-03,1.227080494065144545e-05,1.310934330116797757e-04
9.974691496258706325e-01,2.092064932756387569e-03,3.658208522218946612e-04,5.168156785266990887e-06,6.779643236577167055e-05
9.985636293661368512e-01,1.178900626707116844e-03,1.973208118492293509e-04,3.427615505906799417e-06,5.672157980104010691e-05
9.982651893517155983e-01,1.365608284779347599e-03,3.159605355572720365e-04,4.109774866398726476e-06,4.913205308131146464e-05
9.981507074650357580e-01,1.508189899011184998e-03,2.603767807921834464e-04,4.587860435680276186e-06,7.613799472511122005e-05
9.986278244829213113e-01,1.121065158794821992e-03,1.798375998287349601e-04,3.738927256024802483e-06,6.753383119914540655e-05
9.990660798557332578e-01,7.580212009260916270e-04,1.293801703459921521e-04,3.140171093795916714e-06,4.337860190077622664e-05
9.989071852826508779e-01,8.956045422549893231e-04,1.571862794606414184e-04,3.017295863512929510e-06,3.700659977012921625e-05
9.982779068807756673e-01,1.311880365693015443e-03,3.578921500435776684e-04,5.639895616534791374e-06,4.668070787117600964e-05
9.979185935475554103e-01,1.680821183618956939e-03,3.325788811037960844e-04,6.113370727451852265e-06,6.189301699441162729e-05
9.991426827383308451e-01,7.108158004945217467e-04,1.108223023536815513e-04,2.696021444547358587e-06,3.298313737639791516e-05
9.994415199896383717e-01,4.621986013602524292e-04,6.990502339524636813e-05,2.091444245490110507e-06,2.428494136066072412e-05
9.988703475592946024e-01,9.729485763846233617e-04,1.110512767835366600e-04,2.489756501193593550e-06,4.316283103598415270e-05
9.989249275835568875e-01,9.237748395843532485e-04,1.084081662626087251e-04,2.313890398901834381e-06,4.057552019712210321e-05
9.985422178555397599e-01,1.238962311545092378e-03,1.610994277823798017e-04,3.544797419855250000e-06,5.417560771277696741e-05
9.958040196946136291e-01,3.656179624926421227e-03,4.348282728574318036e-04,6.962058101592982528e-06,9.801034950073253223e-05
9.973929566218331377e-01,2.171762288669031211e-03,3.748133788303014292e-04,5.130407037635816016e-06,5.533730362993775009e-05
9.914674547647002179e-01,7.028034281665119024e-03,1.337465089674742813e-03,1.676887657809815590e-05,1.502769873816226398e-04
9.967684757662778061e-01,2.679224625122497185e-03,4.585248955601035903e-04,7.005416022293765189e-06,8.676929701732109324e-05
9.928505576864844473e-01,6.099909816198201620e-03,8.791684459426460331e-04,9.631313983535167293e-06,1.607327373913184081e-04
9.949375002774536458e-01,4.263097500110565354e-03,5.815760730436890340e-04,8.005724825938812371e-06,2.098204245662476850e-04
9.963824421623941330e-01,3.049267217866824878e-03,3.875521266205695444e-04,6.130316860469170864e-06,1.746081762578379751e-04
9.991215592402399315e-01,7.021202590732910113e-04,1.354650054908621102e-04,2.370916936690201045e-06,3.848457825936303406e-05
9.991324653595504701e-01,6.792516079463285523e-04,1.453399459138352955e-04,3.794770826597687958e-06,3.914831576272451922e-05
9.987451546951288117e-01,9.633343600985896623e-04,2.454456622021393203e-04,6.740679685290696203e-06,3.932460288505790799e-05
9.988689532070015309e-01,8.973401664454654265e-04,1.944781052936134724e-04,5.179548271638869945e-06,3.404897298789920422e-05
9.972911659518689520e-01,2.245287088561183884e-03,3.922136872202612546e-04,8.363489616078979125e-06,6.296978273360670313e-05
9.966097541946559168e-01,2.724652668103812875e-03,5.866277930784320749e-04,1.220607013866189505e-05,6.675927402330670635e-05
9.936678824636694385e-01,5.293894673911819955e-03,8.612917723367910158e-04,1.064595051915235411e-05,1.662851395627133668e-04
9.766415843094592431e-01,1.678751795628979568e-02,6.358748466927397792e-03,3.543651218216892104e-05,1.767127551412106415e-04
9.929239069910835713e-01,4.655004889105879111e-03,2.318486398795420542e-03,2.052083630162569516e-05,8.208088471357040253e-05
9.974540466362751268e-01,1.925210840918353730e-03,5.513169460633954213e-04,7.399005823153653749e-06,6.202657091983096145e-05
9.971951274955971334e-01,2.084164923114904724e-03,6.316696654564156249e-04,9.398584528884444583e-06,7.963933130256949946e-05
9.981114756377267305e-01,1.541341091035346037e-03,2.862772642130754466e-04,4.808241153542494607e-06,5.609776587146193420e-05
9.987920599431475699e-01,1.020463967116281689e-03,1.427936062804148151e-04,3.100391104933443773e-06,4.158209235077081178e-05
9.984361744854247656e-01,1.171852132859623830e-03,3.433397782425436106e-04,7.135222647442461620e-06,4.149838082568611195e-05
9.961200890454204870e-01,3.030107278325576328e-03,6.794658978100704023e-04,1.141082629268070210e-05,1.589269521512435537e-04
9.983383286951168500e-01,1.176793557667703228e-03,4.087276726433570345e-04,8.941248080745172120e-06,6.720882649142344767e-05
9.959368492440867637e-01,3.096828179883126444e-03,8.494340228717370961e-04,1.175025335710076904e-05,1.051382998014186170e-04
9.960318819089082343e-01,2.787063895332987217e-03,1.054106135109562610e-03,1.683791797538314842e-05,1.101101426738092102e-04
9.950697763002251950e-01,3.210823842446406708e-03,1.523507535927362067e-03,2.440456642841851799e-05,1.714877549726301549e-04
9.945689883113703056e-01,3.231192146151318396e-03,1.858099247939165068e-03,3.051475882153645229e-05,3.112055357177838269e-04
9.987123342387395075e-01,8.151651797321417866e-04,4.100603436377177422e-04,7.280481917257304417e-06,5.515975597331520240e-05
9.961579663100256221e-01,2.277782458896777246e-03,1.390208266427433049e-03,2.079702090101354279e-05,1.532459437491605402e-04
9.980673198675144020e-01,1.190920668175606033e-03,6.177151109880198989e-04,1.169640384680770788e-05,1.123479494751408037e-04
9.993427807018322451e-01,4.397892557972041109e-04,1.800231189841985458e-04,3.562313320577847789e-06,3.384461006562482476e-05
9.988918959108452622e-01,7.763411298226673184e-04,2.744618369155474844e-04,5.648822667811396770e-06,5.165229974867397442e-05
9.974576432979198604e-01,1.451402819765608768e-03,9.259063966843687245e-04,2.569298921584110780e-05,1.393544964144733918e-04
9.530933783332385945e-01,2.663325554239484930e-02,1.882694756824906945e-02,2.524661244426688075e-04,1.193952431674888620e-03
9.545080237306658999e-01,2.681070771999543786e-02,1.717654183831229114e-02,1.995718900135674606e-04,1.305154821012719608e-03
9.438886955951842905e-01,2.858553705917964496e-02,2.558651448154888874e-02,2.733906068888446628e-04,1.665862257198279760e-03
9.890153491755846460e-01,4.568807126507488763e-03,6.021786747952433821e-03,6.738853708081855246e-05,3.266684128745763350e-04
9.877617639936825400e-01,5.361285810630229964e-03,6.091293154070588980e-03,5.797809841994274095e-05,7.276789431967353901e-04
9.965585243450045816e-01,1.624107876232373619e-03,1.547136056529680413e-03,1.902257157108904782e-05,2.512091506623214993e-04
9.974560589618930440e-01,9.936655620764378236e-04,9.553577772010028767e-04,2.655079898721529185e-05,5.683668998423604003e-04
9.979648484188894386e-01,7.688256902579521405e-04,7.438282372208037448e-04,2.169082009678698251e-05,5.008068335348521589e-04
9.952706116110670020e-01,1.628536417751725012e-03,2.368348276825962915e-03,4.178984033262718922e-05,6.907138540228861812e-04
9.885315460415434741e-01,3.268844742752219021e-03,7.072381461979622072e-03,1.086895235903770444e-04,1.018538230134223782e-03
9.867415009388252889e-01,3.696465806252150453e-03,8.387126868821759285e-03,1.055474106341576561e-04,1.069358975466680158e-03
9.938937688117147617e-01,2.241352282873335707e-03,3.157043885097906427e-03,5.547516555268798636e-05,6.523598547614750665e-04
9.946581578692712533e-01,2.138757888547102460e-03,2.764114909648898114e-03,3.715504325938119058e-05,4.018142892734282486e-04
9.976370154553431124e-01,1.394288859972407559e-03,8.120654562274927943e-04,1.376735233454539159e-05,1.428628761223880463e-04
9.970294784243959318e-01,1.686813085837857553e-03,1.050007361316137536e-03,2.048756756006197253e-05,2.132135608900482941e-04
9.952838834396821044e-01,2.404231233568623807e-03,1.790215441387361939e-03,3.851470501158757952e-05,4.831551803502225810e-04
9.811691958858197449e-01,1.114120506212459318e-02,6.116623759026455255e-03,8.300143772473138034e-05,1.489973855304447398e-03
9.568549773954557747e-01,2.924225843501046182e-02,1.127319650390384842e-02,1.075142755895722006e-04,2.522053390040415559e-03
9.320900053708849331e-01,4.366910234592515094e-02,1.667896786648447732e-02,1.458560320378139512e-04,7.416068384667526617e-03
8.755512093117264749e-01,8.342438481904376757e-02,3.027239058535638461e-02,1.961352947057086265e-04,1.055587998916774489e-02
9.045108960350143334e-01,6.282864854076401773e-02,2.728520705261967133e-02,1.497406584598141117e-04,5.225507713142340215e-03
9.357458923912820303e-01,3.484905932708084325e-02,2.697093833991566492e-02,2.048678584437392319e-04,2.229242083277842290e-03
8.734576102484368221e-01,7.306729905187096807e-02,4.682452449527495925e-02,2.223272559398944688e-04,6.428238948477284741e-03
9.504171455672065782e-01,2.552850776516034023e-02,2.087312570767378347e-02,1.345153573956620920e-04,3.046705602563510619e-03
9.751318605319515553e-01,1.437243944877050240e-02,8.812682078413904344e-03,5.533304197495220763e-05,1.627684898889187161e-03
9.792984196476907099e-01,1.018270619623184645e-02,9.109539429202007099e-03,6.574731030550802014e-05,1.343587416569926377e-03
9.616111564128899669e-01,2.096261933177233361e-02,1.299406229115502784e-02,9.844715814224033875e-05,4.333714806040321089e-03
9.718139303402594242e-01,1.666267050724953500e-02,9.706841026620593657e-03,8.135619146520452910e-05,1.735201934405124690e-03
9.798552914802622915e-01,6.755694541097471105e-03,4.153500815701657335e-03,5.629883672016812229e-05,9.179214326218492967e-03
9.717741149836803816e-01,1.526841564626092718e-02,5.447238454595763890e-03,6.077742434700155231e-05,7.449453491115984663e-03
9.353066789079323984e-01,4.622279895388584081e-02,1.065638683677546002e-02,7.489752621941691581e-05,7.739237775186852582e-03
9.599345071368093896e-01,2.834655933834435634e-02,8.628024535824506056e-03,4.896601965796355561e-05,3.041942969363621227e-03
9.570897370357606126e-01,3.089355080226131520e-02,9.748089349865377701e-03,5.883173724421595225e-05,2.209791074868548005e-03
9.558550357030217715e-01,2.948364392004932527e-02,8.290159997939543571e-03,5.776470510846838945e-05,6.313395673881037201e-03
9.243446235857895044e-01,4.916436756792496449e-02,1.865140530685382991e-02,1.612812969514772861e-04,7.678322242480328796e-03
8.804054102582972163e-01,6.639326932388298075e-02,4.655151209010720964e-02,3.444538814306638531e-04,6.305354446281908123e-03
9.354109205314629083e-01,2.961347485704213245e-02,2.191845182692772620e-02,1.816399308909724469e-04,1.287551285367643204e-02
9.125787424996576469e-01,4.058030221147788941e-02,2.530054969701316103e-02,1.298448800007490815e-04,2.141056071185054588e-02
9.467363948279302610e-01,3.153292308829608315e-02,1.529401943236349815e-02,8.414055800471061163e-05,6.352522093405565604e-03
9.681219170446031530e-01,1.868851726172203812e-02,1.009781107812967628e-02,5.910169766085616468e-05,3.032652917884308755e-03
9.113027260076661529e-01,5.046696725652332488e-02,3.340997948881804097e-02,9.935632871983022098e-05,4.720970918272613011e-03
8.836039227835739140e-01,5.823573675493644991e-02,4.284564714601653279e-02,1.510080216172114947e-04,1.516368529385596527e-02
9.495491873973072039e-01,2.162875638269115205e-02,2.445631059718328046e-02,9.623411812352284517e-05,4.269511504694706305e-03
9.208411380246217526e-01,4.047558492503530725e-02,3.271800559968363747e-02,1.311802470878120988e-04,5.834091203571508191e-03
9.035749246432847048e-01,4.770431621297634150e-02,4.301888156143204855e-02,1.910805412158760367e-04,5.510797041091120528e-03
9.500682125393369315e-01,2.201229439737644594e-02,2.583076831927025654e-02,1.404154382491240192e-04,1.948309305767370473e-03
9.192588757983513048e-01,4.316588175408139771e-02,3.428799285089240145e-02,1.663487041033393811e-04,3.120900892571571578e-03
9.666250997294265623e-01,1.826055242910691254e-02,1.317330325879971162e-02,8.976454035529825640e-05,1.851280042311275647e-03
9.128754823903842963e-01,5.037065391299169054e-02,3.276301250302476875e-02,1.367489662941076762e-04,3.854102227305053127e-03
9.680342550630638421e-01,1.394302749208913179e-02,1.546106440371180710e-02,1.459727034897993368e-04,2.415680337645333912e-03
9.803614953264006004e-01,1.168921553415993089e-02,6.577268425510910191e-03,5.278894026828676419e-05,1.319231773660153656e-03
9.888478912396893028e-01,7.732656558540960089e-03,2.796263680169914535e-03,2.618836430232257572e-05,5.970001572973492824e-04
9.850910107805954663e-01,1.004243559790481827e-02,4.290521020593127295e-03,3.488203947272108758e-05,5.411505614340171230e-04
9.477556235975397314e-01,3.046858283820952709e-02,2.069451432700658566e-02,1.499576292663132250e-04,9.313216079779008082e-04
9.439733510764964919e-01,3.737802866352100961e-02,1.618105221124877674e-02,7.992793655224917390e-05,2.387640112181412498e-03
9.644067360865650196e-01,2.128614725906521898e-02,9.509729903730506848e-03,6.876742389649918808e-05,4.728619326742801096e-03
9.444563698896787374e-01,3.543787384990661204e-02,1.535419569619340951e-02,9.145052359423849601e-05,4.660110040626936137e-03
9.681024602102120680e-01,2.226174921662919456e-02,6.392317972165172807e-03,3.708006126219167380e-05,3.206392539731362217e-03
9.684613465215362593e-01,1.661753741500299891e-02,1.270875685498128529e-02,9.199711115248499610e-05,2.120362097326902381e-03
9.489387927242601828e-01,2.363721272305257040e-02,2.391450886281892840e-02,1.719920877761511098e-04,3.337493602092150412e-03
9.878177951803309709e-01,7.966094053019135909e-03,3.275916607733416787e-03,3.451651342900776402e-05,9.056776454873749450e-04
9.578566040411881088e-01,2.906312614774504352e-02,1.004386852249617053e-02,8.739430622659991510e-05,2.949006982343994020e-03
9.756062451819962345e-01,1.633878529065282623e-02,5.515574656484346569e-03,4.451574727219586713e-05,2.494879123594331144e-03
8.954179579275109990e-01,7.047132446663049998e-02,2.758209410105975576e-02,1.234850612371160734e-04,6.405138443561611376e-03
8.923925087525512723e-01,6.139583095075617364e-02,4.204488322992060156e-02,1.773669364146891530e-04,3.989410130357211662e-03
9.696217863655746116e-01,1.353794256844417093e-02,1.582155156912368882e-02,1.179035276345138385e-04,9.008159692230578372e-04
9.291643508770970339e-01,3.811896994207049361e-02,2.976022209510731376e-02,1.351704950625622558e-04,2.821286590662646504e-03
8.905512757170631621e-01,4.154469764989677377e-02,6.604074273688821661e-02,4.014784069453854101e-04,1.461805489206419780e-03
9.019381312596942424e-01,4.540562808675959600e-02,5.007775776387675404e-02,2.965806195203567913e-04,2.281902270149116767e-03
9.122271559148040776e-01,4.958561070090496126e-02,3.497305115627169503e-02,1.855598207539527742e-04,3.028622407265291281e-03
9.382730553792455463e-01,2.839261057755585599e-02,3.175307837469479311e-02,1.746845999307592421e-04,1.406571068573092857e-03
9.485249746698086737e-01,2.331303781586599455e-02,2.699813639329085024e-02,1.475731113788433140e-04,1.016278009655541140e-03
9.937563646445435328e-01,3.264408422532392214e-03,2.755672032673080196e-03,3.441247360768095445e-05,1.891424266432943147e-04
9.832128341292964979e-01,9.559090728806073772e-03,6.790141104967619204e-03,6.197424835273145994e-05,3.759597885769320352e-04
9.727516447915034448e-01,1.455787237349783110e-02,1.151961765189987719e-02,1.013853136892699594e-04,1.069479869409607807e-03
9.716245796179537875e-01,1.531926357581576102e-02,1.092813723207574327e-02,9.572503665049644913e-05,2.032294537504203934e-03
9.593747808369750274e-01,2.206369108223796976e-02,1.606362056189128418e-02,1.340497906189502895e-04,2.363857728276786557e-03
9.008609262002519324e-01,4.984694703642091052e-02,4.602378493167791351e-02,2.391242311429201892e-04,3.029217600506234863e-03
9.171368830616116741e-01,4.161407371372074365e-02,3.843468413451169019e-02,1.807729970371113972e-04,2.633586093118876585e-03
9.240395744820087964e-01,3.454323871246137156e-02,3.987913866618977149e-02,1.977010297210835281e-04,1.340347109618834822e-03
9.813831781163427914e-01,6.919932753726918719e-03,1.106452158295389600e-02,8.544826462691643457e-05,5.469192823494901283e-04
9.767301891275620429e-01,1.124264607046740298e-02,1.111888836276652900e-02,8.304411182907150187e-05,8.252323273749737715e-04
9.754960083089132539e-01,1.128856494096058642e-02,1.210515493490949349e-02,7.493237755394876456e-05,1.035339437662745376e-03
9.756504569764667956e-01,1.310569056420989205e-02,1.037179251747416542e-02,7.067282428468079844e-05,8.013871175643450624e-04
9.675002304480985194e-01,2.109379198769365318e-02,1.045590219528299419e-02,4.654406809226309725e-05,9.035313008324748771e-04
8.961399344300726710e-01,7.273802230833589788e-02,2.608935995248362269e-02,1.100483454242807729e-04,4.922634963683606389e-03
9.352538538947634539e-01,3.818015192775591621e-02,2.449028299231868419e-02,1.223902623912171783e-04,1.953320922770788743e-03
9.308666020497766702e-01,4.264001052369995742e-02,2.389168238292051563e-02,9.780260779893758662e-05,2.503902435803726130e-03
9.303641048140032233e-01,3.329779741685563732e-02,3.409030022221450074e-02,1.395092882630425953e-04,2.108288258663577799e-03
9.706482449416752312e-01,1.126313019260343287e-02,1.467424269927698754e-02,1.155337836581072172e-04,3.298848382786331336e-03
9.473810720589456169e-01,2.599632334214482809e-02,2.372628302825410471e-02,1.551620284110429980e-04,2.741159542244440278e-03
9.699818665225026226e-01,1.205278751869077666e-02,1.677139655126988482e-02,1.084920910341419801e-04,1.085457316502533342e-03
8.313258761467874347e-01,4.093321495049417891e-02,1.245184583807165679e-01,6.852781602933151819e-04,2.537172361708276910e-03
9.158366663969279564e-01,2.734122322272659542e-02,5.418074349067451834e-02,3.067245434628031067e-04,2.334642346208139468e-03
9.689863367058024757e-01,1.159478257832096716e-02,1.739873390994525412e-02,1.242471879013180315e-04,1.895899618030140454e-03
9.877320902212365361e-01,5.295088009127289080e-03,6.234592154016734868e-03,6.649046963677443815e-05,6.717391459827941856e-04
9.702097153802711205e-01,1.196907222459476193e-02,1.654891087353387025e-02,1.272161753718613298e-04,1.145085346228278582e-03
9.725900551692329143e-01,1.181907038077634545e-02,1.361143224998774895e-02,1.062451180899358030e-04,1.873197081913262688e-03
9.762673498311362774e-01,9.659905477023892489e-03,1.290659934915759123e-02,1.132920228154938913e-04,1.052853319866765749e-03
9.475322744183065637e-01,2.161004996754191734e-02,2.547153442078177107e-02,2.937372126354105507e-04,5.092403980734153297e-03
9.685899405325203437e-01,1.620337982892388479e-02,1.278014844866106649e-02,1.110946040364813188e-04,2.315436585858309925e-03
9.770427556808982672e-01,1.255710665081708963e-02,8.787026530378725178e-03,8.110474765175002790e-05,1.532006390253971102e-03
9.754696939796060340e-01,1.398447054852003553e-02,8.696687307420810850e-03,8.428718132641941621e-05,1.764860983126632877e-03
9.763432334223218767e-01,1.302676853753585717e-02,8.872720466974947165e-03,1.039035013887402433e-04,1.653374071778695824e-03
9.916038656777614868e-01,4.302972322963474934e-03,3.673798287068757041e-03,3.998641872623473579e-05,3.793772934801462418e-04
9.945378777502087431e-01,3.566873990263780183e-03,1.629577780601595624e-03,2.260496620370596374e-05,2.430655127220817150e-04
9.910282460744593847e-01,5.828343602051063235e-03,2.761135832941186141e-03,3.434512173586172452e-05,3.479293688125228621e-04
9.927181063339162170e-01,3.955578068788632301e-03,3.007118002134327468e-03,4.002754179547687207e-05,2.791700533653319275e-04
9.914654279070407306e-01,4.621120128759540618e-03,3.420773975706251687e-03,4.518263988537920964e-05,4.474953486081072900e-04
