9.704808380969706105e-01,1.437238783510813925e-02,7.287158650293855400e-03,1.148376226699738189e-03,6.711239190927472537e-03
9.977590643607709975e-01,1.543552053548285282e-03,2.988226558490804678e-04,3.472355207986122351e-05,3.638373777518357183e-04
9.991736314092898308e-01,6.218174903535686080e-04,7.579586589987146025e-05,1.353830166998959501e-05,1.152169327867573430e-04
9.986349280651809490e-01,1.114682987285591474e-03,1.009375157188875026e-04,1.013226453797707703e-05,1.393191672767431016e-04
9.987213961810962326e-01,1.067687905043919038e-03,1.244935058102635624e-04,8.309621503439221097e-06,7.811278654616032934e-05
9.950229522680076322e-01,4.205790924714883708e-03,5.488237157145271815e-04,2.303930906999263577e-05,1.993937824932005181e-04
9.941325542756008771e-01,4.969187878061397806e-03,7.233178392343854500e-04,1.650128230857772610e-05,1.584387247946557201e-04
9.970213925631664642e-01,2.526766293713928347e-03,3.477601748560368942e-04,7.582016222108770228e-06,9.649895204146924322e-05
9.943305747216534263e-01,4.375978531114554232e-03,1.150561996918530831e-03,4.506678281614943243e-05,9.781796749735671378e-05
9.933136958613172363e-01,5.124065790027349659e-03,1.410200997023744072e-03,3.969168714675789329e-05,1.123456644848626644e-04
9.892306634955757572e-01,8.508820482175110875e-03,2.016119039993337012e-03,4.204907378570338079e-05,2.023479084700053785e-04
9.977170125295936609e-01,1.690971558462865242e-03,4.992092569276991923e-04,1.916356671835146909e-05,7.364308829743236703e-05
9.984641674636068887e-01,1.254569904307836596e-03,2.230748936094611393e-04,1.092971540065530080e-05,4.725802307525928743e-05
9.993018307204009076e-01,5.551482530454741058e-04,9.721690105064453727e-05,8.929947105855822530e-06,3.687417839716202595e-05
9.990274755090081671e-01,8.149462196786610990e-04,9.764787518301374237e-05,7.474766903689680376e-06,5.245562922641274606e-05
9.987824656268413648e-01,1.043114124392033933e-03,1.018739736155028136e-04,4.982437097596766194e-06,6.756383805348613509e-05
9.986546218290134336e-01,1.140871562352038749e-03,1.551567725235659403e-04,7.779900195923380906e-06,4.156993591500192598e-05
9.968358790988847140e-01,2.775433032683182442e-03,3.134313513199904347e-04,1.221181050837648933e-05,6.304470660381326344e-05
9.963857654492999094e-01,3.117811682670027992e-03,4.121383088390341435e-04,1.625988271465419376e-05,6.802467647641432537e-05
9.961955639579531674e-01,3.357276125349401182e-03,3.189044410245084793e-04,1.687294785771600554e-05,1.113825278151135678e-04
9.986923889221462902e-01,1.090810251402108549e-03,9.833874337993820584e-05,7.016886291727771589e-06,1.114451967797760551e-04
9.966406536943022143e-01,2.957030142341834315e-03,2.064599297908237979e-04,9.947214928718182476e-06,1.859090186364766918e-04
9.788081939136731302e-01,1.943828410530372072e-02,1.306819519942117869e-03,2.374627149364651971e-05,4.229561895874289204e-04
9.251731661143924867e-01,6.721029830732344612e-02,6.738257047332743728e-03,5.016189417996796057e-05,8.281166367713438219e-04
9.885798661430049705e-01,8.870057163706559361e-03,1.808011953488911734e-03,2.763149981850568252e-05,7.144332399810138972e-04
9.909035302322111161e-01,6.054082386157076494e-03,1.486846057621859542e-03,3.292434075747002997e-05,1.522616983252604410e-03
9.841905491708174969e-01,1.054231655293980108e-02,2.931313596910292956e-03,4.645941323132092349e-05,2.289361266101101397e-03
9.892418625821712830e-01,6.112141337705942826e-03,1.658783800856303194e-03,2.828592182014660070e-05,2.958926357446445016e-03
9.922240027242830163e-01,2.910188700770069761e-03,1.019075020834611309e-03,2.472888039057894184e-05,3.822004673721786198e-03
9.930769324978521162e-01,2.267796241562742773e-03,7.043440060075045837e-04,2.004050977285874667e-05,3.930886744804790514e-03
9.807684107582490540e-01,5.415219033172383005e-03,2.096051217157680110e-03,4.576595571353670464e-05,1.167455303570733190e-02
9.729223013931144193e-01,9.014631260217698464e-03,3.453251222676862690e-03,5.424503276091055461e-05,1.455557109123011700e-02
9.396125357894024033e-01,2.119392857483225895e-02,2.611243229721900427e-02,2.098837611145762676e-04,1.287121957743151204e-02
8.939651844570929429e-01,4.220944231343240483e-02,2.042539579396501770e-02,1.556490766891313094e-04,4.324432835882035392e-02
9.425541375096492258e-01,2.281807456331733097e-02,7.999184533964550856e-03,1.290707138640976995e-04,2.649953267920483052e-02
9.449889967032812921e-01,2.349056548795613875e-02,5.540185417811690181e-03,1.310601291391005180e-04,2.584919226181164875e-02
8.987243676845390050e-01,5.192829430876971797e-02,1.539432754651758745e-02,2.053350646983837066e-04,3.374767539547529616e-02
8.300359560829704275e-01,9.294263813573608313e-02,3.216788783229644622e-02,3.821635094660267456e-04,4.447135443953095096e-02
8.827695790479773708e-01,7.042651884521146377e-02,2.296655785595900709e-02,2.233368708740257299e-04,2.361400737997821492e-02
8.582173012793197220e-01,6.997169047300937084e-02,5.137375982139092551e-02,3.679876166884252188e-04,2.006926080959142364e-02
8.838498040194585625e-01,5.453223690041808513e-02,2.666693457610253351e-02,2.377317322974475120e-04,3.471329277172333083e-02
7.884839618172282405e-01,1.065574507524033876e-01,8.775524201092770038e-02,4.965162467574239704e-04,1.670682917268322132e-02
7.017146999953095543e-01,1.299230556822670302e-01,1.376241258078506335e-01,5.183795639976828849e-04,3.021973895057516318e-02
8.674052231299280713e-01,6.479245397457800149e-02,5.138296781581522948e-02,2.214213180026826920e-04,1.619793376167603244e-02
8.539143791529065775e-01,6.630002087052186410e-02,4.371854397159400524e-02,2.080664626429330202e-04,3.585898954233461555e-02
6.700226472674797318e-01,1.357839429273182130e-01,1.818412563516083880e-01,5.774926887007110227e-04,1.177466076489295209e-02
4.924416882218092262e-01,1.576302507642468320e-01,3.261323549345923611e-01,1.014286380922220943e-03,2.278141969842943648e-02
6.975725818512895637e-01,8.330657157489552989e-02,1.045953297210110433e-01,5.124185882330039177e-04,1.140130982645708307e-01
5.591603728166859577e-01,1.523575964376082392e-01,1.136083464179439978e-01,4.585014804426707207e-04,1.744151828473190224e-01
7.351970597608231683e-01,8.773628988769577308e-02,8.201951060778270297e-02,5.459393772681892963e-04,9.450120036643010202e-02
8.060320455203839884e-01,6.268032012713281587e-02,7.125984499389141635e-02,4.422332931659588950e-04,5.958555606542588479e-02
6.394799765278569303e-01,1.493223894109964589e-01,9.234416975773125646e-02,4.672169283953946941e-04,1.183862473750199318e-01
6.610022204041682281e-01,9.837068070263992048e-02,1.184905249211555545e-01,6.484759634676233106e-04,1.214880980085687318e-01
4.530414926342488102e-01,1.519283464058353850e-01,1.148714750257633366e-01,5.432061630644931857e-04,2.796154797710880269e-01
2.852858475321785603e-01,2.985190979103851672e-01,1.258965718373409870e-01,3.208757411284784999e-04,2.899776069789667954e-01
4.626102749198840458e-01,1.460397687188502713e-01,6.247065497014477053e-02,2.506641447168508050e-04,3.286286372464041761e-01
3.598261871764344422e-01,1.921294163629096718e-01,1.589420732970286965e-01,4.551635467967236957e-04,2.886471596168304621e-01
3.840052193479179254e-01,1.859416115347170273e-01,1.662985356229300937e-01,6.745222474261993112e-04,2.630801112470088077e-01
5.420966421405783997e-01,1.265972549202689090e-01,2.406626173270592084e-01,7.618929981173361938e-04,8.988159261397599131e-02
4.792859175061552901e-01,1.634220938981837123e-01,2.224908273039871431e-01,7.176649254464653564e-04,1.340834963662273505e-01
2.984323454845588253e-01,1.854144795497851828e-01,2.220828006091070395e-01,6.338038576118545280e-04,2.934365704989370660e-01
5.080001452988708310e-01,9.407001440652298929e-02,1.279575703477811854e-01,6.104423268965033502e-04,2.693618276199285511e-01
4.127225740028274692e-01,1.402059826024628086e-01,1.501153223604181353e-01,5.647862207775189436e-04,2.963913348135141512e-01
6.990632306207320568e-01,5.830815672240006325e-02,1.515564234970406265e-01,8.033967062092667961e-04,9.026879245361796311e-02
5.668903620407549360e-01,9.359923410291159929e-02,2.870906401793149598e-01,1.301025063254822962e-03,5.111873861376361322e-02
4.639885284916360209e-01,1.516408130119336617e-01,3.593807143537575133e-01,1.254987937500318422e-03,2.373495620517256099e-02
5.391682842574478940e-01,1.251163935791021198e-01,2.930406626322182295e-01,1.115812679360704725e-03,4.155884685187104938e-02
7.592527739903360828e-01,6.860123654749962496e-02,1.098083443662735137e-01,7.638435383750113994e-04,6.157380155751587814e-02
5.887655418851288625e-01,1.758494798018979399e-01,1.845393635886309613e-01,9.574160519071217177e-04,4.988819867243502598e-02
5.227956455211347775e-01,1.437417019284049080e-01,2.902186969359936142e-01,1.477865859876950540e-03,4.176608975458973722e-02
3.244774093383614999e-01,1.905564880765913127e-01,4.703242068440682822e-01,1.529908342255602294e-03,1.311198739872342263e-02
4.087085133343819621e-01,1.970899000196590367e-01,3.889573043647595041e-01,1.296383203021954193e-03,3.947899078177583704e-03
5.629036389834382037e-01,1.909385335320135657e-01,2.201729343103762115e-01,1.042680354176488307e-03,2.494221281999563916e-02
1.584277147494771443e-01,1.608138447276434568e-01,6.723119180937698891e-01,1.695587047708484217e-03,6.750935381401033594e-03
1.974041137084345254e-01,1.034709333240498991e-01,6.941352070359895210e-01,2.178232994449144991e-03,2.811512937076974129e-03
5.874233121564506055e-01,7.384271743519221776e-02,3.277925517145353074e-01,1.755599755803231247e-03,9.185818938018765201e-03
5.434392488756087936e-01,1.213708133639138098e-01,3.161745208099288051e-01,1.277229641074127111e-03,1.773818730947433059e-02
5.985181475387588712e-01,1.257180053237087480e-01,2.198117443835270746e-01,1.246181181601070621e-03,5.470592157240428827e-02
5.707076420778632864e-01,1.548390410052472854e-01,1.457158139719419432e-01,8.050243796515564989e-04,1.279324785652959096e-01
6.899337566273564537e-01,1.386444470964639519e-01,1.416719242703448622e-01,7.653293735124424690e-04,2.898454263232218622e-02
5.492469622202464929e-01,2.172819653679356477e-01,2.101396180432719696e-01,9.455138455690462445e-04,2.238594052297673484e-02
4.927341732787531847e-01,2.180191515008412795e-01,2.604731021776420796e-01,8.400672382478080978e-04,2.793350580451562162e-02
3.001625985360908411e-01,2.100808238810253636e-01,4.761744967339505141e-01,1.289880669499948946e-03,1.229220017943331335e-02
5.352110031038537219e-01,2.089423059989979070e-01,2.294272549155293162e-01,9.731098273305053160e-04,2.544632615428862182e-02
5.332916104506763011e-01,1.976112622519737294e-01,2.466662157097371799e-01,1.062281806172643171e-03,2.136862978144025288e-02
3.970820607439010663e-01,2.648801988267266982e-01,3.240293935412054682e-01,1.173413796208071149e-03,1.283493309195868869e-02
1.574057731873051424e-01,2.202283953625187862e-01,6.176262100117926312e-01,1.196396221193623708e-03,3.543225217189779723e-03
2.822839308089606369e-01,2.357857670032525166e-01,4.681962900534072380e-01,8.150188528146106327e-04,1.291899328156500062e-02
2.238135870987339182e-01,2.714717661669737159e-01,4.455196602800496342e-01,9.179344248583369038e-04,5.827705202938440049e-02
3.222862696907745628e-01,2.527359537882213347e-01,2.479500291316662774e-01,7.550894395771994222e-04,1.762726579497606305e-01
5.238040466218648605e-01,1.737405216306652511e-01,2.399996218004002424e-01,1.366933872571327556e-03,6.108887607449835222e-02
3.884319586139496905e-01,1.653044034801853523e-01,3.488289308450211457e-01,1.205327276992672900e-03,9.622937978385104341e-02
4.020234574590396126e-01,1.537903265134502317e-01,3.793034231511965282e-01,1.588350963442322541e-03,6.329444191287128541e-02
4.489421047909715190e-01,1.377493393825552359e-01,1.972285945485111047e-01,1.082016739963224039e-03,2.149979445379988918e-01
5.186529146455466366e-01,1.600824591121683682e-01,1.647392322232775208e-01,7.008525309208305919e-04,1.558245414880865543e-01
4.476940720639503435e-01,1.232377954205879783e-01,2.977857318540411136e-01,1.373299992513341396e-03,1.299091006689071515e-01
4.126032814087068346e-01,1.711826773964254256e-01,2.905596430469864488e-01,1.116234113506107744e-03,1.245381640343751761e-01
7.487360784987830975e-01,6.132205660576439676e-02,8.409209509510483238e-02,6.131745670184232840e-04,1.052365952333291915e-01
7.128352585366216632e-01,7.328718783475167420e-02,1.484315805242388819e-01,1.134942145512249497e-03,6.431103095887558130e-02
7.445654188424295494e-01,5.752986509820422201e-02,1.851546626392553963e-01,9.406186596854059639e-04,1.180943476042539166e-02
5.498636623001404988e-01,7.552955814026734993e-02,3.659358462049246974e-01,2.679274383041970690e-03,5.991658971625492269e-03
7.327090727054830221e-01,6.270897780874433447e-02,1.967715776219049195e-01,1.265594295332146853e-03,6.544777568535614307e-03
6.786755895006870709e-01,1.054647680469796150e-01,1.813281229631350244e-01,1.191324994407512395e-03,3.334019449479079522e-02
8.493823564463821585e-01,5.475272997653040513e-02,8.711106705396738648e-02,6.798103483781092228e-04,8.074036174741722541e-03
6.818720556078682327e-01,1.061670010063383157e-01,2.042745917796861821e-01,8.673191421382281299e-04,6.819032463969043785e-03
4.503562009553453427e-01,1.226782150095612617e-01,4.235392979400335323e-01,1.071667229284293046e-03,2.354618865775474478e-03
6.879457046988096680e-01,8.517112514882814456e-02,2.194227310040474666e-01,1.113070912140236030e-03,6.347368236174432375e-03
9.220613798574803788e-01,3.422508306106480935e-02,3.560292824550646829e-02,2.273560783356852249e-04,7.883252757612676034e-03
7.753483694641912782e-01,1.004041475454138244e-01,1.099356584395013714e-01,4.038587514709778329e-04,1.390796579942255029e-02
5.481376122194143719e-01,2.382254619194074108e-01,1.742263029433510080e-01,4.897985314701720728e-04,3.892082438635705716e-02
4.207975535608191597e-01,2.976657777075190636e-01,2.442154424115706712e-01,7.851232625991549701e-04,3.653610305749202536e-02
2.965895138332470538e-01,1.244300150564006946e-01,5.681120513545930839e-01,1.663041183146065239e-03,9.205378572613083857e-03
7.272801189686388668e-01,6.363348984074572445e-02,1.875645320316046971e-01,9.919016403801494096e-04,2.052995751863073357e-02
6.455061192316310370e-01,9.270273917329693858e-02,2.334951097045661617e-01,1.075948510378986218e-03,2.722008338012688392e-02
8.552926281849585477e-01,3.198107597478244690e-02,8.663817431340249675e-02,7.787223951191885908e-04,2.530939913173725631e-02
7.739824450603061123e-01,7.770486242034208013e-02,9.005793812350186556e-02,4.528155891069163730e-04,5.780193880674306534e-02
7.539453448474826569e-01,9.292503627717776937e-02,1.259552398314794375e-01,4.555003435737110524e-04,2.671887870028635467e-02
6.901763616265970125e-01,1.095912940563335547e-01,1.864206921822377794e-01,5.991236551593842261e-04,1.321252847967226661e-02
7.264425856898778511e-01,8.346381098160349232e-02,1.818671543569088112e-01,5.325006557672218701e-04,7.693948315842533484e-03
7.213093231653966431e-01,8.126681071335530027e-02,1.832715645440525787e-01,6.832089976171843186e-04,1.346909257957852254e-02
7.769361367534461937e-01,8.996943480898929313e-02,1.215899252119821694e-01,6.148434058625255622e-04,1.088965981971979496e-02
5.916339811390445291e-01,1.350969315760481571e-01,2.631333291518798689e-01,9.804084265859188199e-04,9.155349706441686525e-03
3.512878454166767916e-01,2.388520295330202881e-01,3.978496074064710175e-01,1.133062779396315500e-03,1.087745486443552137e-02
2.396750976192782712e-01,2.735588770397009428e-01,4.728366677578563770e-01,1.034461102721477999e-03,1.289489648044293488e-02
4.036368995931633452e-01,2.371838707496743415e-01,3.390209570742841461e-01,1.265446982301300129e-03,1.889282560057686799e-02
3.353588277165244214e-01,3.677931833062304534e-01,2.040258671116555178e-01,6.077378350307115814e-04,9.221438403055878807e-02
3.617270524241930074e-01,3.527015646508457891e-01,2.543730462356034172e-01,5.364771256302768455e-04,3.066185956372748447e-02
3.659175541856648506e-01,2.336741790251553319e-01,3.644723951407595197e-01,1.068740309268456212e-03,3.486713133915173013e-02
3.518686994121751899e-01,1.426058175818241125e-01,4.871001519994784257e-01,1.824334090099735337e-03,1.660099691642259734e-02
5.756528402001540590e-01,1.182285648086862373e-01,2.802141194645313416e-01,1.526454948753104513e-03,2.437802057787527912e-02
4.394655993444687159e-01,1.858068363730519812e-01,3.088809514036108261e-01,1.443993848930665751e-03,6.440261902993782428e-02
5.513739569793519868e-01,1.315145674606211512e-01,2.326638671274550985e-01,1.689952651796794696e-03,8.275765578077490248e-02
6.941768900095988126e-01,6.590985537894547552e-02,1.697186530975078878e-01,2.294142392295262563e-03,6.790045912165255937e-02
9.106585563771995018e-01,2.002543857997183402e-02,3.954982361253850387e-02,1.193615983593742129e-03,2.857256544669646570e-02
9.378390358248646086e-01,2.344179575790973288e-02,2.142131666661466552e-02,5.413042722234527029e-04,1.675654747838764558e-02
9.919766265955201057e-01,4.310415000033476426e-03,1.617306835620013501e-03,8.913851502598004698e-05,2.006513053800423017e-03
9.857925458346684655e-01,9.849140140000633634e-03,3.127462307343293734e-03,1.111935162002211761e-04,1.119658201787538006e-03
9.886715946100769203e-01,8.978224375948274175e-03,1.544280731375528154e-03,4.472664293361845207e-05,7.611736396657762648e-04
9.977027365947540583e-01,1.792684050799329271e-03,2.506080168308767904e-04,1.251443982410940662e-05,2.414568977915560236e-04
9.987426752465048407e-01,1.022883374959033479e-03,1.014778796993441763e-04,6.040992059072578385e-06,1.269225067777497175e-04
9.987610309386683038e-01,9.936859412981704966e-04,1.115411374439984245e-04,6.891866091486433187e-06,1.268501164979880076e-04
9.993253191150510695e-01,5.498658400346456525e-04,6.593098979755027795e-05,4.307788950622929641e-06,5.457626616601295692e-05
9.985026489339769995e-01,1.277537688497240153e-03,1.475405663833395751e-04,8.233586308286066027e-06,6.403922483400265389e-05
9.964123161216390523e-01,3.215972673960660819e-03,2.528261713587506973e-04,1.206175453708553933e-05,1.068232785045155551e-04
9.973334358509275965e-01,2.393516910032672529e-03,1.843419555411226563e-04,8.400229347138737538e-06,8.030505415143302341e-05
9.992242522719456677e-01,6.770863550952445787e-04,5.087130118703406137e-05,3.492602256484258429e-06,4.429746951584245080e-05
9.992667413545549548e-01,6.250200831633843847e-04,5.199781236553447132e-05,4.158004436143059035e-06,5.208274547997285774e-05
9.983087499802433262e-01,1.464675523967887008e-03,1.252032286264395308e-04,7.239036348683629905e-06,9.413223081345691544e-05
9.967104645895483728e-01,3.002442373364229856e-03,1.313544434861669825e-04,5.495026209500269945e-06,1.502435673916290872e-04
9.986982847819966258e-01,1.167203635335524545e-03,5.998434592421691101e-05,3.182169805857001096e-06,7.134506693777739887e-05
9.992178549605484905e-01,6.870898172685168531e-04,4.495234590514245301e-05,2.648403157967818405e-06,4.745447311990656395e-05
9.992522386788730282e-01,6.528862596845284210e-04,4.370784711985336337e-05,2.373015970364264079e-06,4.879419835204956186e-05
9.991548784887603896e-01,7.451614241016845872e-04,4.384686178116091129e-05,2.138625060396455472e-06,5.397460029641000133e-05
9.994427284591084204e-01,5.004519108936043154e-04,2.362370054868078955e-05,1.317495003477263537e-06,3.187843444576635805e-05
9.993675200803520120e-01,5.728029928439961130e-04,2.514581511948047539e-05,1.273891159705313538e-06,3.325722052477342680e-05
9.992385286808855849e-01,6.826804011928288120e-04,3.426626084320298762e-05,1.762774522838145871e-06,4.276188255571308062e-05
9.994424126991682256e-01,4.934347099609453450e-04,2.918620214883237328e-05,1.539446369871631626e-06,3.342694235225333356e-05
9.987772988945422536e-01,1.100552460222790083e-03,6.772685300520658457e-05,2.550297196078087073e-06,5.187149503352745392e-05
9.989558681385253269e-01,9.225629278659853603e-04,6.603804982657151895e-05,2.627400281204807586e-06,5.290348350105470251e-05
9.986170571703966159e-01,1.228927757712049238e-03,7.544716988983152998e-05,2.898531740793385494e-06,7.566937026065135923e-05
9.981178722407939574e-01,1.693137900392063366e-03,1.069009825204290259e-04,3.823340148485697841e-06,7.826553614501442226e-05
9.969261405209377536e-01,2.746422074388691920e-03,2.339957427833508569e-04,7.505845679641979390e-06,8.593581621065861376e-05
9.977015091003338387e-01,2.061783233922112775e-03,1.734727929118122535e-04,6.317797712741444419e-06,5.691707511942983210e-05
9.974028059402626489e-01,2.349527886550104722e-03,1.639931378894745240e-04,6.069956205161722059e-06,7.760307909261811115e-05
9.968522356657448791e-01,2.840897688703628195e-03,2.139960010773621466e-04,6.686821774317297352e-06,8.618382269970558611e-05
9.963511644737942374e-01,3.299203183201856147e-03,2.422409828883831352e-04,6.727494212693665916e-06,1.006638659027841082e-04
9.957523064277762348e-01,3.848430386636938517e-03,2.517186212528081538e-04,6.493665187201214586e-06,1.410508991468297857e-04
9.959855692153457563e-01,3.594788324580871098e-03,2.949600111599700648e-04,7.460695224394533577e-06,1.172217536891468541e-04
9.964614395087589838e-01,3.202418311960482464e-03,2.191055063527708668e-04,5.791820236644677941e-06,1.112448526911384355e-04
9.967613484800165180e-01,2.919436301778176313e-03,2.241416146340695728e-04,6.603126790472130577e-06,8.847047678065489906e-05
9.952385671014247759e-01,4.314011718681040435e-03,3.111159097706192372e-04,7.141592138744124810e-06,1.291636779847685429e-04
9.972123996274583346e-01,2.531923352324828326e-03,1.659678181157629522e-04,4.932236067731386314e-06,8.477696603317873313e-05
9.968131233196966257e-01,2.921710479440101007e-03,1.655695572705661862e-04,4.644740017398936823e-06,9.495190357539417321e-05
9.976096846857893663e-01,2.173645618699327538e-03,1.335301770527183292e-04,4.127936857750051994e-06,7.901158160099852840e-05
9.966009393973336294e-01,3.118442386006656675e-03,2.030249148920275609e-04,5.181074436408370945e-06,7.241222733119909627e-05
9.968583896653532284e-01,2.851385398659559908e-03,1.995063667803254688e-04,4.868792220246253677e-06,8.584977698665325068e-05
9.960518932534567771e-01,3.582413363102162490e-03,2.540927930166831153e-04,6.055316625653828042e-06,1.055452737988182870e-04
9.947870880569346097e-01,4.765168286166177741e-03,3.065239902793347225e-04,6.573187395685431905e-06,1.346464792240527862e-04
9.945750322251253328e-01,4.940069051785749357e-03,3.338494765850506070e-04,7.886302623377346483e-06,1.431629438805571107e-04
9.939316166312306411e-01,5.416568340669025185e-03,5.018797025404681802e-04,8.692883884657005139e-06,1.412424416752399478e-04
9.962696890406580463e-01,3.331409388362980249e-03,2.900605082972533251e-04,6.222283869868694493e-06,1.026187788118611109e-04
9.964893373587030423e-01,3.171948683423049878e-03,2.408542737039662111e-04,5.176099486784570536e-06,9.268358468327363251e-05
9.940816893864695691e-01,5.372330826708589420e-03,4.163663500003740516e-04,8.497593302980472208e-06,1.211158435184783413e-04
9.862716787410840125e-01,1.270364852097891073e-02,8.054283606176714265e-04,1.249981534187107747e-05,2.067445619775507286e-04
9.884409337358203151e-01,1.073298911512406140e-02,6.094894147380195944e-04,9.924540772203057200e-06,2.066631935453802670e-04
9.947004213633000580e-01,4.712210825079923317e-03,4.784700391915654031e-04,8.158045285779284202e-06,1.007397271426886844e-04
9.931808665022978655e-01,5.962365916133808424e-03,7.553243074430244152e-04,1.098524289143521159e-05,9.045803123373363764e-05
9.969995096764928677e-01,2.659758469343167977e-03,2.730669667383789963e-04,6.161269112486793609e-06,6.150361831303737784e-05
9.970095599556959565e-01,2.679114401539919605e-03,2.399190705579010521e-04,6.001515872307173140e-06,6.540505633382240108e-05
9.974150417574859651e-01,2.334697900866948908e-03,1.876444623468997465e-04,5.466390299261118599e-06,5.714948900089161619e-05
9.961355551340591585e-01,3.520682352177351322e-03,2.429126683445173107e-04,5.799911955585384050e-06,9.504993346331588508e-05
9.971474837203284647e-01,2.599950905731292228e-03,1.731556071754179402e-04,4.525567745275625068e-06,7.488419901968083187e-05
9.967612612865386357e-01,2.962516970587317656e-03,1.873345730992443227e-04,4.725589016494869771e-06,8.416158075820099303e-05
9.953322380488829335e-01,4.283798456450320369e-03,2.747368529092595831e-04,6.680877129649452560e-06,1.025457646279147512e-04
9.907873195770903196e-01,8.531372254179809753e-03,5.366137504897504438e-04,1.007567832733666573e-05,1.346187399128098185e-04
9.848256828691456244e-01,1.397937175754558267e-02,9.460691187131730923e-04,1.400802323835228628e-05,2.348682313573816592e-04
9.902722959206504694e-01,8.876979659097313305e-03,6.916962272793698028e-04,1.150746842020411265e-05,1.475207245526689176e-04
9.934815999649415641e-01,5.955658761872902399e-03,4.524689236046687980e-04,8.394272783191549184e-06,1.018780767976718081e-04
9.945068356606361348e-01,4.986836801595748679e-03,3.974831455988757454e-04,7.459453405143929287e-06,1.013849387640457510e-04
9.955271247870354223e-01,4.114448097240448049e-03,2.571059960778367343e-04,5.986892352655275288e-06,9.533422729360068110e-05
9.955553657861025973e-01,4.057723997533744034e-03,2.827503119589883877e-04,6.622376947090958449e-06,9.753752745772407506e-05
9.964888192597147754e-01,3.188941690050635814e-03,2.245297505334428268e-04,5.354105572478799352e-06,9.235519412860494792e-05
9.955616880847786287e-01,4.066243073340631078e-03,2.734378200479090993e-04,6.454799244387619879e-06,9.217622258839622122e-05
9.961878128186503201e-01,3.511904285182019213e-03,2.253053503255385151e-04,5.484073689970275705e-06,6.949347215211259382e-05
9.965474842057726601e-01,3.152204451253956107e-03,2.188631452786158737e-04,5.571065382963820057e-06,7.587713231155317163e-05
9.937004436407695929e-01,5.809847469853230903e-03,3.660842630995491732e-04,8.453533757058978048e-06,1.151710925206390982e-04
9.937347599294820144e-01,5.787789840496286933e-03,3.453432677393131591e-04,7.331983939737773884e-06,1.247749783424156205e-04
9.934508888910258406e-01,6.075610950116191837e-03,3.478672321317256475e-04,8.532761900811024021e-06,1.171001648255722179e-04
9.974302279080745626e-01,2.328299260609256651e-03,1.823585903271423983e-04,5.275591840500049273e-06,5.383864914864258357e-05
9.909667874367920071e-01,8.273035971286823304e-03,6.380885825106979688e-04,1.291314551638422560e-05,1.091748638941310312e-04
9.952836688117264741e-01,4.372411534570117865e-03,2.584190509777132823e-04,6.888033017451537776e-06,7.861256970816739992e-05
9.967104736928495967e-01,3.029822943126546635e-03,1.891191823105499198e-04,5.740061475923874519e-06,6.484412023738106423e-05
9.935525215308806946e-01,5.942077807350881063e-03,3.992646598451172167e-04,9.347950156001241898e-06,9.678805176744892499e-05
9.952821113294686439e-01,4.322046636802870379e-03,2.831847323055881492e-04,7.264825696751567598e-06,1.053924757260425130e-04
9.950233679077116200e-01,4.547409651376808047e-03,3.143683542423480028e-04,7.082279302451352123e-06,1.077718073668461303e-04
9.943650431136894507e-01,5.120522156757210258e-03,3.994618926687615442e-04,8.913937523443561680e-06,1.060588993612617806e-04
9.947866637338360629e-01,4.741111383784432295e-03,3.640360091462103553e-04,8.557215301391274501e-06,9.963165793201168277e-05
9.944992365726554873e-01,5.031285056971012901e-03,3.624524516292300315e-04,9.362474930139536868e-06,9.766344381398118807e-05
9.936139105911131475e-01,5.892849065046946479e-03,3.599611152598087551e-04,9.655240327401383259e-06,1.236239882527493609e-04
9.937838865588982662e-01,5.726904846094636736e-03,3.589304559040166673e-04,9.320581942458667596e-06,1.209575571607268170e-04
9.922328919237664024e-01,7.177672496414792477e-03,4.374924122263907094e-04,1.037269361745864192e-05,1.415704739750820980e-04
9.946706767914370584e-01,4.878573811330602292e-03,3.350398529947169897e-04,9.348478813575928677e-06,1.063610654240929894e-04
9.949116218143275736e-01,4.673051464512121590e-03,2.991816301560325871e-04,8.485732018176761184e-06,1.076593589861313423e-04
9.946126952788154618e-01,4.938012686906649053e-03,3.144495174573601207e-04,8.444371987122905452e-06,1.263981448333375483e-04
9.924828279835844480e-01,6.850505146933788710e-03,4.991137853331933634e-04,9.020029640916210110e-06,1.585330545076917171e-04
9.923402287986081705e-01,7.005790753007792859e-03,4.729349936802847523e-04,8.940805862323788824e-06,1.721046488414529688e-04
9.918927422944914252e-01,7.450836915163534108e-03,4.888041319625484370e-04,9.699322183363668658e-06,1.579173361991437598e-04
9.924636846320212813e-01,6.839538716035131402e-03,5.389704885275688195e-04,1.063964124552278722e-05,1.471665221704923448e-04
9.929205933947485851e-01,6.436107754196680741e-03,5.019415499197661884e-04,1.000740293884082797e-05,1.313498981962521895e-04
9.951045071268959097e-01,4.450360711941232089e-03,3.442697750019261529e-04,8.501105422735994753e-06,9.236128073796212546e-05
9.820412792188839557e-01,1.674400943489148808e-02,9.653084005114324039e-04,1.828676958304030381e-05,2.311161761300962807e-04
9.875191282428403827e-01,1.156261117347479918e-02,6.856746985085714540e-04,1.264049411585862573e-05,2.199453910603803763e-04
9.763624778716066821e-01,2.206121222140110250e-02,1.360894426241614566e-03,1.982064956888544233e-05,1.955948311816877924e-04
9.779762069872555141e-01,2.025011714916015795e-02,1.547435292222687237e-03,2.583033082372179187e-05,2.004102405380787271e-04
9.796182246324799392e-01,1.870986093765271766e-02,1.406823391306713565e-03,2.136807944101813824e-05,2.437229591198248029e-04
9.456430559529063196e-01,5.021652242342487804e-02,3.665087826299834144e-03,4.025182569164099375e-05,4.350819716773550363e-04
9.814598529855254050e-01,1.691196699169715892e-02,1.393229012631266644e-03,1.977102687793836944e-05,2.151799832683062884e-04
9.840937580799803408e-01,1.435966907471949820e-02,1.273128074698064247e-03,1.774610631512925929e-05,2.556986642870142344e-04
9.911292730807361728e-01,7.933472742050718188e-03,7.423161849091764299e-04,1.196444478875871918e-05,1.829735475151432066e-04
9.919115463096329632e-01,7.291896588897833244e-03,6.336701802286289192e-04,1.256893662759485858e-05,1.503179846130701849e-04
9.877648689243425650e-01,1.128229926122838178e-02,7.939472008468326887e-04,1.524191410210203977e-05,1.436426994801644143e-04
9.871064483498223074e-01,1.189195827046255448e-02,8.328787661330748450e-04,1.666161942426356193e-05,1.520529941579571700e-04
9.921024806963154585e-01,7.233425879903913544e-03,5.594197957412992608e-04,1.111552397906840085e-05,9.355810406024615237e-05
9.767326926601569426e-01,2.169285984666930248e-02,1.399044325367139376e-03,2.193751668174726631e-05,1.534656511249362851e-04
9.863618982275792479e-01,1.247690918131739470e-02,1.011271757933760677e-03,1.491530228950114312e-05,1.350055308800581205e-04
9.949078761064047427e-01,4.324981497300116329e-03,6.788253933603128351e-04,3.221549173475110562e-05,5.610151120014570129e-05
9.894984313017121114e-01,6.450597830357005999e-03,3.616456874036405415e-03,3.628621055188245093e-04,7.165188837564639784e-05
9.722534622597449605e-01,1.500082403536496904e-02,1.144295752133681413e-02,1.138359290011372585e-03,1.643968935420123839e-04
9.845345366529693054e-01,9.137839711883356114e-03,5.404856790671151365e-03,7.603900344105015774e-04,1.623768100657431543e-04
9.758225176857602268e-01,1.341241968367946208e-02,9.236840055587260123e-03,1.359338992524995651e-03,1.688835824481629854e-04
9.412643866174017493e-01,3.190693076740114265e-02,2.458264484841064107e-02,1.926619609416224373e-03,3.194181573701990900e-04
9.868616801024552299e-01,9.354622534179488774e-03,3.416044718067407643e-03,2.445869198587553341e-04,1.230657254390271833e-04
9.936322922339321240e-01,5.281297834072743932e-03,9.428799704565202482e-04,6.130587040573931535e-05,8.222409113281702237e-05
9.853709590179039468e-01,1.239862562621713710e-02,1.985072811779110564e-03,7.968525977405797097e-05,1.656572843257015086e-04
9.904521889285728964e-01,8.177668492353525054e-03,1.239585411354504575e-03,3.879622498128545895e-05,9.176094273774954837e-05
9.939039335490709171e-01,4.739757938464017259e-03,1.227544314415288844e-03,6.675235817681620992e-05,6.201183987300973484e-05
9.869368599314700674e-01,7.230411238215738758e-03,5.311628624424977532e-03,4.508902125896146009e-04,7.020999329965885171e-05
9.929404441363371969e-01,3.585277903909849309e-03,3.026099019936860732e-03,4.006730760977940723e-04,4.750586371824147997e-05
9.947313562027910727e-01,3.664501567539536330e-03,1.455472750473720683e-03,9.497267850427534538e-05,5.369680069143963958e-05
9.962309261692198215e-01,2.074062279386128596e-03,1.352575049294737087e-03,2.781233233644171861e-04,6.431317873476881245e-05
9.912311553633768035e-01,4.959339021477856060e-03,3.081463719587278650e-03,6.122546578355824581e-04,1.157872377225083258e-04
9.927879737985793041e-01,3.690313013425106699e-03,2.887682477632367174e-03,5.741978491968926330e-04,5.983286116631624836e-05
9.951719996488069819e-01,2.754122470892604764e-03,1.630428175643490593e-03,3.848237751845891654e-04,5.862592947222774927e-05
9.810825543873847865e-01,8.448781267662866523e-03,7.608027161099599651e-03,2.724994565878782315e-03,1.356426179739996093e-04
9.899568396670330728e-01,5.616499711416754123e-03,3.276798116237165763e-03,1.045115390593160352e-03,1.047471147198534951e-04
9.878947222100755710e-01,6.530877358139985586e-03,4.017042102558662266e-03,1.400836290858099246e-03,1.565220383675919574e-04
9.703652556351858305e-01,1.300183268256908421e-02,1.444728963997975874e-02,1.958176684167959973e-03,2.274453580973637753e-04
8.451458009063144150e-01,1.706499581229843979e-02,1.301848568241430193e-01,7.295168605012216853e-03,3.091778522318503006e-04
8.240034758033707440e-01,3.132561346105988687e-02,1.388403669825998832e-01,5.239085791724842900e-03,5.914579612448496535e-04
8.685686048678977755e-01,3.668184537343811835e-02,9.160308141822155747e-02,2.155294162439732545e-03,9.911741780029522698e-04
7.888139499698930690e-01,3.330233334217384128e-02,1.737144540082125876e-01,3.399383876867616457e-03,7.698788028527339374e-04
6.953590572993817442e-01,4.620432923904108091e-02,2.526985307457192409e-01,4.910004759679539692e-03,8.280779561785616555e-04
6.837191972898175596e-01,7.014863378200285327e-02,2.399522628707394523e-01,3.473923776788279388e-03,2.705982280651785237e-03
6.575188672941593149e-01,1.500827752790166170e-01,1.853156997138143969e-01,1.210869051939643610e-03,5.871788661069981922e-03
5.434965578775967643e-01,8.807260110424955379e-02,3.622640426831876814e-01,2.714275441964370851e-03,3.452522893001755411e-03
6.516328055540254738e-01,8.665823277967439620e-02,2.536442685580496681e-01,1.716006881492377961e-03,6.348686226758055995e-03
8.765539766303690472e-01,2.391623558269433125e-02,9.214611620388032942e-02,3.060498644503554296e-03,4.323172938552782493e-03
8.478521498398101652e-01,4.145063003924229217e-02,9.676037854424862639e-02,2.561901436436773982e-03,1.137494014026205549e-02
9.094918291233101693e-01,1.093953425058881088e-02,6.378503227479864757e-02,1.208240103544379329e-02,3.701203315858468419e-03
8.590611438223862972e-01,9.510339618173055745e-03,1.132079706563564603e-01,1.700676758815395859e-02,1.213778314930326167e-03
8.078432896876490688e-01,1.088252262621982290e-02,1.562812790045003397e-01,2.394386484129022025e-02,1.049043840340657240e-03
7.747557762788559454e-01,1.472237243568610271e-02,1.934159784263651538e-01,1.561005687150870264e-02,1.495815987584069593e-03
7.783986444224605394e-01,9.993423072813293132e-03,1.922479732862235613e-01,1.600389275214394655e-02,3.356066466358638336e-03
7.673704878945394325e-01,9.015990805871442262e-03,2.024542144994436188e-01,1.768257455643873141e-02,3.476732243706679142e-03
7.285824910416329736e-01,1.482131025731922916e-02,2.332309306599034959e-01,2.103070324850662975e-02,2.334564792637686299e-03
5.450763363891204527e-01,2.079691592571703690e-02,4.097762600172453196e-01,2.175013190712831238e-02,2.600355760789099628e-03
4.767492733783693648e-01,7.678601386651218164e-03,4.853179694017799584e-01,2.946058663237364345e-02,7.935692008258450397e-04
3.870565988707175276e-01,9.203877306839762865e-03,5.639216171983562065e-01,3.918499328647896685e-02,6.329133376074958092e-04
5.025536411411566373e-01,8.290584867888242324e-03,4.552940369738142090e-01,3.335170325713762013e-02,5.100337600033117086e-04
7.178080930414827421e-01,5.356680476670404485e-03,2.470938893802110681e-01,2.923928269244376044e-02,5.020544091919555349e-04
6.402284686826361648e-01,5.866302442032293035e-03,3.197111193121592865e-01,3.369203054328209768e-02,5.020790198900103220e-04
7.238183832101648951e-01,7.309469439784300852e-03,2.469770504017227697e-01,2.084475007616699849e-02,1.050346872160963421e-03
8.505590201922346161e-01,6.893465174890909576e-03,1.276018863846117846e-01,1.331774360216614675e-02,1.627884646096670320e-03
8.765365664452338113e-01,4.435201450506109574e-03,1.033841598723207744e-01,1.506092092311471509e-02,5.831513088244697548e-04
8.176764042386073239e-01,4.106122884750838808e-03,1.392493404089932552e-01,3.816575804339997213e-02,8.023744242486459920e-04
4.563815700739435877e-01,1.606498883645816889e-02,4.860843599927132108e-01,4.031451369817999619e-02,1.154567398705224875e-03
3.566376050311953483e-01,3.985104469399298674e-03,5.574063184651467662e-01,8.138822751959508273e-02,5.827445146634441893e-04
6.289610554079340110e-01,7.597585076209788062e-03,3.299151137166460024e-01,3.244220578400142802e-02,1.084040015208701359e-03
5.931384923537273979e-01,9.224866567472197673e-03,3.675900511071514831e-01,2.794249809093924883e-02,2.104091880709489486e-03
7.588041890992600624e-01,1.429930496124891780e-02,2.128099283432967614e-01,1.127609144944408982e-02,2.810486146750151588e-03
8.031366165213303931e-01,1.497927447517042807e-02,1.695518233897170823e-01,1.092589537826060657e-02,1.406390235521594182e-03
7.621850305029684858e-01,2.099590940828712643e-02,2.024756426779424634e-01,1.264915161465967122e-02,1.694265796142290035e-03
4.992313644816492313e-01,1.219123102564843505e-02,4.370904045925058101e-01,5.051028125333328900e-02,9.767186468631666642e-04
4.181929680993777265e-01,1.186374324294870927e-02,5.391435335441023824e-01,2.988472428906663314e-02,9.150308245046403968e-04
2.252426331486004074e-01,7.706127417703396293e-03,7.065036913261658613e-01,5.987639539660586513e-02,6.711527109245579931e-04
3.948937627685542573e-01,1.473769134976307682e-02,5.421752884809908357e-01,4.633508639827532694e-02,1.858171002416433631e-03
6.029542693956643218e-01,5.047276983518565914e-03,3.067875917597635560e-01,8.433345001347150593e-02,8.774118475819687275e-04
4.583230385145907748e-01,1.030778536157517071e-02,4.424988387832239911e-01,8.800062194000460303e-02,8.697154006054748625e-04
5.584042059535391234e-01,6.323841631432030978e-03,3.736574513704131184e-01,5.996046055241129741e-02,1.654040492204404906e-03
6.102676039408203579e-01,1.006779833160166560e-02,3.441442019495054017e-01,3.108918181469395511e-02,4.431213963378435872e-03
6.872994506853888907e-01,1.077895324474693536e-02,2.730234923048779350e-01,2.355611678184045196e-02,5.341986983145750531e-03
7.844900241540809782e-01,1.190738207028315190e-02,1.836187309549242863e-01,1.267903176118291217e-02,7.304831059528725176e-03
6.840029038127262151e-01,1.055169404744491640e-02,2.841722281746140721e-01,1.825423731291065527e-02,3.018936652304151508e-03
5.588954319853801644e-01,1.330722075261527894e-02,4.015100845000698637e-01,2.412930480925126395e-02,2.157957952683440227e-03
7.469748209837415720e-01,1.560725959433664073e-02,2.203563729809204230e-01,1.063092880658197611e-02,6.430617634419292725e-03
6.727329171563112276e-01,2.908452275629689818e-02,2.751345169982922223e-01,9.144223798199107439e-03,1.390381929090073014e-02
6.950607961532244694e-01,3.839135196473456718e-02,2.307693576700060589e-01,7.692888105617609433e-03,2.808560610641731500e-02
9.021712690475259810e-01,1.106969952248335574e-02,7.475279354823811950e-02,3.171143154324631598e-03,8.835094727427919917e-03
8.463376494047787357e-01,2.146147567613043705e-02,1.102066231689047965e-01,4.301185533899160897e-03,1.769306621628671111e-02
9.147435843355763430e-01,1.009982139777906678e-02,6.314302984778788486e-02,5.357252407798552586e-03,6.656312011058224815e-03
