9.623868562299615625e-01,2.161643166550714437e-02,1.109443724700397323e-02,1.373682476062799626e-03,3.528592381464645995e-03
9.960419180448130128e-01,2.283093671390158674e-03,1.095612382946981999e-03,4.127559160974941972e-04,1.666199847523824060e-04
9.903575732148166555e-01,7.582887623549267736e-03,1.645373914404961793e-03,1.664935656209919177e-04,2.476716816080950330e-04
9.431703937805597793e-01,5.091104284008665659e-02,5.319253951285532467e-03,1.030991393585689657e-04,4.962102887093893704e-04
8.334074597347618241e-01,1.481965478293584826e-01,1.751178815652369367e-02,1.263436250592705166e-04,7.578606542967251556e-04
7.040943294349549797e-01,2.426786485278085714e-01,5.206876344758198244e-02,2.102379863714379780e-04,9.480206032830242784e-04
5.833893382610836342e-01,2.697781425441399539e-01,1.447445585064274509e-01,5.726191243261470479e-04,1.515341564022826834e-03
5.780140761770501401e-01,2.209105642153718352e-01,1.893801875158700465e-01,1.160166838072607641e-03,1.053500525363524828e-02
4.127762576042622311e-01,2.548773877907504759e-01,3.257532562332928205e-01,1.763023558822412237e-03,4.830074812872173391e-03
6.312957737783836398e-01,1.665403962877449184e-01,1.982181678002646052e-01,1.165075250088374714e-03,2.780586883518472181e-03
5.147645683839366937e-01,2.327161637414745243e-01,2.462329435262672894e-01,1.873249155128266143e-03,4.413075193193157462e-03
2.830307907898719222e-01,3.977809691402928172e-01,3.114450315365377975e-01,1.429010580660711009e-03,6.314197952636704456e-03
1.856944061935106582e-01,4.434291843400992583e-01,3.508817608095041729e-01,1.450980676149240482e-03,1.854366798073674855e-02
2.004543431233140605e-01,5.582481389020964579e-01,2.244032376026883491e-01,7.854473406261966179e-04,1.610883303127488841e-02
1.753008669256112817e-01,6.297528397858876970e-01,1.702738214908317838e-01,5.551151868024948189e-04,2.411735661086683927e-02
1.391484306251049019e-01,6.505995363419571076e-01,1.935425457155437456e-01,5.106078237829622538e-04,1.619887949361119295e-02
2.429837743877842349e-01,5.953760676579863409e-01,1.486754577639172459e-01,3.679999509633277081e-04,1.259670023934881568e-02
2.568817980191152595e-01,5.722109793373669762e-01,1.252320100246061829e-01,4.998091714680499755e-04,4.517540344744338382e-02
2.088280084829485239e-01,5.819038343638385236e-01,1.797284269066165563e-01,6.661561570833938149e-04,2.887357408951300025e-02
1.579583526204063337e-01,6.605427212116311564e-01,1.447161783433757176e-01,3.761081559721347824e-04,3.640663966861475143e-02
1.288232226463285890e-01,6.604855804120646212e-01,1.413778483376017525e-01,2.654717031343025520e-04,6.904787690087063612e-02
4.307968404551225095e-01,2.358553225065732617e-01,1.266605553669646611e-01,7.249092982559344166e-04,2.059623723730836520e-01
4.718342983170463745e-01,9.701730923592510880e-02,7.509253070198482205e-02,7.745731225080253971e-04,3.552812886225355515e-01
6.960973286153258055e-01,8.323900800803248068e-02,9.402665292182195433e-02,1.205058768021239658e-03,1.254319516867987150e-01
7.041963540097309071e-01,1.123150134398509387e-01,1.270621235291407025e-01,1.882900162169354619e-03,5.454360885910812529e-02
7.003374464590621518e-01,1.519049755267053714e-01,7.529523326808490458e-02,1.017988014776293306e-03,7.144435673137126963e-02
4.866407448010114933e-01,2.874573341218169542e-01,1.784850905853920255e-01,1.302491807074310616e-03,4.611433868470508207e-02
3.564367451059412550e-01,2.729725278945065448e-01,3.509568398435011782e-01,2.168782181800888754e-03,1.746510497425015490e-02
3.712850703750490977e-01,2.160397366612954728e-01,3.899484875901950698e-01,3.394148594497132555e-03,1.933255677896308575e-02
3.237782468363812893e-01,1.990666722265323207e-01,4.062652435696582076e-01,6.826717688986738697e-03,6.406311967844148525e-02
3.546802466822707167e-01,1.367036051849886968e-01,3.757957834748407167e-01,6.950825029058766563e-03,1.258695396288412316e-01
3.498202095596598116e-01,6.294252214002447887e-02,4.440801739436726625e-01,4.709293088173648750e-02,9.606416347490660812e-02
8.702499186631630357e-01,2.551708885245344838e-02,8.557453963709898970e-02,1.132163120827109348e-02,7.336821639013454445e-03
9.214416441169898109e-01,1.592879678810294602e-02,4.684798088355657947e-02,1.213816565680273657e-02,3.643412554547768335e-03
9.073965442286667793e-01,2.337138289905114213e-02,5.444366659348462423e-02,8.843369006127537943e-03,5.945037272669980583e-03
8.574206722888806365e-01,2.955245586786067052e-02,8.564982092974801620e-02,1.969961180415924495e-02,7.677439109351293089e-03
7.927014641889740254e-01,4.420646202310379858e-02,1.313024231606750580e-01,2.703547710144801886e-02,4.754173525798979436e-03
7.425390435874105188e-01,3.008247284011478229e-02,1.651452275949351345e-01,5.801170712653881678e-02,4.221548851000738074e-03
8.163380378432352202e-01,2.731316130650850160e-02,1.225969206486306196e-01,3.144085020700108923e-02,2.311029994624537280e-03
8.380521144781636345e-01,2.481480296004494324e-02,9.798636707532804024e-02,2.614140414500338086e-02,1.300531134145984681e-02
8.864505162421634221e-01,2.482367009780682074e-02,4.245281034756094585e-02,1.151946977133112837e-02,3.475353354113762394e-02
9.088237555945695156e-01,2.288450490990983147e-02,3.885321559848461254e-02,9.228346700111779433e-03,2.021017719692422623e-02
7.922691476116574538e-01,3.662369436611328383e-02,1.268406435164544099e-01,1.981777513467290058e-02,2.444873937110198653e-02
9.113711999237698036e-01,1.899213096107708193e-02,5.739896084610448396e-02,8.498372618274281295e-03,3.739335650774348787e-03
8.396929899491452076e-01,4.686291334963602756e-02,9.008904352492307088e-02,8.938190845455834185e-03,1.441686233083971404e-02
8.559463912504673422e-01,2.972158566860067311e-02,8.329689064096712503e-02,1.212375655295929930e-02,1.891137588700552569e-02
8.778092654365714509e-01,2.899744459998906954e-02,7.488975843119267950e-02,8.655713943851284231e-03,9.647817588395534924e-03
9.499147122418423184e-01,2.349480002988279040e-02,2.252739488600364118e-02,2.018407117207178698e-03,2.044685725064127307e-03
9.655533456329400410e-01,1.829637682758536443e-02,1.431047116071027143e-02,1.197738209826625100e-03,6.420681689376328506e-04
9.439142915187640481e-01,1.913980050092013718e-02,3.067265346036238821e-02,5.012500308811401392e-03,1.260754211141908859e-03
9.485985833506918041e-01,2.143217298636266449e-02,2.422824125776142090e-02,3.213714517383586388e-03,2.527287887800452534e-03
9.556324046981747866e-01,1.843930943269231001e-02,2.112176300809318411e-02,2.505674191089014673e-03,2.300848669950473872e-03
9.687557265110996463e-01,1.270002993219626793e-02,1.398071492044626260e-02,1.400680925587136517e-03,3.162847710670713131e-03
9.750208930101221805e-01,5.712971675653737667e-03,1.488528162572358773e-02,3.230606308637488412e-03,1.150247379863008962e-03
8.965683062090613609e-01,1.324909922237905990e-02,7.402855232206032032e-02,1.343239851388845774e-02,2.721643732610694050e-03
9.593716618931041884e-01,7.008001524975788349e-03,2.519223255477422846e-02,5.913935103383349996e-03,2.514168923762534567e-03
9.472278627296791820e-01,1.159579255013267786e-02,3.076305822427730097e-02,6.684697949552604809e-03,3.728588546358292503e-03
9.010608957207403291e-01,2.503574449469905816e-02,4.730624259365115436e-02,8.011219122810117957e-03,1.858589806809917214e-02
8.459317204778743493e-01,3.262505047666516833e-02,8.675950875576640686e-02,2.236070590849485729e-02,1.232301438119924077e-02
8.495721639196864849e-01,3.390504724213815047e-02,9.049996832538356739e-02,2.097243244303467757e-02,5.050388069757058909e-03
8.519011367250944877e-01,2.891453550179353543e-02,1.043958142575034387e-01,1.284545206746781285e-02,1.943061448140703850e-03
8.377343629253211077e-01,3.518336553267087385e-02,1.092883767356801206e-01,1.471544207168216239e-02,3.078452734645781459e-03
8.571397770348276879e-01,2.574886986660939250e-02,9.817729210928585748e-02,1.591060904213642546e-02,3.023451947140686543e-03
8.782020107976491463e-01,3.464448904358144454e-02,7.270774175040224663e-02,1.031887114781453695e-02,4.126887260552485927e-03
8.863286737856520547e-01,3.861908922895899293e-02,5.937410153093310161e-02,1.026831464797622537e-02,5.409820806479583716e-03
8.369578478640746777e-01,6.203280803364851631e-02,8.812353560181054868e-02,8.126030999175814368e-03,4.759777501290466360e-03
9.220621461090887649e-01,2.669933137459970518e-02,4.328277505201978681e-02,4.953770238387132652e-03,3.001977225904398777e-03
9.444685490335403832e-01,2.184974390345250858e-02,2.731037266869968880e-02,3.952279713906371901e-03,2.419054680400916941e-03
9.121565067392233273e-01,1.614568067509379937e-02,5.332430644622994376e-02,1.662352642818811649e-02,1.749979711264670239e-03
8.871316067100644132e-01,1.660705263814083246e-02,6.628607267707792294e-02,2.894954558840853384e-02,1.025722386308123473e-03
9.040096702394713191e-01,1.442053614630981785e-02,4.431808169061277752e-02,3.618748489337327706e-02,1.064227030232969178e-03
9.015745639213191831e-01,2.117648857229738335e-02,5.336221425184627110e-02,2.167976020181140023e-02,2.206973052725824669e-03
8.810409276751640650e-01,2.770048631268310496e-02,6.741099713480022682e-02,1.980300081108469362e-02,4.044588066267985893e-03
8.395052473185105057e-01,2.071514942382945978e-02,9.263170898665250286e-02,4.425673271097796402e-02,2.891161560029644785e-03
8.911559685017532706e-01,2.131894771900171362e-02,7.010506865635493523e-02,1.557414153028278264e-02,1.845873592607319598e-03
8.532435300266828504e-01,1.862125191604190044e-02,8.992130627909893092e-02,3.548268356284531994e-02,2.731228215330859955e-03
9.275485972065589113e-01,1.551815555924353392e-02,4.166353187589821178e-02,1.343346417387536809e-02,1.836251184423831791e-03
8.519393375762288612e-01,3.077513542724185161e-02,9.290165689419746520e-02,2.139629200818178936e-02,2.987578094150080375e-03
9.303452097374553809e-01,2.202236402629880602e-02,3.977328464310132816e-02,6.332894933165637147e-03,1.526246659978885761e-03
8.567517594561887551e-01,2.370768284322320035e-02,1.015752134453677819e-01,1.590676645032168893e-02,2.058577804898537814e-03
7.348189776127433959e-01,4.011728440881732333e-02,2.048582741570102173e-01,1.717578770230187429e-02,3.029676119127243904e-03
7.571761021107991096e-01,4.752755093180033308e-02,1.771513614409958304e-01,1.428969696239652115e-02,3.855288554008237840e-03
8.152253149476587080e-01,2.871352907795966802e-02,1.419300598831021998e-01,1.178716443860357982e-02,2.343931652675921174e-03
8.425901039989249774e-01,4.573795740064633131e-02,1.011373735019517883e-01,5.710136281121933229e-03,4.824428817354914183e-03
7.316177299138739709e-01,5.574156681833120769e-02,2.009737109900742724e-01,8.077097787271893606e-03,3.589894490448641926e-03
5.778455852971104978e-01,1.481341608815584243e-01,2.597819718192613814e-01,4.946855720513674767e-03,9.291426281556032160e-03
4.927140340074708247e-01,2.395989056362770875e-01,2.296808876309001102e-01,2.967451650667861460e-03,3.503872107468419816e-02
4.503908665032040903e-01,2.146216901608256067e-01,3.124739135433049486e-01,5.147842991049480892e-03,1.736568680161580669e-02
6.348075490563085399e-01,1.508231326736191591e-01,1.454740422456910487e-01,3.099402469975646307e-03,6.579587355440572050e-02
7.340667689703940235e-01,1.044903781883484428e-01,1.428504526980825251e-01,3.340954182915513611e-03,1.525144596025968836e-02
7.911940072731260543e-01,4.702569304010225520e-02,1.457069975788872762e-01,8.596733354299043728e-03,7.476568753585251768e-03
7.293462103578421951e-01,7.148070001993148126e-02,1.841615808790271480e-01,8.724815412056330377e-03,6.286693331142716862e-03
6.401378680430475088e-01,4.573522373941626973e-02,2.843271368593416892e-01,2.560303326380583555e-02,4.196738094388598704e-03
8.793863509412856994e-01,2.768856536961507991e-02,8.184000413976184884e-02,7.643775324794706977e-03,3.441304224542628912e-03
9.657180229026177676e-01,1.386876868754796134e-02,1.842799919670928127e-02,1.112332016917314068e-03,8.728771962076071122e-04
9.461736343291982099e-01,1.715755113209899152e-02,3.270392357890550272e-02,3.043138723946152077e-03,9.217522358512681693e-04
9.418818457014724865e-01,2.215538202296573472e-02,3.046435615780626605e-02,2.777222513917038463e-03,2.721193603838617785e-03
7.640314103113083899e-01,4.288589426432435486e-02,1.741348180764568654e-01,1.307568284098488756e-02,5.872194506925503162e-03
8.158021756703769389e-01,3.602264079965139532e-02,1.326993094720617106e-01,1.013819949003797599e-02,5.337674567871928018e-03
8.127955597320670744e-01,6.073830015801896798e-02,1.150590908824364600e-01,5.551283501761441162e-03,5.855765725716050377e-03
5.715531323435260047e-01,9.536230190464330125e-02,3.085509737539948172e-01,2.041636500620905986e-02,4.117226991626670406e-03
6.328213341187912677e-01,1.292352859625265638e-01,2.254586535194570696e-01,6.414028501314186781e-03,6.070697897910811575e-03
7.165104709594941612e-01,1.321148654587622207e-01,1.430087778609167581e-01,3.553989605254231302e-03,4.811896115572618718e-03
8.336593479292956355e-01,4.569545329499873770e-02,1.090685541472948827e-01,5.394683868035709227e-03,6.181960760375095586e-03
8.011931945785362164e-01,3.996877092948775828e-02,1.342352039407389841e-01,6.190506271667112551e-03,1.841232427956993392e-02
8.658194193782636772e-01,1.839035659734996123e-02,1.003863989595025347e-01,1.203750752552084670e-02,3.366317539363072181e-03
8.222263033350024619e-01,2.009754123872313503e-02,1.320081975312233091e-01,2.108872317360162285e-02,4.579234721449490161e-03
7.746993677043928495e-01,1.779805076377913298e-02,1.667291625108829889e-01,3.794227970454407128e-02,2.831139316401003365e-03
7.276992370106657448e-01,5.106765930105651441e-02,1.990205653643521422e-01,1.741018748104066968e-02,4.802350842884985267e-03
6.524592523675341038e-01,3.095608300373846669e-02,2.724438242106890229e-01,4.140311997632620949e-02,2.737720441712179764e-03
7.530080167193636820e-01,4.352124890789734607e-02,1.713817243487430475e-01,2.396925655834224525e-02,8.119753465653661850e-03
8.913889916567485638e-01,1.802169854498909818e-02,7.701889432368470845e-02,1.225049237027125287e-02,1.319923104306391405e-03
7.684047595844276657e-01,4.710736067386701864e-02,1.648378751224274796e-01,1.763967860351853614e-02,2.010326015759252623e-03
8.812412939802080070e-01,2.230613738794967951e-02,8.551263974561973402e-02,9.763896721996956352e-03,1.176032164225443172e-03
8.284425227187298679e-01,2.779109009664460644e-02,1.267633170275344334e-01,1.463849528037732863e-02,2.364574876713728454e-03
7.434602665085168205e-01,4.446273233533887953e-02,1.939628097836339216e-01,1.399120582553972300e-02,4.122985546970670163e-03
8.877345063066389708e-01,1.379192614830184252e-02,8.269285649024535334e-02,1.405230811720448864e-02,1.728402937609324359e-03
9.671986892250328260e-01,1.041954341077618550e-02,1.984101543389358777e-02,1.938580588238652744e-03,6.021713420587544545e-04
9.188868232137632486e-01,1.639487207939312879e-02,5.385461713779171600e-02,8.739578950565981413e-03,2.124108618486055325e-03
9.599385558755996195e-01,9.105010374662329126e-03,2.295607777397439334e-02,5.305088478433865780e-03,2.695267497329752356e-03
9.754234036501709948e-01,5.056578372992278497e-03,1.399771653984408643e-02,4.291777023326854429e-03,1.230524413665929620e-03
9.836167225264063063e-01,3.431018894422303237e-03,9.454965494552495381e-03,3.073376654644097237e-03,4.239164299747447584e-04
9.575626304537192546e-01,1.864952049130600212e-02,2.061040616920428031e-02,1.774332641505816776e-03,1.403110244264611306e-03
9.753728187395771521e-01,9.438461388103034505e-03,1.179638778217440009e-02,2.070811667597427519e-03,1.321520422547957851e-03
9.525000758619202035e-01,1.107000693899626645e-02,2.829791776218400223e-02,5.850160795793736546e-03,2.281838641105573152e-03
9.097508629391681811e-01,1.808955468734750605e-02,5.332640537171084300e-02,1.473493458732162351e-02,4.098242414451791667e-03
8.540726243240447380e-01,1.451874973807709517e-02,1.036771004159062759e-01,2.597485447406173986e-02,1.756671047910251951e-03
9.232529453131192998e-01,1.116756987433380026e-02,4.955177782500670702e-02,1.214150394360584417e-02,3.886203043934380839e-03
8.731796695565048338e-01,1.036797432462739123e-02,8.097171089043266046e-02,3.136982541935560975e-02,4.110819809079583644e-03
9.194450222640790926e-01,8.985723624506223792e-03,5.114607921837183158e-02,1.763380417636895015e-02,2.789370716673948269e-03
9.491594081522790605e-01,9.553229693138322667e-03,2.930038045337587591e-02,9.779712876019756168e-03,2.207268825187089743e-03
9.303370492874453168e-01,1.877526581754335525e-02,3.808493647756040767e-02,9.670779737758762942e-03,3.131968679692140409e-03
8.112840109916875653e-01,2.263102385435328961e-02,1.276328914130092362e-01,3.590837421645413918e-02,2.543699524495973956e-03
9.222936687251005461e-01,1.426776197201607907e-02,5.041017350113703721e-02,9.132744356811672154e-03,3.895651444934721420e-03
9.039507742502204124e-01,2.313934918965381005e-02,6.004840610530294553e-02,8.307772543721985564e-03,4.553697911101023399e-03
9.289285622293126377e-01,2.279833494645118128e-02,4.006098127513397361e-02,4.258316208333222906e-03,3.953805340768955928e-03
9.648295659233805388e-01,1.173160020046618880e-02,1.916771470863908033e-02,2.927068381576817570e-03,1.344050785937390318e-03
9.760876823869609753e-01,1.045343021698488459e-02,9.781484423371310244e-03,1.197015928616176851e-03,2.480387044066403868e-03
9.483966633576381700e-01,1.900959150395627878e-02,2.647244782867427468e-02,3.231933041575409116e-03,2.889364268155774663e-03
9.205211272953717216e-01,2.742755362295652699e-02,4.484554672306184653e-02,3.978421385161089868e-03,3.227350973448789816e-03
9.552033974927534032e-01,2.015339108079898522e-02,2.108202974416490197e-02,1.531056771965100174e-03,2.030124910317700898e-03
9.527350700133689898e-01,2.226672405090896617e-02,2.058985788878578416e-02,1.705724691702904632e-03,2.702623355233455850e-03
9.098067816069336233e-01,4.661925907346241293e-02,3.897848775639296826e-02,1.663668735162787508e-03,2.931802828048113863e-03
8.223868115266840251e-01,6.871721849838761942e-02,9.673027560101687961e-02,4.105954700137874093e-03,8.059739673773694615e-03
7.815862857563677935e-01,9.057076864302285313e-02,1.076910740535031163e-01,3.108919328838356203e-03,1.704295221826796630e-02
7.797213679135036601e-01,1.002748120151440298e-01,1.072586101310669671e-01,2.856207577074871759e-03,9.889002363210545876e-03
7.863008919609663083e-01,9.347079224219712046e-02,1.063614185867888806e-01,2.548157503601431503e-03,1.131873970644613724e-02
7.881850174130414777e-01,1.093886224857677780e-01,8.473397959314060701e-02,2.398713909138064544e-03,1.529366659891213259e-02
7.237603412871633779e-01,9.273619797092208517e-02,1.696343842998803142e-01,4.256427728342046524e-03,9.612648713692103358e-03
9.820809806819880139e-01,6.716946502247612971e-03,9.861454384590602820e-03,5.826670843931574303e-04,7.579513467806102845e-04
9.898789936121669131e-01,4.247549524761417249e-03,5.017254689226977211e-03,5.250142935466838934e-04,3.311878802980159991e-04
9.907752556684403800e-01,5.279154282252600076e-03,3.554418859604801563e-03,1.740798557392763670e-04,2.170913339629333022e-04
9.952172227706842511e-01,2.872472580492262811e-03,1.566947995016988683e-03,9.462795543319782259e-05,2.487286983732931497e-04
9.980201264099850533e-01,1.102013250739101568e-03,6.821075358136698477e-04,6.443646360885287722e-05,1.313163398533324889e-04
9.984938565956730239e-01,1.007070218778169726e-03,3.855712972577887763e-04,2.188632756844412737e-05,9.161556072251173964e-05
9.966997961910026849e-01,2.344358063022846002e-03,7.005333234929501289e-04,2.763094552246912218e-05,2.276814769591504019e-04
9.957365932339055092e-01,3.736857516095533609e-03,2.128088000271395196e-04,1.093710655138563505e-05,3.028033434205590064e-04
9.502390898524549767e-01,1.017972771703562658e-02,2.803722698235791219e-02,1.057406908163777831e-02,9.698863665138828189e-04
9.941043826553864760e-01,4.115462811216828373e-03,1.367714979889300469e-03,2.153211137760821232e-04,1.971184397311125038e-04
9.901298126016543355e-01,6.766737101155224053e-03,2.731537768015155840e-03,2.043765531189866032e-04,1.675359760562088803e-04
9.834865394460572396e-01,1.238353708022182052e-02,3.765494258390283434e-03,1.700419913528234881e-04,1.943872239779014053e-04
9.947604033030946757e-01,3.764233404234534376e-03,1.323533485375687994e-03,6.409614051977342028e-05,8.773366677535176454e-05
9.960998688337403539e-01,2.777013606504589224e-03,9.647475914268430035e-04,8.622233573096816132e-05,7.214763259740612496e-05
9.929920620580388047e-01,5.027070129012429882e-03,1.695495121685377474e-03,1.367550670071526352e-04,1.486176242563154264e-04
9.675959747901083929e-01,2.667562037924116336e-02,5.175773414202562706e-03,1.347007436243600001e-04,4.179306728234700118e-04
9.710548012238696680e-01,2.476103611166712015e-02,3.862909063560335688e-03,8.852042306583026560e-05,2.327331778370796665e-04
9.367970708691242265e-01,5.730685944816701904e-02,5.421566433208073639e-03,7.607728789165338454e-05,3.984259616091670713e-04
8.782565895521187160e-01,1.094572594056301279e-01,1.122035929864987486e-02,7.775558182082779369e-05,9.880361617806822459e-04
9.423816883731486183e-01,5.059679968280346440e-02,6.445268517545953667e-03,5.155986305910935353e-05,5.246835634427284185e-04
8.924716844609361655e-01,9.889294739607290552e-02,7.765743328485402372e-03,5.656772805908842931e-05,8.130570864463736646e-04
9.485589070622991725e-01,4.743319426026720159e-02,3.454302672922875649e-03,2.403978730302692887e-05,5.295562172075271752e-04
9.836843820681868689e-01,1.494729064610841353e-02,1.075375016659726492e-03,9.264004373476368185e-06,2.836882646715050207e-04
9.957235665683394910e-01,3.623716304407345601e-03,5.247839252077095111e-04,6.800792268458498591e-06,1.211324097768788296e-04
9.298361400074424132e-01,6.582703257725951163e-02,3.143382342263206612e-03,2.243991928390523410e-05,1.171005153751008806e-03
7.739706073156934485e-01,2.120662242666611907e-01,1.069630147862199107e-02,4.507364519023415180e-05,3.221793293833164970e-03
5.905354669667506329e-01,3.794595505822913606e-01,2.611998701315332988e-02,7.886829079819328270e-05,3.806127147006543518e-03
7.116920269758704176e-01,2.698385023562674401e-01,1.110168063692655929e-02,4.286761515018478646e-05,7.324922415785363808e-03
7.428924142078714432e-01,2.393122218953365188e-01,9.701796814156480459e-03,3.788402079704409833e-05,8.055683061838535275e-03
3.454759304324176439e-01,6.111006031805362726e-01,2.871332349342814449e-02,5.932391852752285527e-05,1.465081897509026496e-02
6.324057575465785730e-01,3.238700571821045981e-01,3.438875714640611536e-02,8.835192654791140159e-05,9.247076198362791377e-03
8.230207968340043090e-01,1.521427925679181281e-01,2.119309805694755827e-02,5.843635052593475600e-05,3.584876190603976040e-03
3.880059493182525521e-01,5.491677319288366110e-01,5.582068459931592563e-02,1.126273289066101224e-04,6.893006824688477363e-03
4.532031988735326089e-01,4.630163918304388559e-01,7.705885454253671996e-02,1.272090239420207915e-04,6.594345729549836929e-03
2.106000093252733407e-01,6.381142163407357293e-01,1.434427150186066702e-01,2.001315408949707253e-04,7.642927774489312841e-03
9.051071699247151270e-02,6.960040023015436894e-01,2.025772437344955934e-01,1.662703841784507084e-04,1.074176658731067907e-02
5.908728572105995114e-02,6.559933298175673055e-01,2.598076125282523519e-01,2.478422782723586773e-04,2.486392965484808537e-02
1.804602081262088875e-01,5.137343423639222362e-01,2.875528702580781859e-01,4.564589001550386420e-04,1.779612035163564282e-02
1.299933102729726453e-01,5.074806527456778849e-01,3.520421022883675755e-01,4.172243178553936460e-04,1.006671037512659773e-02
4.029649624961808563e-01,2.924350907280057754e-01,2.983658474656544768e-01,9.150458163649283130e-04,5.319053493793915281e-03
4.898727225935441965e-01,3.100091096946161473e-01,1.935761998123700645e-01,6.373562253919135218e-04,5.904611674077665795e-03
9.081497906941982112e-01,2.625068508278390750e-02,6.219509322979641791e-02,2.245374208689084310e-03,1.159056784532349130e-03
9.539464751810911025e-01,7.359807979352124899e-03,3.216447461242517153e-02,5.849183366537256262e-03,6.800588605944603727e-04
9.291014515645398264e-01,3.880794472868184103e-02,2.945416581995495206e-02,1.341165315921216336e-03,1.295272570902132299e-03
9.259842903208987952e-01,5.110095882250876437e-02,2.143290837929325357e-02,5.147401585222436933e-04,9.671023187768812597e-04
9.199577033239620949e-01,5.461331396591263820e-02,2.436106660609877600e-02,3.656227306862508343e-04,7.022933733402609343e-04
8.495643614371370944e-01,1.031170235199319191e-01,4.635324866999964571e-02,4.264934733673758529e-04,5.388728995640027419e-04
8.258774772491046523e-01,1.341701638399215302e-01,3.900691096954334025e-02,2.682388061109776812e-04,6.772091353194128072e-04
9.301443029062202994e-01,5.597566840071459965e-02,1.325806791952621397e-02,8.993878665881155571e-05,5.320219868801714762e-04
7.781728522972425344e-01,2.017424766441448525e-01,1.848279029963437528e-02,7.589916185730387224e-05,1.525981597120860175e-03
4.629726844549361120e-01,4.910123627594343843e-01,4.113085209739070908e-02,9.505315492455037435e-05,4.789047533314148321e-03
3.098115540653571531e-01,6.298224482977796690e-01,4.933429200915047386e-02,9.258149765005248733e-05,1.093912413006264614e-02
1.958654542298992052e-01,7.214313782312754553e-01,7.266897299441273106e-02,9.387630118947472150e-05,9.940318243223240230e-03
6.219193016604291913e-01,3.123687747129259562e-01,5.921309515211116425e-02,2.380848425769646940e-04,6.260743631956569577e-03
6.449081796652379461e-01,1.513060812369023678e-01,2.014137464797821075e-01,1.052042385140045935e-03,1.319950232937503560e-03
1.672691764110341428e-01,4.972999494149796806e-01,3.319654009477874812e-01,7.646879416864428049e-04,2.700785284512253418e-03
4.958643003145039169e-02,5.991850895254560161e-01,3.465654425380639836e-01,3.349548381108714942e-04,4.328083066918828915e-03
1.066431768226716453e-01,4.941904884023600175e-01,3.950330378900543393e-01,4.350082919252765070e-04,3.698288592988646564e-03
4.354320407808651150e-02,4.948289616848970951e-01,4.571323723146140661e-01,5.634272532424477618e-04,3.932034669159955795e-03
1.786570956361199780e-02,3.518098304473041282e-01,6.268783684757497365e-01,4.497754091959178411e-04,2.996316104138093284e-03
4.385413462199274637e-01,2.481571206631547066e-01,3.091241398282900676e-01,1.046197391520385135e-03,3.131195897107444566e-03
8.864079989314422869e-01,6.868944396737522440e-02,4.363646487694324005e-02,3.319940234554277650e-04,9.340982007837098219e-04
3.574037914000260385e-01,3.641734322010276581e-01,2.747722387092025320e-01,8.504862174661095885e-04,2.800051472277752078e-03
3.913180813664036140e-01,2.835809005845492115e-01,3.208411130700284941e-01,1.780851912115006533e-03,2.479053066903696284e-03
1.982649872071054475e-01,3.156322271910975141e-01,4.829843065207956032e-01,1.625555353837699691e-03,1.492923727163656279e-03
3.801540023827510439e-01,2.460639941728147428e-01,3.700030932274941398e-01,2.058308468466047217e-03,1.720601748474080445e-03
3.285073476890725819e-01,3.728576954941899557e-01,2.951248295083346851e-01,7.669438782869873739e-04,2.743183430115780398e-03
7.623208888285805396e-02,4.471801877187213115e-01,4.745210238411941561e-01,4.942642070835396705e-04,1.572435350142935978e-03
3.498488330981328054e-02,5.488110911301893324e-01,4.097966881621249446e-01,3.930257931973514681e-04,6.014311604675036220e-03
2.591145523815434337e-02,5.242408768267683428e-01,4.367360259188811655e-01,3.971658437386760905e-04,1.271447617245737016e-02
3.911655993228762007e-01,2.957628138339956081e-01,3.055287527833556172e-01,1.014878894376503721e-03,6.527955165395995726e-03
3.075124548166908167e-01,3.678063388914166176e-01,3.192375286379611765e-01,1.030159884613394581e-03,4.413517769317932757e-03
1.132855137318088123e-01,4.894495064850754029e-01,3.913905811791960065e-01,9.145914621425743976e-04,4.959807141777326095e-03
1.102595222994845608e-01,5.038473213778142945e-01,3.762263969802353003e-01,7.017271436807790514e-04,8.965032198785007067e-03
8.684521933378530623e-02,4.108360912207618121e-01,4.961031480732824850e-01,8.003338472520741317e-04,5.415207524918445522e-03
2.041156562621972148e-01,2.955486948994610619e-01,4.950004322214193175e-01,9.871915184318437887e-04,4.348025098490580428e-03
7.073507974314944269e-01,8.999149053311616964e-02,1.980248632084337934e-01,2.343143857267023216e-03,2.289704969688534375e-03
7.195116863328596679e-01,1.098307591571749953e-01,1.649721494216446760e-01,2.683045882268279923e-03,3.002359206052179676e-03
3.970891334687032814e-01,2.831826885911741254e-01,3.150041150897159858e-01,2.040097542489973347e-03,2.683965307916611007e-03
1.254492703550329491e-01,4.613876498412284866e-01,4.090518216504892002e-01,1.075900066319603965e-03,3.035358086929746541e-03
5.556456057699976636e-02,5.270165431237854303e-01,4.101528016269120336e-01,8.425124696490428680e-04,6.423582202653673953e-03
1.826900324559763977e-01,4.635053020168355964e-01,3.443985527176201544e-01,8.570872191781202893e-04,8.549025590389678145e-03
5.342594410820866724e-01,2.343217967871063512e-01,2.257740112115735887e-01,1.263128648119043107e-03,4.381622271114347066e-03
1.342346795093896650e-01,6.028141714443635557e-01,2.591174250068042362e-01,3.860509912865255533e-04,3.447673048155781503e-03
3.715248776175773121e-02,3.117043957897858708e-01,6.484076716042781463e-01,6.889771838088006592e-04,2.046467660369413397e-03
1.664287507213818851e-01,1.528665959740038438e-01,6.753301795831895271e-01,2.206703770672616399e-03,3.167769950752229516e-03
2.107285577932865583e-01,1.867983567489986396e-01,5.970224985923601180e-01,1.928368974887001170e-03,3.522217890467827742e-03
7.626829139687531234e-02,3.565868894443613990e-01,5.614149232942577950e-01,7.647396424425312051e-04,4.965156222062897667e-03
3.472286248121075197e-02,4.430394226650199996e-01,5.082628460777891544e-01,5.515787968229779849e-04,1.342328997915713182e-02
3.038349970551847828e-02,3.842989713208999625e-01,5.218630635866794432e-01,8.402481601837159374e-04,6.261421722671824119e-02
2.427924047517454956e-02,3.354276181947341007e-01,5.859176312932650177e-01,6.846787603139801569e-04,5.369083127651243237e-02
3.505601130034997903e-02,3.068452713438357127e-01,5.832810410528711520e-01,5.647500506295654666e-04,7.425292625231355581e-02
3.609589740642021177e-02,3.505235673020976050e-01,4.385070399758237425e-01,5.133478888485505784e-04,1.743601474268099416e-01
6.561424005200038323e-01,1.503347610954404445e-01,1.793424377137565751e-01,6.489902952271707319e-04,1.353141037557216431e-02
9.422928364034970361e-01,3.333115366150782993e-02,2.259630436098063536e-02,1.600179977639734760e-04,1.619687576250582921e-03
9.655395783332578752e-01,2.493736575563989394e-02,8.662722094253557520e-03,9.107628131913161158e-05,7.692575355296341717e-04
6.892201974134739562e-01,2.426494344868717901e-01,6.515049837004466271e-02,2.242643846175420858e-04,2.755605344991730876e-03
1.737826181656438873e-01,6.777427606999995024e-01,1.421644740872788637e-01,1.903317171718784881e-04,6.119815329905797796e-03
8.560933464677297766e-02,5.090954286516853333e-01,4.012010871019228708e-01,3.844507389474052664e-04,3.709698860671515382e-03
2.087985806391574328e-01,4.169496656037647297e-01,3.670402651085753476e-01,4.676621711116437708e-04,6.743826477390768050e-03
8.716649875387282309e-01,6.026607170611313069e-02,6.625647123327127463e-02,4.357510650732137540e-04,1.376718456814264233e-03
9.436945830607408325e-01,3.160699382423430570e-02,2.406291929302541502e-02,1.897148845936374420e-04,4.457889374057339500e-04
8.760598016326042181e-01,7.150484176103517886e-02,5.083911717850025935e-02,5.394732463519812983e-04,1.056766181508332668e-03
9.756600292800601260e-01,1.516742233637614380e-02,8.737949653312780673e-03,1.340361968411447045e-04,3.005625334097529315e-04
9.936689374812543996e-01,4.553050347408849410e-03,1.608312954360492739e-03,4.108931929335798088e-05,1.286098976827515798e-04
9.916172848116961980e-01,6.444559318539381382e-03,1.761864976186429356e-03,3.880399105577213753e-05,1.374869025222675916e-04
9.793358467122039723e-01,1.692018334432411966e-02,3.459487156305397684e-03,4.980937475553608244e-05,2.346734124109586491e-04
9.940476329377658793e-01,4.349738648899246531e-03,1.497465065470749606e-03,3.049610917294236136e-05,7.466723869104362351e-05
9.923819944369915991e-01,5.457093622230338101e-03,2.028020530983445317e-03,5.687520930864991398e-05,7.601620048588113689e-05
9.901701032442107309e-01,6.745878301107847280e-03,2.961434434564608458e-03,5.265062886367952681e-05,6.993339125323863863e-05
9.797188900988597071e-01,1.403437809963402685e-02,6.035024207044599291e-03,9.850016930419549577e-05,1.132074251574932249e-04
9.581659690979004163e-01,2.807607403204362070e-02,1.343001697436495105e-02,1.267709746332662177e-04,2.011689210578400193e-04
9.843244925720466831e-01,1.001867059305047193e-02,5.398613177797255240e-03,6.517791297448082216e-05,1.930457441311800206e-04
9.766128432873794063e-01,1.215387288935378986e-02,1.089355530562087331e-02,1.897008273710162657e-04,1.500276902750021749e-04
9.448060480696919283e-01,2.616583043525420177e-02,2.815352488328796282e-02,5.989501438609133111e-04,2.756464679049856954e-04
9.856773218503802614e-01,7.814420500212441653e-03,6.177134851962940224e-03,1.970123183241839510e-04,1.341104791200507372e-04
9.926065713901903731e-01,4.457375593842679423e-03,2.751418823825076566e-03,9.249980310133028023e-05,9.213438904069238427e-05
9.883496429830653796e-01,6.673404886783699391e-03,4.567030187721862061e-03,2.941338583505607920e-04,1.157880840784755559e-04
9.943051317527555888e-01,3.256553030549016146e-03,2.206611469038635004e-03,1.464459760874375861e-04,8.525777156947575062e-05
9.963002648927056226e-01,2.518718635421084324e-03,1.069217837342748651e-03,4.733146393468698411e-05,6.446717059588308709e-05
9.949350929594116266e-01,3.883726562463674266e-03,1.087225680473130141e-03,3.392534188279316455e-05,6.002945576883318034e-05
9.977141534972899795e-01,1.083639112879748907e-03,9.095751741079801268e-04,2.445342187952975537e-04,4.809799692703662028e-05
9.964382364572148543e-01,2.118777853510563948e-03,1.219607976678975915e-03,1.684245463440458765e-04,5.495316625160947811e-05
9.874809136934673548e-01,8.807843889318385522e-03,3.236066925951855671e-03,2.770080492478857459e-04,1.981674420146464983e-04
9.741787613453546379e-01,1.548327513727030397e-02,9.527158021649767897e-03,5.671018931654199643e-04,2.437036025598830465e-04
8.355431479892393432e-01,1.151624729136697944e-01,4.734383419532101067e-02,1.013903257591056151e-03,9.366416441789937770e-04
6.126381663564076652e-01,2.328557123447449195e-01,1.492647783696443020e-01,1.833520644441203251e-03,3.407822284761885534e-03
5.358229838613920437e-01,3.595424399140482730e-01,9.505433636132239184e-02,8.946048787725842302e-04,8.685634984464689692e-03
5.310694065001186903e-01,3.200288134317783584e-01,1.412564051879369731e-01,1.530245084497768547e-03,6.115129795668148086e-03
5.882800103456251595e-01,2.330767492351019654e-01,1.689039125138315778e-01,2.642997058945781210e-03,7.096330846495494012e-03
6.053255007874479565e-01,2.335684166271458917e-01,1.439935120768842114e-01,3.016941630069778450e-03,1.409562887845212074e-02
3.815525169402684824e-01,2.908674880958603270e-01,2.982876052567581260e-01,5.292947919608680975e-03,2.399944178750424914e-02
9.015323327641918683e-01,4.290730057801477038e-02,4.364741012547102006e-02,1.793207322218291549e-03,1.011974921010404781e-02
9.491135421541486705e-01,2.961959888082727615e-02,1.773679879910428775e-02,3.595245874170709404e-04,3.170535578502880081e-03
8.713919294294678597e-01,9.047133498914426697e-02,3.477644391542300539e-02,4.386986782692715923e-04,2.921592987695577869e-03
5.647502220248714622e-01,3.564073660993226089e-01,6.850085241401249192e-02,4.789039325159882344e-04,9.862655529277366412e-03
4.950065889560246180e-01,3.827460368911971278e-01,7.059652488221682121e-02,5.904801393111875837e-04,5.106036913125034521e-02
6.740058691566466198e-01,2.275584752229528607e-01,5.711639051143027612e-02,5.138989977382310559e-04,4.080536611123204010e-02
6.510623201693460649e-01,1.934524852284835728e-01,1.191330935688953430e-01,2.044035105683481533e-03,3.430806592759153006e-02
5.571220225972813855e-01,2.077578326770370409e-01,1.649092713968354218e-01,3.809273913809956696e-03,6.640159941503644137e-02
5.608649228645017359e-01,2.131828918962999087e-01,1.744362514254895746e-01,3.513026852160667374e-03,4.800290696154812381e-02
7.180953141094205128e-01,1.113037644174503377e-01,9.355268449262330033e-02,2.198498803802627875e-03,7.484973817670317886e-02
6.741260307284564490e-01,1.423538763120856532e-01,1.318943665786127539e-01,2.880518474838084531e-03,4.874520790600684467e-02
6.476942273522647842e-01,1.669442077440576322e-01,1.497389630103140856e-01,3.070272789834272396e-03,3.255232910352930109e-02
4.112797339030299648e-01,2.037510128603953197e-01,3.408916903230571616e-01,4.586379312375382308e-03,3.949118360114209358e-02
5.024958464896693844e-01,8.440037490388752062e-02,3.645699213033096742e-01,1.125750084712536479e-02,3.727635645600801267e-02
3.978855695143043714e-01,5.484805914073966754e-02,4.894737904763214464e-01,4.020760746965933163e-02,1.758497339897514833e-02
7.518811292056638562e-01,3.654016358858926811e-02,1.719473849274682498e-01,1.849349222635783205e-02,2.113783005192085285e-02
8.326939453400858948e-01,4.453104484161543586e-02,1.086561644151746303e-01,8.365636704452823411e-03,5.753208698671226883e-03
6.235660122226207580e-01,1.063245556737947156e-01,2.566970494269196212e-01,7.453419583268233381e-03,5.958963093396652672e-03
4.192949373257597312e-01,1.170689349769760551e-01,4.459986286721920878e-01,1.407490015946499806e-02,3.562598865607092668e-03
5.055884825777302582e-01,1.045659669175657697e-01,3.554289146965571300e-01,2.301517432913172123e-02,1.140146147901508270e-02
4.437516869019266785e-01,1.459538506674256664e-01,3.715942542106178692e-01,1.909513660764975210e-02,1.960507161237995052e-02
5.605671611041542768e-01,1.001860086909965170e-01,3.102315884022999182e-01,2.285153447436190019e-02,6.163707328187253455e-03
3.920696846625197352e-01,1.604036809609295511e-01,4.254190554158415738e-01,1.195869859678996491e-02,1.014888036391911434e-02
3.551820972399171161e-01,1.235572148600110054e-01,4.978506968869017557e-01,1.584723058473593363e-02,7.562760428434302760e-03
4.119370374097529042e-01,1.139776439285160037e-01,4.448663258724466218e-01,1.971655547901781866e-02,9.502437310266656847e-03
5.739956224758919756e-01,1.279550767477836415e-01,2.736169278447651565e-01,1.015277329399591477e-02,1.427959963756345041e-02
7.516363625364023138e-01,2.280554417937803724e-02,1.938730278193623868e-01,2.658320403060535422e-02,5.101861434251918348e-03
8.109455395687481527e-01,4.115071822430838022e-02,1.267365869560762859e-01,1.136434640878015642e-02,9.802808842087116711e-03
7.772545408065655304e-01,5.428276642740537117e-02,1.517287623098978189e-01,9.281139658263154804e-03,7.452790797868183784e-03
8.939120749414182221e-01,2.448217447051151407e-02,7.186540344675942937e-02,5.732809177916961714e-03,4.007537963393944733e-03
9.241215474236824656e-01,1.486053923307015419e-02,4.962316482186576727e-02,4.032469796773885048e-03,7.362278724607670619e-03
8.341357015499986094e-01,2.562753056721599199e-02,1.217227935668868388e-01,9.699860040848145432e-03,8.814114275050539266e-03
8.284683912545343087e-01,4.050563462318451657e-02,1.034762608137981543e-01,7.468054025424364015e-03,2.008165928305876910e-02
8.712520164407087098e-01,4.593627818002856550e-02,6.559102352941859060e-02,3.628841991688283412e-03,1.359183985815571455e-02
7.863591602334263353e-01,8.614877280967164763e-02,1.078969423352469648e-01,3.490651513599265544e-03,1.610447310805558294e-02
7.294654863525971145e-01,8.365091697174539820e-02,1.779666135821984518e-01,4.112998814293247936e-03,4.803984279165679147e-03
8.135396052700705205e-01,6.889106246888415663e-02,1.095793735237565736e-01,3.323003850280515422e-03,4.666954887008250771e-03
9.016675436145064060e-01,3.969893936761283160e-02,5.421081303298447285e-02,1.885792570355084626e-03,2.536911414541158979e-03
9.361080963992981507e-01,2.329951099903503423e-02,3.730940613762570579e-02,1.777710535273236596e-03,1.505275928767831235e-03
