9.669896947061084047e-01,1.691316520958534297e-02,1.113971936935397727e-02,1.551499978758330914e-03,3.405920736193814025e-03
8.277456131238017933e-01,4.792343985206169374e-03,2.594095984243646735e-02,1.408764910404665671e-01,6.445920080889831890e-04
9.685121039889701411e-01,1.533448902702329655e-02,1.234638427259785419e-02,3.260688184265136003e-03,5.463345271435672860e-04
9.917875008005715420e-01,5.786527683374234447e-03,1.987546964422979168e-03,2.711898637149203536e-04,1.672346879164282401e-04
9.909379847644355088e-01,6.903199836983928833e-03,1.864554958853332275e-03,1.372108527914624426e-04,1.570495869359359769e-04
9.882057027837729546e-01,8.273628753858406140e-03,3.280747592990916877e-03,1.422760870876324253e-04,9.764478229018028221e-05
9.426936210158117779e-01,3.286615433425717908e-02,2.306360715504897699e-02,9.661882594151529734e-04,4.104292354667043183e-04
7.846672162509759074e-01,1.227523618505799163e-01,9.056035805121820381e-02,1.445689200955595699e-03,5.743746462703652397e-04
6.389259026099025629e-01,1.946719908215602257e-01,1.636508793494727554e-01,1.413019401866713034e-03,1.338207817197852468e-03
4.955256957954818908e-01,1.819689852154871557e-01,3.168023247600108561e-01,2.835771345449110241e-03,2.867222883571060501e-03
6.684312777636453040e-01,1.191813458897727773e-01,2.020602663619227579e-01,4.307493604423488602e-03,6.019616380235602755e-03
7.904776262241143270e-01,1.146127118551718282e-01,9.124551428630506278e-02,1.034522731485152357e-03,2.629624902923572392e-03
8.777266305919528833e-01,8.019085386718362296e-02,4.002032775384807561e-02,3.534450572774906676e-04,1.708742729737875452e-03
7.552549531509664682e-01,1.148015110176068970e-01,1.234419068154580384e-01,1.441929115608572625e-03,5.059699900360145781e-03
9.385551206042944683e-01,2.751329925094221293e-02,3.190431590252535560e-02,6.547783744433971443e-04,1.372485867794653305e-03
9.793243914401266181e-01,9.857834222759796067e-03,1.023956490161567930e-02,2.683968777983603221e-04,3.098125576993557935e-04
9.941964132349947469e-01,2.468049104268201215e-03,2.961129228276755850e-03,1.993352122615853444e-04,1.750732201987212453e-04
9.912422235829465578e-01,3.382042475298321568e-03,4.720948880583501067e-03,3.865465494256228179e-04,2.682385117459398565e-04
9.765105502320897690e-01,1.202003038487944181e-02,1.030767450727368070e-02,4.679454307463782291e-04,6.937994450108079776e-04
9.696984979629994506e-01,1.018608861623361908e-02,1.776734958286310326e-02,1.731832625815167906e-03,6.162312120889431579e-04
9.869506374746112032e-01,4.642033031831912376e-03,7.061764161811175458e-03,1.068469994186140590e-03,2.770953375596452639e-04
9.749859169034613693e-01,5.383844333324374655e-03,1.706652254171702604e-02,2.279334528710247939e-03,2.843816927869408247e-04
9.946317030859663788e-01,2.330096032623170908e-03,2.588130375915537532e-03,2.530444474610864247e-04,1.970260580339432588e-04
9.970015262585251170e-01,1.789520078023733264e-03,1.037329859077225401e-03,6.467309483105564204e-05,1.069507095427815827e-04
9.978834498006798892e-01,1.396997841434352615e-03,5.272913697596464484e-04,3.039842693464642491e-05,1.618625611914270991e-04
9.896152199397765248e-01,8.211738260789011590e-03,1.758855903630428437e-03,3.922146835580063770e-05,3.749644274482893665e-04
9.957014929458056773e-01,3.382909383129329827e-03,7.868726451972085775e-04,2.103892852778407733e-05,1.076860973401985900e-04
9.945659430587190375e-01,4.294882918062912884e-03,1.031285228613828663e-03,2.001168340533669054e-05,8.787711119892181440e-05
9.936784378252674355e-01,4.540986450494705236e-03,1.687633516800605797e-03,2.254878610048290701e-05,7.039342133691388716e-05
9.937719593614170455e-01,5.036286578262405902e-03,1.067688800222179983e-03,1.408357965772188927e-05,1.099816804405790745e-04
9.921831270774394973e-01,6.288042813870521087e-03,1.351013678945690985e-03,1.523206117104741362e-05,1.625843685732560496e-04
9.964996007300601644e-01,2.745851447794920609e-03,6.259128855191850582e-04,1.062886641463661845e-05,1.180060702110853805e-04
9.982617584207451600e-01,1.212810615136936760e-03,4.655477916933558041e-04,1.161800261325024957e-05,4.826516981135607723e-05
9.991601650581427574e-01,6.388648102410992040e-04,1.415066134309479751e-04,5.900339755280163318e-06,5.356317842993119191e-05
9.928625408482110171e-01,3.557159362983529360e-03,3.205881408226909143e-03,1.913873984850421664e-04,1.830309820934426898e-04
9.950181454169459982e-01,2.085670492761316532e-03,2.516939235728227892e-03,1.841334917926757092e-04,1.951113627717300373e-04
9.943875430511051050e-01,1.794391552968158674e-03,3.164975474372903799e-03,4.022268628063241022e-04,2.508630587474781687e-04
9.959328339202800917e-01,1.366620753499866482e-03,1.794564879418232475e-03,3.738708650964162657e-04,5.321095817054964996e-04
9.965140432639965073e-01,1.194729558569281383e-03,1.445905344082629293e-03,4.833767889487098441e-04,3.619450444027177407e-04
9.966277565953810536e-01,1.257567097198935982e-03,1.591567231437669271e-03,2.405803076493551055e-04,2.825287683330309223e-04
9.497421466008199031e-01,1.085373422086181351e-02,3.558464041500820907e-02,3.064187112185969182e-03,7.552916511240680229e-04
9.785601878697770539e-01,7.391110803381957528e-03,1.246575363472628498e-02,6.038150972689165048e-04,9.791325948458424674e-04
9.675994221062741429e-01,1.516478594507531148e-02,1.536744898078726274e-02,3.703992349983658617e-04,1.497943732864951078e-03
9.906142515780841373e-01,5.021910578866735017e-03,3.764296603254921585e-03,8.204624902327601948e-05,5.174949907709745561e-04
9.749811078453065605e-01,1.208694112975818545e-02,1.160741883721399734e-02,3.478789149296494907e-04,9.766532727916328854e-04
9.316374912033423827e-01,4.009874979938454070e-02,2.368793684536301541e-02,4.466030330680782301e-04,4.129219118841789653e-03
9.235966370451647034e-01,4.113306356927359797e-02,2.573591440903078703e-02,3.992915767564432462e-04,9.135093399774581874e-03
9.520610653163300574e-01,2.528078217518751544e-02,1.846378254656582882e-02,2.095204905993410319e-04,3.984849471317421232e-03
9.040761524660372306e-01,5.856095822392681782e-02,3.211545190123207133e-02,2.745646028798957817e-04,4.972872805924126623e-03
9.152136817378040412e-01,4.101112253922137990e-02,3.825758217094170355e-02,3.196153484248430497e-04,5.197998203607992994e-03
8.696430463428385105e-01,5.302093161511423069e-02,7.301368511079800450e-02,5.023836693647336891e-04,3.819953261884362350e-03
9.300436583943736402e-01,3.610353740243901766e-02,2.987756419564455840e-02,2.398252897225487559e-04,3.735414717820342932e-03
8.682287005058052509e-01,7.104397583604274424e-02,5.513811735038637307e-02,3.690182188543440810e-04,5.220188088911077891e-03
8.356924579857791802e-01,7.121370123072075231e-02,8.873882357046700142e-02,4.704547728508507863e-04,3.884562440182255921e-03
7.688302821297734457e-01,1.116762342919543766e-01,1.145919259641100113e-01,6.866373752209941738e-04,4.214920238941165069e-03
8.968424049866987602e-01,4.579489293588721172e-02,5.528314991990843780e-02,4.950362317621887810e-04,1.584515925743510377e-03
8.441952934194162372e-01,6.736968824060830807e-02,7.926108232761971961e-02,4.910765434755067979e-04,8.682859468880201395e-03
7.574707971551239982e-01,1.079247380877826762e-01,1.160757780515339760e-01,7.490506093259785819e-04,1.777963609623341157e-02
6.881143515894112550e-01,1.567652754020538441e-01,9.788724664549992849e-02,7.492013540567505096e-04,5.648392500897819052e-02
6.965941301985493217e-01,1.142939044786867031e-01,1.686202331466786775e-01,1.127943394040734678e-03,1.936378878204444987e-02
6.561473500626634481e-01,1.277076612368906461e-01,1.858959936931031398e-01,1.381280744646958816e-03,2.886771426269578791e-02
7.972816080122189231e-01,7.603919770829341285e-02,9.788525419268337413e-02,8.345696548018609112e-04,2.795937043200244151e-02
7.871914216327746683e-01,7.851837519590637582e-02,9.244164601755945621e-02,9.358250003321532968e-04,4.091273215342720870e-02
8.991407161013549310e-01,3.193645882836149141e-02,5.712699505652261284e-02,6.376996989949438839e-04,1.115813031476601581e-02
9.288117854566744214e-01,2.404026063520695380e-02,3.106432472321501298e-02,6.222346159517963418e-04,1.546139456895205891e-02
9.610776989945055693e-01,7.044746265471018599e-03,1.148202699726351590e-02,3.098371500590756068e-04,2.008569059270062102e-02
9.753895871817911400e-01,2.532833187879467152e-03,2.844016509487048896e-03,1.267059506436904362e-04,1.910685717019851293e-02
9.415896792439003571e-01,1.174442758425128970e-02,1.328784658665367255e-02,3.021767365131384294e-04,3.307586984868155638e-02
9.332663592643055672e-01,1.142527449658648636e-02,1.384088406396812888e-02,2.996069032177495661e-04,4.116787527192216495e-02
9.503416274968310429e-01,8.715239989319131450e-03,1.900494633169669961e-02,7.816998977361328937e-04,2.115648628441707535e-02
9.519218248547574035e-01,1.555496718357660471e-02,1.774998040923756945e-02,4.812341162578975492e-04,1.429199343617059900e-02
8.607691499953787906e-01,6.175948620857302923e-02,5.074528929774280855e-02,6.124702061598219028e-04,2.611360429214558410e-02
8.184667210648677305e-01,9.358239836701034986e-02,7.128926085130975199e-02,5.894476565780458347e-04,1.607217206023393852e-02
6.790197312603325486e-01,1.516678654595514930e-01,1.613204383294915278e-01,8.115240927400993367e-04,7.180440857884347501e-03
6.555676297445537370e-01,1.447210821644123457e-01,1.935236346667146001e-01,1.062747400253799893e-03,5.124906024065549286e-03
7.684111970859757168e-01,8.249258552422461532e-02,1.457271044581068542e-01,8.773412496351504566e-04,2.491771682057662349e-03
7.205988603035343720e-01,9.953019826409773008e-02,1.721958619575470473e-01,9.813211149825033959e-04,6.693758359838208015e-03
6.822421390645138084e-01,7.405495353056118502e-02,2.390472552329944989e-01,1.394418960131380133e-03,3.261233211799175954e-03
8.681473440563172161e-01,3.391701821692275076e-02,9.118905893633819093e-02,8.213675166783872880e-04,5.925211273743514508e-03
9.322375447969464268e-01,1.555071417551948630e-02,3.536098980904150285e-02,6.011160921140979883e-04,1.624963512637848245e-02
8.858812548178903734e-01,2.480887115341002744e-02,6.033887297392035581e-02,7.801675942183913023e-04,2.819083346056066100e-02
9.271906752133945995e-01,2.596492718060325333e-02,3.541820754166655899e-02,4.006252612687940824e-04,1.102556480306670847e-02
8.852203270642533539e-01,5.607638388360777770e-02,4.435826114010813642e-02,3.549389979727489365e-04,1.399008891405807871e-02
8.839533045625705965e-01,5.793790023081647755e-02,4.515738284711427741e-02,3.973707410654440074e-04,1.255404161843332207e-02
8.388812201891087117e-01,7.835532437724720967e-02,6.671991864748583190e-02,3.930937428580774185e-04,1.565044304329999206e-02
7.676265418539718333e-01,1.080589070427510900e-01,1.100491516938333636e-01,6.309267881455327479e-04,1.363447262129810836e-02
7.705741624427673298e-01,8.464719949677712574e-02,1.025636934755251584e-01,8.572503601986287839e-04,4.135769422473165036e-02
7.454933311732525603e-01,1.048992965640350994e-01,9.077250576733250642e-02,6.511904117489084650e-04,5.818367608363087667e-02
8.282532835276037453e-01,8.207291498892682613e-02,5.317174945586655710e-02,4.084292589096254851e-04,3.609362276869326064e-02
8.996300374458494620e-01,1.690397920825617920e-02,6.614369196327847533e-02,6.149011137847248606e-03,1.117328024476836948e-02
9.785202176988031519e-01,7.312791070185573408e-03,1.108039206274024149e-02,7.424870901541116147e-04,2.344112078116956238e-03
9.732803447179236844e-01,8.911293063053014885e-03,1.387677888009107921e-02,9.485339834563299294e-04,2.983049355476021219e-03
9.806074162067796030e-01,9.736735310923255726e-03,7.581949238564474752e-03,4.078196039924730266e-04,1.666079639740291338e-03
9.761947994039275045e-01,1.281650102302483649e-02,9.342052693418027853e-03,3.702670431147628153e-04,1.276379836514941095e-03
9.960303719816511192e-01,2.201190689549884644e-03,1.490347013706158109e-03,9.840714800007852308e-05,1.796831670927435118e-04
9.964328153901722551e-01,1.700874245115583869e-03,1.581979137752307025e-03,1.892254085206798004e-04,9.510581843915747499e-05
9.877409893767034044e-01,2.939332279531115932e-03,6.978418024357463216e-03,2.240718321725516504e-03,1.005419976824341159e-04
9.727675421616037710e-01,8.599452899991500213e-03,1.625764595141022603e-02,2.198846727052507569e-03,1.765122599420356495e-04
9.981159325615660549e-01,8.126927257781523710e-04,9.014048364070911205e-04,1.105468232571811034e-04,5.942305299138189554e-05
9.895211164529950087e-01,2.214613977965179583e-03,6.796816637105615455e-03,1.368998187901367385e-03,9.845474403249902600e-05
9.980827797401010670e-01,1.134191734023789122e-03,6.709933047061663767e-04,6.870956986356086275e-05,4.332565130537269443e-05
9.980630806938404209e-01,1.505341468220319171e-03,3.657513495895543419e-04,2.678968705846812947e-05,3.903680129138569144e-05
9.958950071319041530e-01,3.493467428665427473e-03,5.329291709627325974e-04,2.553629422156137435e-05,5.305997424611574214e-05
9.975925438692829772e-01,2.023152632909818588e-03,3.253476021241510224e-04,1.692061819174783000e-05,4.203527749130600875e-05
9.978063483169146153e-01,1.868981437437294748e-03,2.790426280063714772e-04,1.592767976734220975e-05,2.969993787431519873e-05
9.980491489695996199e-01,1.633170418049620506e-03,2.717915623885249778e-04,1.141136330336563881e-05,3.447768665888991985e-05
9.982543996946381393e-01,1.506238403183477077e-03,1.993374672862458365e-04,1.029268326354063286e-05,2.973175162860729209e-05
9.985035737087011309e-01,1.288893847108552298e-03,1.717026623321935431e-04,1.150441559511596585e-05,2.432536626314451672e-05
9.988509238087912578e-01,9.885472428036836193e-04,1.300363293273878562e-04,1.026593475091721079e-05,2.022668432692851067e-05
9.977759929906923064e-01,1.906688791119357873e-03,2.671058138394562329e-04,1.952288661793324644e-05,3.068951773084099062e-05
9.986403921225368574e-01,1.163868299112111142e-03,1.587098780960739222e-04,1.177587125022109411e-05,2.525382900473337395e-05
9.969538589957891439e-01,2.687130496294961972e-03,2.995338410746752858e-04,1.534537874396531786e-05,4.413128809741022140e-05
9.968443166834506375e-01,2.725532578357984896e-03,3.651835095008706825e-04,1.750607718001627553e-05,4.746115151032131622e-05
9.986026063438265821e-01,1.174022604700538600e-03,1.872111015004471874e-04,1.112138289131165627e-05,2.503856708092925897e-05
9.981938796203518871e-01,1.534327273019910976e-03,2.255874666063483066e-04,1.418228841934076915e-05,3.202335160263260346e-05
9.977966254645040944e-01,1.899709650604090427e-03,2.461269514766508803e-04,1.298237888726998811e-05,4.455555452797457393e-05
9.960089262597876525e-01,3.491040596359355069e-03,4.262030288826811303e-04,1.851808754490361932e-05,5.531202742544863931e-05
9.915615304317131340e-01,7.257682342448069576e-03,1.054629298991630135e-03,3.667650576761141858e-05,8.948142107977089747e-05
9.959264505846627813e-01,3.413984813132796454e-03,5.715767839867994882e-04,3.058212266107981990e-05,5.740569555662142437e-05
9.956599552134580700e-01,3.600162391242694559e-03,6.505255927989502234e-04,3.483949674930871627e-05,5.451730575111423934e-05
9.958200890047571585e-01,3.475784881830653195e-03,6.131076732493890690e-04,3.313218811220899039e-05,5.788625205063000910e-05
9.947680607056098578e-01,4.340948569182530824e-03,7.723539123415505431e-04,3.560005063311841674e-05,8.303676223290528877e-05
9.961645770988460935e-01,3.268825585376614312e-03,4.918291792622431213e-04,2.142124271751028890e-05,5.334689379766851419e-05
9.978654418093143574e-01,1.842486535453546253e-03,2.361873450744710393e-04,1.471109315671532336e-05,4.117321700074946892e-05
9.972748074105903804e-01,2.337938675667721334e-03,3.092119774801041737e-04,1.859661338758941500e-05,5.944532287413602126e-05
9.958597089980850692e-01,3.670545592951887561e-03,3.889331172281547530e-04,1.793027952710239193e-05,6.288201220766087909e-05
9.976095016772333901e-01,1.988931549686135791e-03,3.349474696651586424e-04,1.207150120808685613e-05,5.454780220720983105e-05
9.980378627981675299e-01,1.649311243598638966e-03,2.622207777154480514e-04,1.328557559455569733e-05,3.731960492377409691e-05
9.977372984898040809e-01,1.957420008006912487e-03,2.490158384788303671e-04,1.535966697689398583e-05,4.090599673313212876e-05
9.977859534517343754e-01,1.870202426710290862e-03,2.818862418214107329e-04,1.933270572738359975e-05,4.262517400650066816e-05
9.975952716266870413e-01,2.000676424894159630e-03,3.426385528548221249e-04,2.091657939417021232e-05,4.049681616966218202e-05
9.975329742887829587e-01,2.035361790745189234e-03,3.713382132285202638e-04,1.992745351247495015e-05,4.039825373080777596e-05
9.941589100769585574e-01,4.827517492263681126e-03,9.041146251688887952e-04,3.954960706043841379e-05,6.990819854835963359e-05
9.956896831779189494e-01,3.559526410984866288e-03,6.560195029718854766e-04,3.116828560587995331e-05,6.360262251842789777e-05
9.944566878600126225e-01,4.468894275455840594e-03,9.581128851344461028e-04,3.937866201734118929e-05,7.692631737967117061e-05
9.918886084688961491e-01,6.186734379480507071e-03,1.788457334382087364e-03,6.038914882662143073e-05,7.581066841462271735e-05
9.960029343729907003e-01,2.988585850042212166e-03,9.187418215907839497e-04,4.171824866029889053e-05,4.801970671597145812e-05
9.927999168685048836e-01,5.108110053594835942e-03,1.936521625903495991e-03,9.082199885631675365e-05,6.462945314061484172e-05
9.910468906367200237e-01,6.135055549166076698e-03,2.626959771482367464e-03,1.286985970693548204e-04,6.239544556218049563e-05
9.961788904702985059e-01,2.822744592449293911e-03,9.096694666996662116e-04,5.051106069338348354e-05,3.818440985914634288e-05
9.956049008284771906e-01,3.086995163057342732e-03,1.196997134462259894e-03,7.461717973617263506e-05,3.648969426701269053e-05
9.932472502560137917e-01,4.759385356195935252e-03,1.852901853630532260e-03,9.170104662384013247e-05,4.876148753603040285e-05
9.949523225924279402e-01,4.064695101700360920e-03,9.057951052265319526e-04,3.465644060548182933e-05,4.253076003978389750e-05
9.947206889544101260e-01,4.452720281681915929e-03,7.507723889491073246e-04,2.540572613397024866e-05,5.041264882480019966e-05
9.951764783273993054e-01,3.990322718163233015e-03,7.490704438661721252e-04,2.803285982775569209e-05,5.609565074369999177e-05
9.956548636037849676e-01,3.532991210205969467e-03,7.310981937125808194e-04,2.811997831617538477e-05,5.292701398040554778e-05
9.969477064206996308e-01,2.533045669566550903e-03,4.539532277900292390e-04,2.184016099324784436e-05,4.345452095058882722e-05
9.981266740837910767e-01,1.534652442955212939e-03,2.943893898774973010e-04,1.604772170221611014e-05,2.823636167403241348e-05
9.983695556925711312e-01,1.345556464636005157e-03,2.450923456211088580e-04,1.324417097532434970e-05,2.655132619638602760e-05
9.984727906229199368e-01,1.266999835021730136e-03,2.169017700661880104e-04,1.288394562071777011e-05,3.042382637128011384e-05
9.976171251014058772e-01,1.979135247322545612e-03,3.462767088899484946e-04,2.208904098553380238e-05,3.537390139620760928e-05
9.967345402119192066e-01,2.623799659032745486e-03,5.721146517809686926e-04,3.067019511304491162e-05,3.887528215404629177e-05
9.966968575531767183e-01,2.812851579790163689e-03,4.369046807209669026e-04,1.814107288658538611e-05,3.524511342574451040e-05
9.967097967056874896e-01,2.805510479630534282e-03,4.305473261511252414e-04,1.756150065808159211e-05,3.658398787289588382e-05
9.979573355688429181e-01,1.729290528001320264e-03,2.653014692952718732e-04,1.158790142425853788e-05,3.648453243630490959e-05
9.975943757362678577e-01,1.976565089632704910e-03,3.608891007372883909e-04,1.161869956865589779e-05,5.655137379339078590e-05
9.966823174673488106e-01,2.820070347256833140e-03,4.228846240670558975e-04,1.742837208945836907e-05,5.729918923771440116e-05
9.959279503443299042e-01,3.424224294064478948e-03,5.774730369934690574e-04,1.943396099139876388e-05,5.091836362082740718e-05
9.943272606794051338e-01,4.839475356892846206e-03,7.513488837862630212e-04,2.072790355723273361e-05,6.118717635858026847e-05
9.924380339830655151e-01,6.392067899434225424e-03,1.047687218775306735e-03,3.335658147341638373e-05,8.885431725148169055e-05
9.918188702463123230e-01,6.822845233794690330e-03,1.247880418157736341e-03,3.306300213008002593e-05,7.734109960520546209e-05
9.944213592701965920e-01,4.696815582629714457e-03,7.962503480289678153e-04,2.204485655560192332e-05,6.352994258906701462e-05
9.956911352793139658e-01,3.554586766862119149e-03,6.823582111860395641e-04,2.258651972744169355e-05,4.933322291035652468e-05
9.947248627985948444e-01,4.202504900127954079e-03,9.809478748136421251e-04,3.325970688323560211e-05,5.842471958028927037e-05
9.968462306387823046e-01,2.564289704624294220e-03,5.370348987004036276e-04,1.979816725340316326e-05,3.264659063952228871e-05
9.954473220174880899e-01,3.826706433436982517e-03,6.558152626482995073e-04,2.585825848729737136e-05,4.429802793925948249e-05
9.934184988116362414e-01,5.394870511325932511e-03,1.079853344601024992e-03,4.261628098622481355e-05,6.416105145053060130e-05
9.925722207025367005e-01,5.926226785375740720e-03,1.365774338930936639e-03,5.863658370728562350e-05,7.714158944921746248e-05
9.955788591507291896e-01,3.605050844379337118e-03,7.333862887228089411e-04,2.194902065001490735e-05,6.075469551868414473e-05
9.952837795033298018e-01,4.141633779923773601e-03,5.034320896184589760e-04,1.515465782416731467e-05,5.599996930383916246e-05
9.966165668865316629e-01,2.908170641435265432e-03,4.165196837106929480e-04,1.150188648957682812e-05,4.724090183287472347e-05
9.978873252161079010e-01,1.848072310867243922e-03,2.216905219265038877e-04,7.134611942364803290e-06,3.577733915603044216e-05
9.964455238598197706e-01,2.945832802631745580e-03,5.363123018823023024e-04,1.713176828316006494e-05,5.519926738278436843e-05
9.956485661616584215e-01,3.542356299458520458e-03,7.235755125889922583e-04,2.637334107730081550e-05,5.912868521674422597e-05
9.992139824214376631e-01,6.321865035684915606e-04,1.197927904155236356e-04,6.721279954625373156e-06,2.731700462367613630e-05
9.989260500583856395e-01,8.998657227193400127e-04,1.309709570437150308e-04,7.719692901229945249e-06,3.539356895015630686e-05
9.991762921877341830e-01,7.130296935289813206e-04,7.940157788650642338e-05,5.449037003435947869e-06,2.582750384687168015e-05
9.983343138248353954e-01,1.467489668301526305e-03,1.517529232382063237e-04,1.039663730241089369e-05,3.604694632246887307e-05
9.976873186486470146e-01,2.019451678316800097e-03,2.336914092769400934e-04,1.394181862246258340e-05,4.559644513662419767e-05
9.987859244627500521e-01,1.057554277193081035e-03,1.226080111058081836e-04,8.792326331423321221e-06,2.512092261946832230e-05
9.977503954463300406e-01,1.993491643946094811e-03,1.996367550850491174e-04,1.009916029755652530e-05,4.637699434129736076e-05
9.975728729632243885e-01,2.128481671478899169e-03,2.504758274521617510e-04,1.118405460122736837e-05,3.698548324322772023e-05
9.981769792242209949e-01,1.580227015963849837e-03,2.010250570733657755e-04,1.080017674548002223e-05,3.096852599629352392e-05
9.972601396617166714e-01,2.319917772491937938e-03,3.557640265980875063e-04,1.889473184917231735e-05,4.528380734392196071e-05
9.987964269175528820e-01,9.931440716083076662e-04,1.809509727974227284e-04,1.042706115072250510e-05,1.905097689071316112e-05
9.995345854117289042e-01,3.536873696506540434e-04,8.121605126829348729e-05,8.312160659803433118e-06,2.219900669227796965e-05
9.991030130998248548e-01,7.205186657239714618e-04,1.289907528536317544e-04,1.318276419520482447e-05,3.429471740234029959e-05
9.993544255336279658e-01,4.987697222911979160e-04,9.813685381404235936e-05,1.218292903558056341e-05,3.648496123123893799e-05
9.992286023904224379e-01,6.063717711991522532e-04,1.200214889541670804e-04,1.469010482587863935e-05,3.031424459833558218e-05
9.994972472029367561e-01,3.729374155510501105e-04,8.570586846508379010e-05,1.216953401337596208e-05,3.193997903365749624e-05
9.993723361519857296e-01,4.591404602550428165e-04,1.169756074013515029e-04,1.625187432559621392e-05,3.529590603230012258e-05
9.989181263872997096e-01,8.813872969092543131e-04,1.447146839102331575e-04,1.430135241757898817e-05,4.147027946305645703e-05
9.984502480632706511e-01,1.313757623287746317e-03,1.888627140440012628e-04,1.634920790569373129e-05,3.078239149180241377e-05
9.988879147033339345e-01,8.510089732338293501e-04,2.103433716778187190e-04,2.243469752456866195e-05,2.829825422989467988e-05
9.971106667193438966e-01,1.975377513799266103e-03,7.770916116670729392e-04,7.060833688937720649e-05,6.625581830046995508e-05
9.988182966618553982e-01,8.080472483298656739e-04,3.047494405646389076e-04,3.523054152533677927e-05,3.367610772475613851e-05
9.991165943942931227e-01,6.161041934377998715e-04,2.133479939014456173e-04,2.287728477433639696e-05,3.107613359345496158e-05
9.985189374933763906e-01,9.987004333785591027e-04,3.893610922034250856e-04,4.832789752309275247e-05,4.467308351848218686e-05
9.981750385243814971e-01,1.434211862239180135e-03,3.247201981457252724e-04,2.308088494050269157e-05,4.294853029294795003e-05
9.983481461659508005e-01,1.162407875672662270e-03,4.102077532648650861e-04,4.310952584398789047e-05,3.612867926782708920e-05
9.990730261838881576e-01,6.557606705626945875e-04,2.058608381802203642e-04,2.695780144273947373e-05,3.839450592623228976e-05
9.990452259137447832e-01,7.222324650319769624e-04,1.738007656543661035e-04,1.712027640663160745e-05,4.162057916239656017e-05
9.980931891541924283e-01,1.375925661035055534e-03,4.418447184638734575e-04,4.313661217782986706e-05,4.590385413065527958e-05
9.982998680633416999e-01,7.331484858022037842e-04,7.682941800430823174e-04,1.680289413919147776e-04,3.066032942108574776e-05
9.963027799193895362e-01,1.203066679013022706e-03,1.795452250479088975e-03,6.507084809575633313e-04,4.799267016074395306e-05
9.943960370009747862e-01,3.260148556724266553e-03,2.004611804223179698e-03,2.593240995777789239e-04,7.987853849979840580e-05
9.984299670230595281e-01,9.333449258337760861e-04,5.505317001693670834e-04,5.399629855069600873e-05,3.216005238680772518e-05
9.986185310069264354e-01,8.641385006824608495e-04,4.458657982918355091e-04,2.686175639779756215e-05,4.460293770154288943e-05
9.992732063324091252e-01,5.278536019647277417e-04,1.617064005773479981e-04,7.446190409427166553e-06,2.978747463955940073e-05
9.988570090323743988e-01,8.400271224071326334e-04,2.579237886975801900e-04,1.163423857968810734e-05,3.340581794116816161e-05
9.993971107563980327e-01,4.643295991352580404e-04,9.991898355083443314e-05,6.083074884961701082e-06,3.255758603082431143e-05
9.996029555768423114e-01,3.131732111841340144e-04,5.524582433397647627e-05,3.031515039471406585e-06,2.559387260019876348e-05
9.994832867224348050e-01,3.915683267488479381e-04,8.911935298221259000e-05,6.250336295604555529e-06,2.977526153842867596e-05
9.990780950235693680e-01,7.293445493325153911e-04,1.419983465083589575e-04,8.157224626431008250e-06,4.240485596329324192e-05
9.992721579271166554e-01,5.667820848903363466e-04,9.665634089561551902e-05,5.582425582631808607e-06,5.882122151480061395e-05
9.987822312070364639e-01,9.952013694331631258e-04,1.218108018283452985e-04,7.311307471705500821e-06,9.344531423021996660e-05
9.991903160513569970e-01,6.833893131544797363e-04,6.882126882081974107e-05,4.306995198077047981e-06,5.316637146972962941e-05
9.978824875406725470e-01,1.842885663147156815e-03,2.026110023413150779e-04,7.455901264050822380e-06,6.455989257505503497e-05
9.992637469099501235e-01,6.147563400916897756e-04,8.821193670485516026e-05,4.003871262891696198e-06,2.928094199053209038e-05
9.987606924901343275e-01,9.695969069300611936e-04,1.826415353730903850e-04,1.061869828748760543e-05,7.645036927526341829e-05
9.942486374199355215e-01,4.709936672390180497e-03,5.869888415262708523e-04,2.258640706048233704e-05,4.318506590874802921e-04
9.902936814024243528e-01,8.259334482023593035e-03,1.029999832220995434e-03,1.930388442991380467e-05,3.976803989012090757e-04
9.708834419806011695e-01,2.334116336556273791e-02,5.332364607314800907e-03,5.010811922854717609e-05,3.929219272926526719e-04
9.368755416266691949e-01,5.033780677091728023e-02,1.202784432753652849e-02,7.642436376061268128e-05,6.823829111164379790e-04
9.526213914862065035e-01,3.499328304975987680e-02,1.152940908497769590e-02,9.015948312034094880e-05,7.657568959355557031e-04
9.521941593017937411e-01,3.546812381358456501e-02,1.148446245024825445e-02,7.219426739192237239e-05,7.810601669816169892e-04
9.548938725349498391e-01,3.174909574794496786e-02,1.251290974198576711e-02,7.133059085933263514e-05,7.727913842600208239e-04
9.800598859391196349e-01,1.410082501664171144e-02,5.519513076241673762e-03,4.155853723652133295e-05,2.782174307603500611e-04
9.824546531043587549e-01,1.233388465230563641e-02,4.971781705034901758e-03,4.036261167305968693e-05,1.993179266276686552e-04
9.492247309143551082e-01,3.720107278076147106e-02,1.313069320151789843e-02,7.313596248146098295e-05,3.703671408839423430e-04
9.755447839894645368e-01,1.763924435801874496e-02,6.531045558772503173e-03,4.104212954784617592e-05,2.438839641963058279e-04
9.752886457106489937e-01,1.890051222840772455e-02,5.506224853797799489e-03,3.644446131086931102e-05,2.681727458347130067e-04
9.858745025008991414e-01,9.708901119653147449e-03,4.208971753823635177e-03,3.348475105253377040e-05,1.741398745714206489e-04
9.546358519568183265e-01,3.767784537487237073e-02,7.083522805238127995e-03,3.161790053319738181e-05,5.711619625378102413e-04
9.781460959792961374e-01,1.429863643999127257e-02,7.227749917389438179e-03,5.262834341628150770e-05,2.748893199068981217e-04
8.726977736949035336e-01,7.976574166125967313e-02,4.577808052990399446e-02,2.412162328763499744e-04,1.517187881056491138e-03
8.112434699027827323e-01,1.128961982700125849e-01,7.312002592919061850e-02,2.930490387340799413e-04,2.447256859280041302e-03
8.581700879961806638e-01,8.032113259400401606e-02,5.961598195920822518e-02,2.128042475492177552e-04,1.679993203057784414e-03
8.648520633008173197e-01,8.293659793600212382e-02,4.947439449018494612e-02,1.586844644169087390e-04,2.578259808578738967e-03
8.535412269134986518e-01,7.270957199466110410e-02,7.201842085025624007e-02,2.681781597659241160e-04,1.462602081818117515e-03
9.150731903735142003e-01,4.251927779031128285e-02,4.126872679397258076e-02,1.828018834343019634e-04,9.560031587677873029e-04
8.834985454504521440e-01,5.539200829601462206e-02,6.000338643323119281e-02,2.296366614642133945e-04,8.764231588379316120e-04
9.343838474717266473e-01,2.869692099753707454e-02,3.633650098247444976e-02,2.370295964021208420e-04,3.457009518596307752e-04
9.165238416101328944e-01,5.046247459103066907e-02,3.242199840714771186e-02,1.454496892472639954e-04,4.462357024415704722e-04
9.130064035651120902e-01,4.532208928684734045e-02,4.114842632334328454e-02,1.519858858387126478e-04,3.710949388586741080e-04
7.633823565915198728e-01,1.301450677274806067e-01,1.056140097992680216e-01,2.956450004171360855e-04,5.629208813143603144e-04
7.207745560428605591e-01,1.452741161020382477e-01,1.329065621063887370e-01,3.183022275457270686e-04,7.264635211665555498e-04
7.360721512204695394e-01,1.131586051360379264e-01,1.495434931547950930e-01,4.939081318811253118e-04,7.318423568161433815e-04
7.727166529457747401e-01,7.315085155639131087e-02,1.529069623534000111e-01,6.086504451048775112e-04,6.168826993290515027e-04
8.188457427392430432e-01,6.489516472468226382e-02,1.148308119051317522e-01,4.785557646783666083e-04,9.497248662647208607e-04
8.917389445843151297e-01,3.489763055173845940e-02,7.256153546165938772e-02,4.008577639367567500e-04,4.010316383503112936e-04
9.516222580060917924e-01,1.590871080336148796e-02,3.201990382439137695e-02,1.918720987335956760e-04,2.572552674217318562e-04
9.306300453519791294e-01,2.084326719080987697e-02,4.660132036652602644e-02,5.500743385153776272e-04,1.375292752169549916e-03
8.076232360170944036e-01,5.984130953636646044e-02,1.216799881215936963e-01,1.852826462491390797e-03,9.002639862454099237e-03
8.867566310740989666e-01,4.396461251397782571e-02,6.620154853140280959e-02,8.226758129424313962e-04,2.254532067577959785e-03
7.995756481901359347e-01,6.726210354902693866e-02,1.308655373995713800e-01,1.125442362338098913e-03,1.171268498927601105e-03
9.090887303517208862e-01,3.118291948442521166e-02,5.537297793806821022e-02,5.886493855149360632e-04,3.766722840270861697e-03
9.012935987820213102e-01,3.973025479868419474e-02,5.560433468287501874e-02,3.853748881835679938e-04,2.986436848235901956e-03
9.541178304706539048e-01,1.957944892180794524e-02,2.270700754095204138e-02,1.826354342640996715e-04,3.413077632322094029e-03
9.502324121335355978e-01,2.058273539196072213e-02,2.682271369290784024e-02,1.727660175007332901e-04,2.189372764094994067e-03
9.711482486050015961e-01,1.061494160015825049e-02,1.748205795076942029e-02,1.370959941120723118e-04,6.176558499584802742e-04
9.641337702643130170e-01,1.720780834706196749e-02,1.783044687962797442e-02,9.596125050243170301e-05,7.320132584945246131e-04
9.506403259976123898e-01,2.847115036977667518e-02,1.944037583066552527e-02,1.480639163942001695e-04,1.300083885551034900e-03
9.580736649949732620e-01,1.145261697800951592e-02,2.913768216868950489e-02,4.238270465227481575e-04,9.122088118050616142e-04
9.814196775386271332e-01,9.314883001561450118e-03,8.617505819065110137e-03,1.546792252156408559e-04,4.932544155305799332e-04
9.605616629811503104e-01,1.511399616940786207e-02,2.308785229222221763e-02,5.622429766682152845e-04,6.742455805514201627e-04
9.726274157763169503e-01,1.212993018802100385e-02,1.414525422875170108e-02,2.492621236549530167e-04,8.481376832553117048e-04
9.925715389384752729e-01,4.179555782055527705e-03,2.811963807551695876e-03,5.577828663163808217e-05,3.811631852859102680e-04
9.716148417802082937e-01,1.673392071071033022e-02,1.085087192215206282e-02,1.351108357299898226e-04,6.652547511995281432e-04
9.880728382292239820e-01,6.287274059136579996e-03,4.736303140099550751e-03,8.599023452886045199e-05,8.175943370110053034e-04
9.884474421262986477e-01,6.349193309931124539e-03,4.408034771934092946e-03,8.011085977060319950e-05,7.152189320655164516e-04
9.889751034073186453e-01,6.264020413622419653e-03,4.006948902650362201e-03,7.201343669013132460e-05,6.819138397185956846e-04
9.925720913621737251e-01,4.626562862273449553e-03,2.499571688572172715e-03,4.725293900788360961e-05,2.545211479728164659e-04
9.964837680769607076e-01,2.235787931812374587e-03,1.137279641143163237e-03,4.163349934592291361e-05,1.015308507378423676e-04
9.947290154210713942e-01,3.859563940974310940e-03,1.193148175970639097e-03,4.225964241514313887e-05,1.760128195683955115e-04
9.926275281640718484e-01,4.417079102246479483e-03,2.722686307978232530e-03,7.415045862534805289e-05,1.585559670782544475e-04
9.973326085309427436e-01,1.866201525957987290e-03,6.715374927488245360e-04,2.723469609630591582e-05,1.024177542542310180e-04
9.980078511188886781e-01,1.519967003326374438e-03,3.766813114022448316e-04,1.361137419657032827e-05,8.188919218635203924e-05
9.931464207653686316e-01,2.938158333471759063e-03,3.715710035737843780e-03,1.131714458563497423e-04,8.653941956552254895e-05
9.889491832668397819e-01,5.146172753139778913e-03,5.627954091311033503e-03,1.632885267030240628e-04,1.134013620064647156e-04
9.924122612287439305e-01,3.159671639652530777e-03,4.247695930624183734e-03,1.084447811066088850e-04,7.192641987264692034e-05
9.922288353155920282e-01,3.149834092322201327e-03,4.416623869656187938e-03,1.119021068115929907e-04,9.280461561797471656e-05
9.970371172946985716e-01,1.705257449296592722e-03,1.156070037832488372e-03,2.956014874033562187e-05,7.199506943222147841e-05
9.954457312319644480e-01,2.321186014403786579e-03,2.113875082363964042e-03,4.264724791882583605e-05,7.656042334898360781e-05
9.947694590438741491e-01,2.558185327404354208e-03,2.399131330877529462e-03,8.209759658976159785e-05,1.911267012542201783e-04
9.951902551945635000e-01,2.108203627977071285e-03,2.263095950852630697e-03,6.927268114183951562e-05,3.691725454650228899e-04
9.949549677994412589e-01,3.100381882311747678e-03,1.567235488791411582e-03,4.866538283287040803e-05,3.287494466228375422e-04
9.947606226858635159e-01,2.694540512715665539e-03,2.346738624074044734e-03,6.086780673036996437e-05,1.372303706164188333e-04
9.716879491788288359e-01,1.542655120943345511e-02,1.227006714095240855e-02,1.547228310346858231e-04,4.607096397506046069e-04
9.711708349743360946e-01,1.973417343961715933e-02,8.346163047441942928e-03,8.967938702466430353e-05,6.591491515803101940e-04
9.863385675981516387e-01,8.441258122881840215e-03,4.895785073561594036e-03,6.072567044867655558e-05,2.636635349561581741e-04
9.878632604554545837e-01,7.116272463327390219e-03,4.785600026154069458e-03,6.881748186510703560e-05,1.660495731988139432e-04
9.774146777721002266e-01,1.275954714191016026e-02,9.426859837129748440e-03,1.496412084588539376e-04,2.492740404011007716e-04
9.310658011132538769e-01,2.268707444338245033e-02,4.500621063624649087e-02,9.776527959698614982e-04,2.632610111471914995e-04
9.785207140660050484e-01,7.435632761659490865e-03,1.305028533574473584e-02,7.062923577778550512e-04,2.870754788129988781e-04
9.680192762483087465e-01,1.325558375888509846e-02,1.759280002895228026e-02,7.930205248184139539e-04,3.393194390353015846e-04
9.718050004783128637e-01,1.344606301410506029e-02,1.354294830254052645e-02,7.769023355423069349e-04,4.290858694993495846e-04
9.858796291551001900e-01,4.243729476402537115e-03,7.796535808809963719e-03,1.917628814568390384e-03,1.624767451191687253e-04
9.888073798382496227e-01,5.360941645348371240e-03,4.906072758064589437e-03,5.038506104412118162e-04,4.217551478960299529e-04
9.900719835087732346e-01,5.916004453981848522e-03,3.448101386957384829e-03,1.839392683658745416e-04,3.799713819216224723e-04
9.889338656141728467e-01,6.656977803461041308e-03,3.934725143231504810e-03,1.593373168153052279e-04,3.150941223191345598e-04
9.971605231771427658e-01,2.008896460873741546e-03,6.835771095808077435e-04,3.466410340896444140e-05,1.123391489935991928e-04
9.964960722014301053e-01,2.399932609324055641e-03,9.486448634668765648e-04,4.473050521708320270e-05,1.106198205619209345e-04
9.969740234847197513e-01,2.196549401280448004e-03,7.337160500152394883e-04,2.170977004543840619e-05,7.400129393920866494e-05
9.983659780895849378e-01,1.261790530362818380e-03,3.027276501279041790e-04,9.561251397447129239e-06,5.994247852677284322e-05
9.963733641063881041e-01,2.601818063041345247e-03,9.195456744139166591e-04,2.321886940858696984e-05,8.205328674799148973e-05
9.962099483876913908e-01,3.025896245372691491e-03,6.438605055725885734e-04,1.609783016237975218e-05,1.041970312008785968e-04
9.957778120926557008e-01,3.360848865518774320e-03,7.305406825250772632e-04,1.784110615914560598e-05,1.129572531412117509e-04
9.938320638452168287e-01,5.049714350474272286e-03,9.570941093818572179e-04,1.913558116580964193e-05,1.419921137612734508e-04
9.854800898717223090e-01,1.232144488294473900e-02,1.856386777667704121e-03,2.326982832978342344e-05,3.188086393353137087e-04
9.852728508725424605e-01,9.493062117206435557e-03,4.620393111437971247e-03,4.554094285555166386e-05,5.681529559575051493e-04
9.960313054797881316e-01,2.859319668359706045e-03,8.970732391672541113e-04,1.726714549326977490e-05,1.950344671916761231e-04
9.915235957782390086e-01,5.302780707437961503e-03,2.933948666109881254e-03,6.570236752403778952e-05,1.739724806890557193e-04
9.789516144320314917e-01,1.098153276334603613e-02,9.654444722835293230e-03,1.749929887584212294e-04,2.374150930288163833e-04
9.704786977031542028e-01,1.337568993803107779e-02,1.567287103407495955e-02,2.124555980422558924e-04,2.602857266976099301e-04
9.786582635418458187e-01,8.698713345842230132e-03,1.200004953501253996e-02,3.663511135388533980e-04,2.766224637606065997e-04
9.939271822208561868e-01,3.570601254003492354e-03,2.335908349167213627e-03,6.851081117061320295e-05,9.779736480261868117e-05
9.946060297373164882e-01,3.626691467721343022e-03,1.630514725097826191e-03,5.053519673032810333e-05,8.622887313398688001e-05
9.924804878236103134e-01,4.247158170164662752e-03,3.025755168259530205e-03,1.211763410864384241e-04,1.254224968791584570e-04
9.907685459515276349e-01,5.526837153674179007e-03,3.289959926177281422e-03,1.214471823157484810e-04,2.932097863051920774e-04
