1.124960602104633778e-01,8.245523620839157256e-03,1.780175030692179583e-01,6.959956466345851300e-01,5.245266464894399183e-03
6.703765005412632982e-01,7.713846068516433396e-02,1.811082544602523048e-01,5.741092036082912770e-02,1.396586395249097869e-02
9.229672528547312460e-01,5.257275852685927564e-02,2.085939351446951598e-02,9.115129330489546780e-04,2.689082170890978209e-03
9.549001629543599767e-01,3.432522299084833639e-02,9.551283606921378427e-03,1.924987589954952369e-04,1.030831688874921798e-03
9.735242785657194364e-01,1.867298059390828935e-02,6.686714554774902952e-03,1.551084567175737465e-04,9.609178288796793458e-04
8.533018843933452002e-01,1.003622329369922572e-01,4.250011517463546384e-02,6.256361567278415862e-04,3.210131338299246871e-03
6.204880383644941766e-01,2.491604966562074863e-01,1.257358626112266287e-01,1.005658715453227464e-03,3.609943652618495709e-03
3.185164066860090015e-01,4.747655967065744775e-01,1.962696789839828704e-01,1.116413213441624962e-03,9.331904409991995455e-03
4.191852436835141194e-01,3.989226698710789942e-01,1.709388670029414192e-01,8.163802694155309139e-04,1.013683917304998572e-02
2.440003726148592123e-01,5.017966253503578500e-01,2.411671662192808874e-01,8.052187731206573518e-04,1.223061704238131119e-02
2.642250203532212627e-01,2.943105811069053890e-01,4.331678909266103439e-01,3.189101006674009611e-03,5.107406606588976196e-03
1.687172604500780104e-01,4.119273475394006900e-01,4.046271238574177254e-01,2.415685629623916253e-03,1.231258252347961629e-02
4.411219522913561453e-01,2.062010852510941517e-01,3.448747117236348747e-01,2.763335861443270459e-03,5.038914872471679345e-03
1.227588155521234792e-01,4.111885025481288869e-01,4.607750818306751706e-01,1.490180416664629035e-03,3.787419652407910883e-03
2.366925014415443007e-01,3.849749165631776160e-01,3.661876035473209945e-01,1.616500175344150539e-03,1.052847827261293480e-02
1.704103266551567075e-01,2.264373546421841188e-01,5.894985352698073333e-01,4.165420615215439763e-03,9.488362817636401478e-03
4.296245384675916879e-01,2.070737781305633241e-01,3.433307457479276570e-01,4.231392274090629152e-03,1.573954537982664992e-02
4.250829011232319932e-01,2.280478682818595226e-01,3.351674177857069115e-01,2.693957145769296669e-03,9.007855663432293852e-03
4.692917048035663008e-01,2.406934604228430641e-01,2.801974809768389418e-01,1.643683795673054737e-03,8.173670001078639849e-03
3.789663150084764398e-01,2.214142010009702288e-01,3.790964154736795599e-01,1.955820698852069137e-03,1.856724781802175303e-02
3.840195952659120060e-01,3.236972546205326706e-01,2.360550250277732853e-01,1.071359483766202037e-03,5.515676560201589890e-02
1.625115917752702477e-01,4.887971853880432871e-01,2.958158308497054190e-01,1.140992531242343913e-03,5.173439945573872489e-02
1.039141816607864338e-01,4.891043083676933634e-01,3.788813409561047618e-01,7.649943760273101613e-04,2.733517463938803238e-02
1.225437625990803553e-01,5.091589181550870702e-01,2.942162571271629834e-01,6.618288816245222403e-04,7.341923323704517557e-02
1.491279575183338257e-01,4.652362834063541452e-01,3.113867225617735768e-01,1.008464747490055028e-03,7.324057176604827080e-02
7.787086206237375796e-02,5.121602300339365144e-01,3.066246038442786981e-01,6.914487983997831327e-04,1.026528552610112416e-01
1.348507123348132442e-01,5.185312253201206367e-01,2.690035497974203049e-01,7.488678286179774671e-04,7.686564471902788964e-02
2.416922385198793655e-01,4.400714899698199289e-01,1.727721447406592448e-01,6.947167722106973578e-04,1.447694099974307924e-01
2.266892370991618333e-01,2.747846427163267435e-01,5.707348459685496200e-02,2.911540937683514932e-04,4.411614814938880635e-01
2.250691231378815216e-01,3.089718885018998273e-01,4.956282256550369192e-02,2.121868392211602070e-04,4.161839789554938052e-01
2.521727588535368492e-01,4.248889925588867911e-01,6.084459351003030508e-02,1.825092076931166083e-04,2.619111458698530348e-01
1.182653610287926621e-01,4.987281309113064109e-01,6.943960281228249432e-02,1.693588814734402605e-04,3.133975463661449745e-01
1.041004931866328365e-01,4.475625109483225561e-01,6.946974032896223450e-02,1.610203634817227477e-04,3.787062351726006582e-01
1.512908973472671392e-01,5.339256698717479432e-01,1.117704471009924316e-01,2.205247178574639474e-04,2.027924609621350460e-01
1.049953053070349224e-01,5.530187317920773893e-01,1.210223664371052055e-01,2.224591662736495991e-04,2.207411372975087716e-01
1.629453312899890871e-01,5.227599095836465981e-01,8.594700772011552858e-02,1.539095104194182181e-04,2.281938418958293358e-01
9.978932837013884671e-02,5.765170340015902672e-01,9.834720261640014782e-02,1.330263499371004115e-04,2.252134086619335951e-01
5.891650936658873045e-02,5.640852158491149737e-01,1.161967954522448998e-01,1.558490295128048297e-04,2.606456303025385668e-01
5.927996627257584028e-02,5.110476068490688029e-01,1.433585743464674545e-01,2.397871485410175529e-04,2.860740653833468983e-01
5.259687423553301849e-02,4.273399451852937236e-01,1.383730959262095828e-01,3.300444115656560535e-04,3.813600402413979684e-01
9.875953784595643825e-02,4.500054986653818645e-01,1.110064257557512313e-01,4.010031815411447837e-04,3.398275345513693813e-01
1.178944312040799275e-01,5.272406546707286701e-01,1.320953955405730351e-01,3.900098401080937948e-04,2.223795087445101792e-01
7.474302304749089187e-02,4.015671934151066047e-01,9.274945457132993676e-02,4.109652408851734683e-04,4.305293637251873529e-01
2.194681536846393166e-01,2.836992942941065077e-01,5.644659756829848579e-02,4.150857549714904765e-04,4.399708686979842964e-01
9.038863764226796882e-02,3.461367847878668025e-01,7.010024882925668110e-02,3.710976698734452621e-04,4.930032310707351817e-01
2.244130221368356437e-01,2.651966605357557460e-01,3.957941927104929175e-02,2.941160015275127364e-04,4.705167820548318836e-01
1.746491660839455395e-01,4.486084767920576755e-01,8.934379006257474332e-02,4.359339179356678000e-04,2.869626331434863564e-01
2.344159308752027382e-01,3.963884303409249132e-01,6.781770212220884775e-02,3.251359959418178907e-04,3.010528006657218203e-01
2.268663801138757763e-01,5.251939540264579653e-01,1.202830883472047752e-01,4.119087921937115634e-04,1.272446687202678506e-01
2.214430557110460551e-01,5.186485969096907844e-01,1.163194397430664662e-01,4.773302628333608551e-04,1.431115773733633856e-01
1.656045759820704288e-01,3.664146726464009296e-01,6.597637311078548283e-02,3.836851629257784289e-04,4.016206930978174494e-01
1.478771350798184780e-01,5.137836405451320365e-01,9.261969765655786446e-02,3.701944547403188189e-04,2.453493322637511909e-01
1.337478643359672481e-01,4.446247614572041984e-01,5.552849489894272350e-02,2.500265849401718012e-04,3.658488527229457055e-01
9.231413443837264976e-02,3.023572716128933302e-01,5.310464607976817658e-02,2.545748973229970810e-04,5.519693729716429464e-01
8.594054258785338574e-02,4.187967401458546068e-01,1.175625841189434084e-01,3.789003575278036893e-04,3.773212327898207707e-01
1.617946004865523923e-01,3.974364536797294623e-01,7.356267815536904342e-02,2.874863429572818143e-04,3.669187813353916860e-01
1.043066578274474965e-01,3.736007903184702661e-01,6.758678607094271984e-02,2.761381880793458169e-04,4.542296275950601370e-01
1.572732701079443685e-01,4.968937259122071515e-01,9.284015988671821817e-02,3.314305817533685851e-04,2.526614135113768311e-01
1.350408362673728713e-01,5.685028611379172592e-01,8.821959227930430136e-02,3.105917704331863046e-04,2.079261185449723659e-01
1.280286286625680892e-01,5.397612281666525069e-01,1.196711045579439275e-01,5.540481381033641583e-04,2.119849904747320712e-01
1.769511680958034683e-01,4.687366780709182890e-01,7.812323798898682115e-02,4.037903752258194994e-04,2.757851254690655840e-01
1.244114327990249874e-01,5.661606558952357870e-01,1.075372551214181932e-01,3.339277883252592138e-04,2.015567283959957268e-01
1.096423344453855142e-01,5.809427385332517346e-01,1.669992744105823212e-01,3.908063494274399978e-04,1.420248462613529217e-01
1.229556776335128526e-01,5.635971670236981090e-01,1.623760772480037362e-01,4.443944053805446446e-04,1.506266836894046002e-01
1.169773141588918292e-01,5.750746805143155393e-01,1.449411947976002035e-01,6.580341458414509445e-04,1.623487763833508513e-01
1.669361599351281700e-01,5.399358589709952749e-01,1.622287283326418750e-01,7.379362938507045286e-04,1.301613164673840473e-01
1.783744320408322259e-01,5.559796086064497933e-01,1.447940748339517913e-01,6.079013334756201573e-04,1.202439831852906010e-01
1.763797039517213949e-01,5.542907759640359755e-01,1.342429199224612624e-01,4.674234485930394648e-04,1.346191767131883488e-01
1.548917544501726973e-01,5.488721305971493436e-01,1.669571431512707205e-01,6.377054096953222850e-04,1.286412663917119170e-01
2.837184933622456384e-01,3.840883981801631042e-01,1.964125546411031042e-01,1.677563798835025660e-03,1.341029900176531897e-01
2.315459893592530516e-01,4.464011344508033718e-01,1.978585973320957647e-01,1.777325024570639532e-03,1.224169538332771368e-01
2.357743484770034592e-01,4.637083197575242455e-01,1.729040017739449930e-01,1.623145460845526553e-03,1.259901845306817814e-01
1.598831217568609797e-01,4.951114733771488363e-01,2.306401508176741666e-01,2.183693291991806607e-03,1.121815607563242112e-01
2.243917211270494150e-01,4.515535047704447580e-01,2.297304329935601075e-01,2.028261678042675778e-03,9.229607943090303857e-02
2.000412541133886890e-01,4.906250555930785628e-01,2.175685553410126039e-01,1.435274398400331226e-03,9.032986055411978965e-02
1.472753806841871904e-01,5.655322054804785559e-01,2.100197706496717276e-01,1.087036838081407433e-03,7.608560634758111674e-02
1.427510725673683256e-01,5.447126642635772287e-01,2.080646506256423611e-01,1.159043385149204205e-03,1.033125691582627709e-01
1.175244698660247861e-01,5.671068407329383776e-01,1.559953893951706305e-01,8.878061436077741000e-04,1.584854938622583809e-01
1.128710590291871346e-01,5.711926706440559887e-01,1.229070444077801638e-01,6.412359563668809615e-04,1.923879899626098622e-01
2.044791507614595327e-01,5.344654586596575552e-01,1.413320942616312914e-01,7.270819376106676815e-04,1.189962143796409189e-01
2.245660132248934182e-01,5.095978631450005514e-01,1.608665054426016150e-01,8.741142374977693350e-04,1.040955039500065515e-01
2.622051359805895876e-01,4.759160118943405182e-01,1.697303572786806047e-01,1.111058667522363611e-03,9.103743617886680961e-02
2.620687185424569465e-01,4.698564872058293429e-01,1.627152195593221384e-01,1.056445551491854611e-03,1.043031291408996197e-01
2.106987544562322345e-01,4.809227014328988914e-01,1.957361174196828590e-01,1.201167255063074341e-03,1.114412594361229858e-01
1.190969354832511623e-01,4.230064341834153807e-01,1.689946419432699909e-01,1.222133099814315697e-03,2.876798552902491424e-01
1.232036911140805546e-01,4.491248504499400496e-01,2.232560900953889094e-01,1.282138248692635653e-03,2.031332300918978484e-01
2.323030236354554079e-01,3.428649984595888989e-01,1.407846028094691948e-01,1.371069621447267928e-03,2.826763054740390468e-01
3.623281575381256947e-01,1.991509879969331487e-01,1.225937160671717735e-01,2.079512179893298982e-03,3.138476262178762077e-01
2.222155472988819602e-01,3.503750882081401175e-01,1.551977940108934528e-01,1.705916580215034034e-03,2.705056539018693695e-01
2.407118810635802408e-01,4.053105411806671721e-01,1.632814817075121383e-01,1.301714346320321201e-03,1.893943817019201337e-01
1.744238441440602305e-01,4.949912610241030131e-01,1.483395657812612844e-01,9.479105935667343340e-04,1.812974184570088632e-01
1.685385067419599980e-01,5.137036838615854917e-01,1.502872502545717082e-01,9.313169053709142650e-04,1.665392422365118419e-01
1.093415122839371256e-01,4.594337367525246352e-01,1.321745661789090753e-01,7.589866560845175657e-04,2.982911981285445990e-01
1.397146381932673487e-01,5.038130293318465736e-01,9.408427610600025859e-02,4.405107572371197108e-04,2.619475456116486800e-01
1.125916635793420412e-01,5.252939326299996825e-01,8.492387444230684035e-02,4.112887175235055599e-04,2.767792406308279829e-01
1.092038890642885174e-01,5.539632147774066206e-01,1.161551823647204024e-01,4.648269322981624422e-04,2.202128868612864276e-01
1.294244824607460875e-01,5.638387321666407104e-01,1.016345743017974951e-01,4.409700828922888459e-04,2.046612409879233763e-01
9.834834022141029919e-02,4.990012110681953383e-01,1.296839222768582933e-01,6.146023158135089249e-04,2.723519241177224659e-01
1.078404844761544495e-01,5.172421384148273571e-01,1.966433313143958750e-01,8.994271391623637679e-04,1.773746186554599757e-01
5.814329812736691860e-02,4.157251709889135949e-01,1.771761588721108283e-01,7.626001883586925722e-04,3.481927718232499802e-01
7.046073931577280514e-02,3.772993262577545304e-01,1.788299224770443507e-01,1.004212810338167648e-03,3.724057991390900546e-01
2.138264905279037287e-01,3.869294532382523411e-01,2.036085170182638238e-01,1.165026875842320757e-03,1.944705123397377500e-01
1.455080107554666269e-01,4.865006840981776493e-01,1.869165352195858443e-01,9.605505428060234470e-04,1.801142193839637973e-01
9.762631787143161155e-02,5.476696148209703185e-01,1.857734632113448581e-01,6.454158829432857453e-04,1.682851882133100108e-01
1.411910471394641486e-01,4.252488364650028885e-01,1.834014408590890211e-01,8.540898139786943849e-04,2.493045857224652773e-01
1.635697988571556405e-01,3.603068827684012265e-01,2.082095676795029104e-01,1.459298084536706560e-03,2.664544526104035693e-01
2.016422138316667501e-01,4.037775442691688421e-01,2.262126073300668172e-01,1.546821653035869611e-03,1.668208129160616282e-01
1.697697107802801919e-01,5.083985046402488273e-01,1.795312086227305315e-01,9.362907728560742725e-04,1.413642851838844416e-01
1.783497593448901131e-01,5.351595647510715148e-01,1.716918864025258895e-01,6.173268341118946442e-04,1.141814626674005906e-01
1.547583678629822213e-01,4.978075103228546405e-01,1.320188406684514593e-01,6.245375656216189736e-04,2.147907435800901488e-01
2.213599678377886626e-01,4.571411607439500036e-01,1.215011064105765426e-01,7.728986594744612039e-04,1.992248663482102944e-01
1.301151329822901603e-01,5.198502637874082843e-01,1.509777621286332305e-01,7.470797848040341450e-04,1.983097613168642581e-01
2.279700096854511415e-01,4.662018739997302874e-01,1.085919526716628836e-01,6.117931280902814527e-04,1.966243705150654275e-01
2.548628279633504690e-01,4.924693276806360043e-01,9.427164883078149871e-02,3.546262793095306663e-04,1.580415692459224142e-01
2.747890323969798265e-01,4.197939427889786912e-01,1.113438226767898970e-01,5.905032914878585162e-04,1.934826988457637731e-01
3.100715874584502596e-01,4.235967280563706083e-01,1.196917646346521980e-01,6.407787508947857457e-04,1.459991410996321071e-01
3.955840035062018756e-01,3.593317732270714937e-01,1.892511666541575599e-01,8.585269775593324998e-04,5.497452963500973344e-02
1.225173310584439929e-01,3.590309116567129699e-01,4.965299258897170609e-01,1.172096475223259474e-03,2.074973491990272922e-02
3.300729494539706987e-01,2.799756319496544688e-01,3.053410111739904287e-01,1.239428542806853819e-03,8.337097887957756193e-02
2.853463799580139293e-01,2.503844889168239107e-01,3.150361780532296985e-01,1.282256748045052398e-03,1.479506963238875206e-01
6.729778941249424662e-01,1.715824181254205494e-01,9.909917142045852889e-02,6.158010357171721889e-04,5.572471529346143676e-02
2.544612617583046910e-01,4.585099281630843349e-01,2.420213099855276495e-01,5.590801414213419701e-04,4.444841995166197435e-02
1.430585265586180044e-01,2.249132699564294624e-01,5.286865207885158569e-01,2.207405995464728401e-03,1.011342767009719423e-01
2.413645559516492678e-01,1.903074210056826809e-01,3.639036092466393368e-01,2.547569124237549464e-03,2.018768446717911780e-01
2.440664368052224142e-01,1.051164926020577983e-01,3.287969224999758855e-01,3.361184817957343918e-03,3.186589632747865997e-01
1.902477768888301002e-01,1.087982221566940466e-01,3.725328983015695483e-01,3.870167956206878312e-03,3.245509346966995445e-01
4.781431114852865427e-01,5.567431789081477012e-02,1.221518047245833821e-01,1.911580746335537389e-03,3.421191851529796768e-01
9.200939301441621865e-01,1.574437955321049062e-02,1.250203881101799933e-02,2.336183440190509020e-04,5.142603314759024852e-02
9.522305072336398890e-01,1.607716961807961059e-02,1.451529507849469089e-02,3.687683175047021126e-04,1.680825975228105937e-02
9.653475569612652851e-01,1.217164234340718451e-02,1.437826665549930133e-02,3.959642832135352032e-04,7.706569756614611161e-03
8.551673198667905096e-01,5.667278771715049401e-02,7.460474262529741274e-02,1.246317993166488544e-03,1.230883179759517145e-02
8.742245168860608429e-01,6.479822297108442375e-02,4.676478100283935208e-02,5.728466275085570625e-04,1.363963251250660015e-02
3.771457503828350433e-01,2.131917818727113167e-01,3.902749552126656973e-01,2.374457841268258138e-03,1.701305469051965849e-02
1.292591213771766834e-01,4.132661808903699274e-01,4.343728576333802938e-01,1.058317097932170428e-03,2.204352300114099591e-02
7.515233847793321986e-02,5.817762760411372414e-01,3.155996763691218954e-01,3.988071708039470412e-04,2.707290194100369848e-02
2.161836256131820233e-01,3.902555752574015657e-01,2.839097600666597443e-01,7.526258475248854890e-04,1.088984132152317208e-01
3.340443602396205858e-01,2.521899603662330902e-01,1.603729605679786729e-01,6.925669458100015352e-04,2.527001518803577151e-01
5.889646255226490545e-01,1.496170353639473538e-01,1.333273749256441154e-01,1.101120618251402467e-03,1.269898435695081818e-01
8.720902726338257693e-01,4.970813122293644276e-02,1.597999239121918047e-02,1.717865400289666654e-04,6.204981721198958577e-02
9.872815150717452193e-01,6.913131942337906802e-03,1.047993948196523570e-03,1.451653610522950426e-05,4.742842501615067777e-03
9.924336554989289239e-01,5.071414931916035443e-03,3.286282166977163286e-04,6.800279301439418791e-06,2.159501073156107342e-03
9.974857743474676575e-01,1.722415168927846464e-03,9.980946709225958433e-05,3.236986333572374853e-06,6.887640301784284623e-04
9.976938157836612309e-01,1.488977395451159067e-03,7.779463557103434047e-05,2.955052759268668829e-06,7.364571325574091002e-04
9.968005493764309222e-01,2.301460761072658852e-03,1.159829578595335134e-04,4.157474044515666753e-06,7.778494305921685283e-04
9.971103824736811116e-01,2.018554418793646558e-03,8.380657774391790942e-05,3.084022620059610716e-06,7.841725071612425536e-04
9.981006628949166126e-01,1.454528296249384687e-03,6.506818016165502518e-05,2.348476033909211339e-06,3.773921526384929853e-04
9.990453807690583554e-01,7.337024044176127099e-04,3.857048339050561382e-05,1.840387038312906868e-06,1.805059560952431178e-04
9.952940006977092358e-01,4.076462421706306474e-03,1.570852706995030197e-04,4.823840511834814896e-06,4.676277693730314031e-04
9.972540694735494426e-01,2.388772421897825647e-03,1.270590745672418983e-04,3.892661278023915500e-06,2.262063687074824419e-04
9.985913072117333922e-01,1.226877296976587768e-03,6.756195963913871460e-05,2.502109735226326351e-06,1.117514219157116453e-04
9.976189150237781966e-01,2.126802358175269077e-03,9.746235933511457057e-05,3.334617437574960728e-06,1.534856412739609062e-04
9.835376512192430809e-01,1.538596538333471785e-02,5.687753818351938767e-04,1.168945474742485893e-05,4.959185608395777186e-04
9.973345624976038826e-01,2.396351282969787482e-03,1.086031475377812578e-04,3.488045304635546517e-06,1.569950265840329591e-04
9.981700235329662441e-01,1.556830263171231918e-03,6.801235563706130261e-05,3.338435380688766215e-06,2.017954128446688533e-04
9.970053680277036756e-01,2.570845932024256372e-03,9.751084042361295168e-05,3.786797216085659132e-06,3.224884026324434513e-04
9.954391201732500916e-01,4.152033594690170658e-03,1.541860396631971827e-04,4.220520704751245600e-06,2.504396716917650124e-04
9.944015370820356026e-01,5.155842124797248814e-03,1.652892119397795785e-04,4.263263995630569714e-06,2.730683172317025583e-04
9.951794379264553569e-01,4.395226672462642335e-03,1.422740054864230701e-04,3.845252343613915796e-06,2.792161432520692691e-04
9.881044924402816454e-01,1.096173309372554944e-02,2.990672266470558610e-04,6.314148741470818098e-06,6.283930906042241955e-04
9.930727639783849536e-01,6.047542261255607794e-03,2.255768147562468818e-04,6.016604466498603427e-06,6.481003411365952958e-04
9.828455350708951155e-01,1.524936048104003766e-02,6.628131417018300097e-04,9.620007473042823987e-06,1.232671298889982062e-03
9.905792900928921396e-01,8.378573005995570630e-03,4.168466658070983785e-04,5.959755931074269127e-06,6.193304793740784858e-04
9.773325667977986742e-01,2.053142091279929263e-02,7.534145310481832856e-04,9.568469456707905360e-06,1.373029288897113483e-03
9.764639718300613946e-01,2.095192024838122766e-02,9.982853413163495469e-04,1.058376900660878694e-05,1.575238811234488728e-03
9.764860757829569859e-01,2.119390782401196077e-02,9.819405492740131483e-04,9.314645557964084134e-06,1.328761198199124131e-03
9.950999583503076229e-01,4.071692093765967232e-03,2.192005551641923564e-04,4.762004622749183208e-06,6.043869961395436242e-04
9.886243253277525733e-01,1.000872434432027551e-02,4.498658248669438228e-04,7.190308926409083863e-06,9.098941941337179576e-04
9.919064077435082449e-01,7.231199385727330071e-03,3.273211877870591154e-04,5.713227825209996645e-06,5.293584551520633466e-04
9.876468391100391431e-01,1.138924293426274784e-02,3.737475555895674738e-04,5.519326475243420582e-06,5.846510736335103642e-04
9.281991102587929809e-01,6.774558026367882846e-02,1.534224425277038242e-03,1.039775383368053542e-05,2.510687298417456272e-03
9.514787210082534807e-01,4.570224247702396603e-02,1.340402128812213153e-03,9.401746389864441752e-06,1.469232639520663426e-03
9.745493625688440575e-01,2.348977062093601104e-02,1.103888206929919081e-03,1.069379285225918691e-05,8.462848104377641975e-04
9.834870525948069542e-01,1.520949950913435406e-02,7.294514487318158038e-04,9.709468401805838346e-06,5.642869789252227819e-04
8.587936628255657956e-01,1.307345549096633475e-01,8.069213565670207283e-03,3.618332596325298748e-05,2.366385373137323486e-03
9.137659564455091754e-01,7.850675917714336483e-02,5.632543463944723189e-03,2.912073865490169490e-05,2.065620174747707840e-03
7.010769673284984460e-01,2.811388590307271063e-01,1.365112991302483078e-02,4.501642723974412952e-05,4.088027300509861073e-03
6.122423067172595434e-01,3.490765447250854248e-01,1.467304410736401145e-02,4.977077265899160381e-05,2.395833367763199745e-02
4.573362704900592601e-01,4.664372495800039320e-01,2.933120438251143533e-02,7.932882091593957883e-05,4.681594672650952332e-02
5.802293290426574490e-01,3.038438875331702094e-01,2.336937609728007362e-02,8.309399453396467533e-05,9.247431333235818507e-02
8.455844974986198581e-01,6.487705735244887750e-02,6.636813020286114889e-03,5.509068415491153196e-05,8.284654144449032920e-02
8.227231336492745184e-01,6.633360295471961432e-02,6.122737772071836643e-03,5.345805168591555941e-05,1.047670675722481293e-01
7.760559697404794122e-01,9.404891672879112097e-02,1.148237181905879464e-02,6.066337188031944468e-05,1.183520783397904313e-01
9.740877565243158953e-01,1.464597903210249942e-02,1.202231008119124082e-03,1.288180686035153303e-05,1.005115162860229297e-02
9.885785995957135919e-01,8.124878089788591801e-03,6.012676375256591644e-04,7.472122968325994489e-06,2.687782554003896682e-03
9.893254999850866760e-01,8.866434781934839221e-03,3.730756824116984401e-04,4.694983997593744068e-06,1.430294566569143520e-03
9.952547726369143088e-01,3.986716903603116334e-03,2.083408208515364290e-04,3.739564906144866052e-06,5.464300737248347067e-04
9.845694012206603896e-01,1.337662513290575027e-02,5.444589751039520618e-04,8.679262640863809347e-06,1.500835408689043604e-03
9.828138506045901446e-01,1.459645524491904114e-02,5.914439877563240893e-04,8.741887884743278813e-06,1.989508274849957972e-03
9.776740554674134831e-01,1.688072826275862498e-02,1.622475233953727660e-03,1.949201192796897061e-05,3.803249023946186046e-03
9.858562622411786158e-01,8.592322867827561009e-03,2.025479030668102341e-03,4.004109818960178589e-05,3.485894762136112698e-03
9.924439261698263515e-01,5.448345579294549233e-03,5.793753991602817880e-04,1.030737044297190923e-05,1.518045481275884147e-03
9.929314499789783088e-01,5.656082211776794662e-03,4.914915444522682504e-04,1.063441454179169322e-05,9.103418502508391942e-04
9.823521076643075833e-01,1.370734801340790440e-02,7.396296654145142905e-04,1.313951000250896326e-05,3.187775146867609117e-03
9.833240597026619012e-01,1.368197626301861404e-02,6.312740309130773558e-04,1.212136830739004514e-05,2.350568635098816781e-03
9.935944507733908138e-01,5.301132589050423956e-03,2.241395190661478281e-04,4.740747294660769576e-06,8.755363711980116738e-04
9.887840282426596517e-01,9.867742766102978458e-03,3.573009865125546542e-04,6.529038222321327487e-06,9.843989665023558395e-04
9.971442891758195426e-01,2.533265311883822844e-03,1.311475767495922002e-04,3.480698803087237173e-06,1.878172367441062062e-04
9.943423151027704909e-01,5.046464000844059702e-03,2.078676864763241163e-04,5.238127193778018128e-06,3.981150827154640820e-04
9.874189127708298264e-01,1.128445609457637278e-02,3.933441659557177080e-04,8.634925264316816861e-06,8.946520433737545786e-04
9.690651070104824294e-01,2.836122017802087183e-02,8.581684225164437890e-04,1.214169906673981461e-05,1.703362689913648495e-03
9.838418233290042725e-01,1.371937847844952388e-02,5.386324373265185747e-04,9.686444028237448919e-06,1.890479311191451762e-03
9.357829649045528164e-01,5.725856495659496781e-02,1.985517526867663658e-03,2.254952288134807987e-05,4.950403089103159668e-03
9.621127971759310116e-01,3.380929445306744136e-02,2.104364067358748414e-03,2.600741047458587395e-05,1.947536893168040975e-03
9.967820210486889598e-01,2.846537461402925094e-03,1.779841370337758286e-04,5.298671261453376523e-06,1.881586816128338121e-04
9.974932858995781970e-01,2.239446356466586689e-03,9.729452060951583169e-05,3.405712251167127152e-06,1.665675110944979203e-04
9.952163702322771588e-01,4.395871989923497321e-03,1.363905909316692256e-04,4.241084733506232980e-06,2.471261021341837789e-04
9.820303447539517894e-01,1.706959075710523521e-02,3.434300453380626601e-04,7.279552573780280348e-06,5.493548910311745696e-04
9.786448693665227294e-01,2.011009507394631926e-02,6.998672407459419122e-04,1.134731914680031608e-05,5.338209996382165586e-04
9.894935369017745508e-01,9.677595000223507618e-03,4.308312123598055307e-04,9.096247892332355318e-06,3.889406377499827604e-04
9.958724814809641890e-01,3.726929689561839405e-03,2.265486654338624991e-04,5.000702097271657570e-06,1.690394619428933938e-04
9.970174889803720131e-01,2.725522291159280033e-03,1.417140263470386514e-04,3.664222539615923948e-06,1.116104795818698056e-04
9.963834337629474680e-01,3.322264275218157845e-03,1.244740859465251395e-04,3.881108385614055921e-06,1.659467675020352467e-04
9.871575826115481789e-01,1.183653654778221882e-02,3.869461043827444099e-04,7.421400809842223149e-06,6.115133354771820021e-04
9.647709550976680815e-01,3.271310967239109829e-02,8.320283688962556209e-04,1.168692973067712653e-05,1.672219931313831138e-03
9.954340250611681817e-01,4.067370744696085887e-03,1.636585337489406997e-04,4.307902623112664449e-06,3.306377577635806692e-04
9.959984846103808742e-01,3.614775270224457587e-03,1.437441811715022368e-04,4.417409236471702791e-06,2.385785289864923644e-04
9.855247893948632099e-01,1.347343156928871091e-02,4.511132378607621220e-04,8.848677564456167066e-06,5.418171204228022569e-04
8.635138001412909770e-01,1.293153563315718735e-01,3.216806987145924036e-03,2.776807014414343260e-05,3.926268469847014712e-03
7.895881267121529490e-01,1.967827573856449352e-01,5.442851490178771123e-03,3.654917180463999144e-05,8.149715240218617651e-03
6.938312725710030771e-01,2.776377042504502013e-01,9.593951696123929201e-03,6.662049076637938095e-05,1.887045099165639631e-02
5.778109083043269090e-01,3.425636484405874538e-01,1.216499577688091166e-02,7.181325994395042342e-05,6.738863421826073175e-02
5.620950106279463121e-01,3.778687056769637898e-01,1.771172360853842664e-02,9.823011206592316424e-05,4.222632997448559633e-02
5.772664940791902843e-01,3.565960788353517708e-01,1.557953685695151816e-02,7.941246340752042363e-05,5.047847776509882534e-02
6.562313526986576218e-01,2.993297035885482682e-01,2.092987066561229417e-02,8.037077605610427151e-05,2.342870227112571133e-02
9.158886016190302959e-01,7.485623165214480568e-02,4.623988718774384513e-03,2.236386423027532841e-05,4.608814145820226693e-03
9.755902371273932339e-01,2.175900615981718467e-02,1.168054476839400831e-03,1.134684853512008378e-05,1.471355387415081931e-03
9.633769780378952374e-01,3.379622619357851299e-02,1.216065393543826331e-03,1.141900395251006058e-05,1.599311371029856106e-03
9.638336026773375309e-01,3.204850554451409150e-02,1.936533588084166698e-03,1.918490193366773050e-05,2.162173288130588272e-03
9.938525655802887826e-01,5.137626170099842370e-03,5.221941890413061768e-04,1.213526324603776281e-05,4.754787973241227854e-04
9.015333342997430277e-01,8.904390149880413163e-02,5.028273562280687926e-03,4.842994555558585587e-05,4.346060693616511997e-03
9.010808528094983449e-01,8.859244391556503340e-02,7.258623443535089370e-03,4.624001121868126870e-05,3.021839820182821088e-03
7.332090746232027278e-01,2.452362143886559764e-01,1.576377109494353848e-02,6.317595909602553069e-05,5.727763934101630545e-03
5.851974743173367077e-01,3.626530807257005717e-01,4.647179786856664441e-02,1.353004701815647525e-04,5.542346618214464941e-03
5.317479355283403208e-01,3.731208490132507105e-01,8.964573145096810247e-02,1.903588773685162272e-04,5.295125130072350812e-03
4.418304449490559893e-01,4.412354076355698429e-01,1.029304174464665683e-01,2.588418044038545045e-04,1.374488816450366961e-02
4.536588577357968943e-01,3.794280035842378940e-01,1.564236617465034063e-01,3.223081362624644107e-04,1.016716879719940271e-02
4.034218868459674145e-01,4.549544589017038287e-01,1.131708768432096446e-01,2.334173422330634536e-04,2.821936006688608237e-02
5.694730149148142795e-01,3.041536114783471301e-01,1.046836418337009217e-01,2.850340448918289513e-04,2.140469772824591180e-02
4.240586064621444384e-01,3.692981545229629958e-01,1.918064175790868409e-01,5.646349266174924275e-04,1.427218650918820990e-02
4.871679365028045439e-01,3.307663895430029144e-01,1.372263134477451352e-01,4.350351584141143031e-04,4.440432534803336051e-02
7.865414339989135195e-01,9.998324395030465384e-02,5.496303561524855386e-02,5.659704978388441004e-04,5.794631593769448974e-02
6.682662880932179750e-01,1.381194828700104127e-01,1.587604463702571855e-01,1.871117071218964152e-03,3.298266559529546005e-02
5.954529276875322186e-01,2.065141235637395489e-01,1.700160281201918422e-01,1.253014454625660246e-03,2.676390617391084456e-02
4.539209040256484418e-01,2.915383657910751714e-01,2.357050398433611360e-01,8.521779051179986407e-04,1.798351243479743428e-02
3.142961562688064148e-01,3.638556272730911756e-01,2.409362325785937009e-01,9.456707500219634988e-04,7.996631312948676573e-02
5.088113631199646658e-01,2.361276610649868657e-01,2.019320446287981574e-01,8.666425707270771850e-04,5.226228861552306704e-02
3.050319330268549955e-01,2.690128850018773665e-01,2.389528738010550657e-01,1.317971711556465905e-03,1.856843364586562017e-01
3.072789505537517618e-01,3.140525666292407481e-01,2.847072886319720331e-01,1.239066106671379451e-03,9.272212807836423265e-02
5.240551644492449368e-01,1.919267945090906424e-01,1.625785015471863382e-01,9.448556297924882129e-04,1.204946838646856755e-01
4.977922595642247927e-01,2.314518032267433023e-01,2.341353481805217851e-01,9.351937894833456302e-04,3.568539523902679311e-02
9.338709566412876084e-01,2.176838775124755043e-02,4.184553681254923191e-02,6.066513151420215716e-04,1.908467479773541704e-03
9.276728379660585944e-01,1.380259940612630146e-02,5.542120120124074262e-02,1.630814754689050147e-03,1.472546671885228585e-03
9.302943384450338415e-01,1.598664803927272657e-02,4.934252115928487031e-02,1.462704720346947240e-03,2.913787636061683940e-03
7.428916171602155671e-01,8.425564160473829334e-02,1.548802178689988318e-01,2.077544882741513745e-03,1.589497848330575364e-02
6.024116526590101994e-01,1.451897774112731465e-01,2.426613073656909703e-01,1.639590350240152433e-03,8.097672213785619619e-03
7.889337507332857546e-01,7.872285034023922268e-02,9.757716181333249417e-02,1.130490302321115244e-03,3.363574681082152212e-02
6.776494038320871605e-01,1.207244739784497783e-01,8.940288752790943871e-02,1.188290908524929817e-03,1.110349437530286365e-01
5.171549326751004871e-01,1.367982797551715035e-01,5.020924227494912712e-02,6.555148227049844862e-04,2.951820304720739196e-01
5.672402691080463688e-01,1.204978722242418532e-01,3.959365871488165767e-02,3.378935062135034867e-04,2.723303064466166545e-01
4.744883628705346967e-01,2.157502811665993336e-01,5.900965685864995730e-02,3.589098992452065392e-04,2.503927892049707116e-01
6.154532297210015823e-01,1.655342063303644751e-01,1.199943398808010625e-01,1.515805179764186670e-03,9.750241888806863988e-02
6.705750293491524738e-01,1.689204418813833042e-01,9.238703152359646620e-02,1.096626900693932699e-03,6.702087034517387187e-02
5.457631772949241844e-01,2.979893426322099415e-01,8.035331572201850903e-02,5.420894946026144461e-04,7.535207485624481616e-02
5.212323766607533937e-01,1.926004405944385378e-01,1.207534165694757744e-01,1.099253850264158465e-03,1.643145123250680240e-01
3.690319525387751320e-01,1.658700169048162032e-01,4.764322885068948688e-02,4.411787196755154400e-04,4.170136229860437194e-01
4.807882514771782412e-01,8.497897447136722182e-02,2.293744474763848018e-02,3.366050676693644358e-04,4.109587242361467663e-01
2.662360507696331924e-01,9.833144711663123483e-02,1.513122076155906486e-02,1.699034023266274469e-04,6.201313779498499601e-01
5.575716822769128944e-01,7.153721280809362260e-02,2.180732328295944406e-02,3.259511629130374950e-04,3.487578304691210662e-01
5.258516109727355836e-01,1.077147859391702212e-01,5.410316176677837374e-02,1.146007279542868339e-03,3.111844340417728727e-01
5.287182134942034484e-01,4.313896449072410211e-02,5.625689725728538065e-02,3.140287432780929002e-03,3.687456373250061481e-01
4.291933798325661131e-01,3.568017235761728606e-02,4.627226756782810979e-02,2.671808506920377111e-03,4.861823717350682306e-01
3.281727870147466697e-01,4.012212532490608968e-02,1.025101031743357732e-01,6.820312334441937935e-03,5.223746721515696301e-01
4.879167097218071736e-01,4.194428162680279709e-02,1.870066771436514341e-01,1.965678984768284149e-02,2.634755416600557121e-01
5.258335868074790476e-01,4.514715235310978736e-02,2.221741509155344407e-01,3.112350797696131210e-02,1.757216019469155510e-01
4.785278197106095366e-01,3.200639952819695627e-02,7.862075956191202919e-02,1.157906526073590806e-02,3.992659559385455803e-01
3.653501722294385523e-01,4.568884626912038394e-02,5.748671810746808913e-02,5.780290261851631951e-03,5.256939731321212950e-01
3.453403374587226682e-01,5.820209772547411953e-02,8.212789748076078367e-02,9.172576539086877562e-03,5.051570907959554990e-01
4.653885664579801018e-01,9.723399029774362767e-02,6.516048840196785041e-02,4.228586757389164730e-03,3.679883680849192484e-01
5.253437977701063133e-01,9.780257788344190462e-02,5.812544632609752127e-02,3.509516102456342306e-03,3.152186619178977689e-01
3.981421283518520315e-01,9.216579993418388961e-02,8.871623853703940188e-02,6.983049994544464865e-03,4.139927831823801974e-01
5.085308702148891857e-01,7.201630869350089670e-02,5.509230994582343943e-02,3.997378336529466836e-03,3.603631328092569697e-01
4.818059744232974229e-01,6.167800029467915279e-02,4.484404050495060384e-02,3.056814354419150424e-03,4.086151704226537174e-01
3.451363172110135102e-01,9.180673859862878428e-02,4.885298997702369750e-02,2.076774838575101700e-03,5.121271793747589340e-01
3.415018581325205971e-01,8.480040453100107234e-02,5.539941286800564163e-02,2.164145599433093571e-03,5.161341788690396726e-01
4.204960095443758261e-01,5.654629093748480412e-02,2.607311707447253560e-02,1.184812959519888171e-03,4.956997694841469571e-01
3.710587955351473677e-01,3.754154655067069857e-02,1.094724573712215800e-02,6.941681698565053786e-04,5.797582440072032162e-01
3.158420091812011998e-01,5.943781670367120212e-02,2.890825265466162586e-02,1.509446603793158058e-03,5.943024748566728688e-01
2.863681005465938956e-01,6.503521953464995453e-02,2.074458877153457712e-02,9.870223222105652464e-04,6.268650688250110292e-01
2.356999577858603645e-01,9.643089946267308088e-02,6.519062943099034058e-02,2.115710164198325756e-03,6.005628031562777469e-01
2.722592290985956232e-01,7.740310341998479782e-02,5.415514089265917319e-02,1.910607214245896995e-03,5.942719193745145123e-01
1.165920494995765500e-01,1.030741893356476035e-01,6.283321840292865890e-02,1.155872000992230666e-03,7.163446707608549513e-01
2.019371306031772784e-01,7.304154426229689245e-02,8.615895074830084988e-02,2.550812410474272152e-03,6.363115619757505614e-01
3.193687480524217692e-01,7.147194018878413879e-02,1.098679931330044657e-01,3.325188441192905749e-03,4.959661301845967873e-01
1.858219460699090109e-01,5.453245164748071749e-02,6.653972036830431425e-02,1.791466989138996860e-03,6.913144149251670978e-01
1.217040410978729587e-01,8.441346243825578743e-02,6.320805647953883777e-02,1.377324530593253878e-03,7.292971154537392087e-01
1.309118524066493761e-01,7.685176692919409858e-02,6.226077005796602781e-02,1.320021897983101721e-03,7.286555887082073468e-01
8.899876657382072009e-02,4.270888430361220039e-02,2.402356434146374689e-02,7.796323946800214587e-04,8.434891523864234131e-01
1.240109402744888623e-01,3.388224649250540232e-02,3.845014415141660008e-02,1.269056480701899903e-03,8.023876126008872012e-01
6.919414964789369349e-02,2.068475914405250304e-02,1.244045166084521356e-02,4.192880084450842869e-04,8.972613515387634076e-01
9.439291066705485234e-02,1.915929723108445934e-02,2.082779749499970301e-02,7.043377545169616887e-04,8.649156568523439503e-01
9.886454795996704736e-02,2.467048449564186730e-02,1.565217083419647229e-02,4.431730275231869024e-04,8.603696236826714472e-01
1.166748741268801015e-01,3.026081758306957414e-02,8.142804183579998439e-03,2.453739125442008047e-04,8.446761301939258448e-01
2.015611490864204769e-01,3.242277486994584595e-02,5.532940247486380428e-03,2.440953191785890492e-04,7.602390404769687748e-01
3.943356328664101018e-01,4.199490728815546275e-02,9.006336069953692347e-03,5.425582322118265412e-04,5.541205655432689392e-01
4.805287777533545079e-01,5.418597131997246463e-02,1.176956744161371769e-02,6.022701127633158479e-04,4.529134133722959588e-01
3.399150244808219479e-01,6.519057250103929557e-02,1.281798681691546406e-02,6.533471789606187623e-04,5.814230690222628173e-01
1.439844493816941629e-01,4.059347167172425858e-02,9.199831874160220233e-03,4.079789851576015223e-04,8.058142680872636410e-01
8.563203797519584881e-02,5.240568598047238430e-02,1.618374353508130262e-02,5.475617881166680752e-04,8.452309707211338452e-01
6.114191794328151935e-02,2.580048340962646375e-02,9.027629793748928252e-03,4.149238891885347990e-04,9.036150449641545679e-01
9.642480260036345729e-02,4.296829804960053401e-02,1.031194723868771555e-02,4.623041883342592366e-04,8.498326479230140507e-01
1.452160036006522326e-01,3.934929450532372031e-02,1.077742327210447042e-02,5.058524926759694600e-04,8.041514261292436183e-01
1.887415772367017353e-01,3.039616208605136136e-02,9.315735908392084111e-03,5.442163539072695198e-04,7.710023084149475459e-01
2.273841923640439744e-01,3.950050282492849341e-02,1.544163737874697413e-02,7.021330305148871338e-04,7.169715344017656422e-01
1.819521716857414873e-01,3.749732540716629869e-02,1.323559579799551966e-02,7.128667081784051743e-04,7.666020404009181721e-01
2.231430624456979539e-01,4.337173797733388098e-02,1.181817709822018114e-02,6.749713519573609464e-04,7.209920511267905452e-01
4.575165354880473823e-01,5.144589972893034296e-02,1.165725093290129015e-02,6.966884959142951922e-04,4.786836253542066655e-01
2.553653031346687641e-01,5.001694174720915098e-02,1.276956226995686408e-02,6.294868343031488752e-04,6.812187060138621408e-01
1.269904460172988081e-01,1.173498860161502344e-01,4.973803991368738742e-02,1.021634826127424713e-03,7.048999932267360213e-01
1.477760332630597695e-01,1.178911167611744054e-01,5.984961817691347025e-02,1.503256362815599302e-03,6.729799754360370478e-01
1.503138072884605825e-01,7.301525568553215995e-02,4.166104355558537808e-02,1.874531561638481626e-03,7.331353619087834783e-01
