4.948908137236305849e-01,5.246325607697125554e-02,2.129935319434883012e-01,1.038944399779773431e-01,1.357579582779325222e-01
5.342478003338670955e-01,2.074401473630920201e-01,1.599480442367400834e-01,6.939338060259943493e-03,9.142467000604095895e-02
8.460488733263420436e-01,1.179878602906699464e-01,2.246828621008121682e-02,3.271400539671419144e-04,1.316784011893970714e-02
5.797913235945666433e-01,2.042943262401138160e-01,2.001800035645924236e-01,3.036822298220922135e-03,1.269752430250627347e-02
3.638234926719051132e-01,1.120722011914524890e-01,4.852596071347766160e-01,1.823165908838091098e-02,2.061303991348490544e-02
2.855112154641807343e-01,2.319852722525817812e-01,3.894701705928734770e-01,3.703720102287600888e-03,8.932962158807651598e-02
1.876486218517537941e-01,3.687107992456881700e-01,2.840281095567806502e-01,1.827490925449068481e-03,1.577849784203284034e-01
2.239506934161526741e-01,3.467037179959500115e-01,2.466232210673247049e-01,1.283665985544941686e-03,1.814387015350277244e-01
1.673585472956028997e-01,4.279068732658150576e-01,1.671480632024354429e-01,7.030827896849524677e-04,2.368834334464616498e-01
7.243913538571471467e-01,1.420277902036155004e-01,5.866732204084978280e-02,3.811236363651992272e-04,7.453241026202242492e-02
8.856791258217552310e-01,6.449211423491924000e-02,1.583546660268829800e-02,1.399037830888001633e-04,3.385338955754844253e-02
8.525272418672080743e-01,7.827902519461063524e-02,1.861906363433312242e-02,1.847132203054767472e-04,5.038995608354267242e-02
9.816846456675202282e-01,1.269608372491168487e-02,1.923630982886645512e-03,2.644879800114121541e-05,3.669190826680281212e-03
9.506383717423978474e-01,3.526047919280700382e-02,8.575121046452287982e-03,1.620828346312058071e-04,5.363945183711732630e-03
7.820679716371773393e-01,1.265201523076765755e-01,6.302973980851007962e-02,1.016228207767817370e-03,2.736590803886812875e-02
4.049517186981481109e-01,1.514264878963687277e-01,4.173705228883340945e-01,9.920690282649250596e-03,1.633058023449987170e-02
3.569375316046197177e-01,2.161441060242076939e-01,3.787490520868067589e-01,4.103481351471605261e-03,4.406582893289424235e-02
3.415170453205813028e-01,1.830213376731820163e-01,3.967437604066994528e-01,3.983017681620868410e-03,7.473483891791631029e-02
3.808265976718185897e-01,1.195390634143470854e-01,3.631978680978265039e-01,8.345795993961933196e-03,1.280906748220459190e-01
3.202989885940321080e-01,1.790069158043902375e-01,3.046140826483194619e-01,4.139532237915146372e-03,1.919404807153430592e-01
1.881805524998126644e-01,1.551861995864612931e-01,1.721866426990130150e-01,3.179080736297024579e-03,4.812675244784159756e-01
1.530225213640678816e-01,1.436732247876557622e-01,1.389627877265070532e-01,2.825233304606796728e-03,5.615162328171625639e-01
1.665099732400325827e-01,4.066384014483849507e-02,9.555900206199979818e-02,2.897110958288847196e-03,6.943700735948403757e-01
1.690046745127767314e-01,1.775383829878191683e-02,2.101122524640861716e-02,9.627786218637964227e-04,7.912674833201689406e-01
2.184160579398568836e-01,1.225285172192851733e-02,8.798185975070852219e-03,4.062987769695667879e-04,7.601266055861741755e-01
3.601490631806996134e-01,1.948323707092647350e-02,4.777334063009466142e-02,1.663501693222946666e-03,5.709308574250563373e-01
2.991336176563463845e-01,1.274753929265488167e-02,2.682281691613142699e-02,1.102922594151086941e-03,6.601931035407163639e-01
2.274235733188297581e-01,9.600825228182863560e-03,6.600015825773784296e-03,3.253074267500184551e-04,7.560502782004635547e-01
1.897984057956092763e-01,1.093566837789599309e-02,9.500838770217397838e-03,3.719831159958928964e-04,7.893931039402815042e-01
1.216756671648669685e-01,1.185662171646525292e-02,1.193356693230332791e-02,3.984176370558756394e-04,8.541357265493085826e-01
1.257036437618313796e-01,6.168021076728829113e-03,6.452132646180540679e-03,3.752704275366856640e-04,8.613009320877226260e-01
1.845731808374450889e-01,1.091380733222126198e-02,1.202357567692398030e-02,6.182499886739029147e-04,7.918711861647358408e-01
1.865108217545087821e-01,2.854187190090985010e-02,3.384307600661425053e-02,1.675721897294922633e-03,7.494285084406719921e-01
2.495286166144018436e-01,3.596345138286901472e-02,5.120464456366874417e-02,2.880949804545284397e-03,6.604223376345150776e-01
3.163458251980512115e-01,6.724673716752307961e-02,9.234478827145779778e-02,7.220579868414564624e-03,5.168420694945533578e-01
5.196013279004110252e-01,8.051986647741987690e-02,1.735005450339392463e-01,1.939312360477101274e-02,2.069851369834589117e-01
6.347529488876433312e-01,1.108785835146137017e-01,1.228335468908890865e-01,1.134976059731541628e-02,1.201851601095385025e-01
4.246745350518346118e-01,2.032961782901376857e-01,1.982137649288268633e-01,8.197953308867009237e-03,1.656175684203338161e-01
3.511226510843140636e-01,1.872778465376915558e-01,3.030852048775716234e-01,9.435775622122190981e-03,1.490785218783006183e-01
3.111687556357972673e-01,6.885458372354968937e-02,1.366698779401394059e-01,5.998642189690394678e-03,4.773081405108233199e-01
3.740864023941271044e-01,6.201238113265879898e-02,7.837183639786544920e-02,3.007471131869004707e-03,4.825219089434795716e-01
5.064024077149064107e-01,6.785720484966868693e-02,8.620838696576753335e-02,6.419141990611594226e-03,3.331128584790457592e-01
3.716030199016395197e-01,9.667277351443702427e-02,7.907628328149557406e-02,4.209628588593567096e-03,4.484382947138342290e-01
1.694656022635175341e-01,1.042162481457906131e-01,6.927070158928423649e-02,2.167273003849984510e-03,6.548801749975576847e-01
8.441115192386376698e-02,4.234777058168183450e-02,2.407757496594758323e-02,9.381309185723156691e-04,8.482253716099347196e-01
6.402810103818096232e-02,3.650601089072448568e-02,3.434827752420680641e-02,8.794861461075554861e-04,8.642381244007801833e-01
3.436104815804941898e-02,1.761094618971461093e-02,2.510821935690767809e-02,9.667201624869750610e-04,9.219530661328414478e-01
9.179742937851981255e-02,1.467559894335581164e-02,2.616446040788448363e-02,2.121255914432907275e-03,8.652412553558072039e-01
2.960568136604531733e-02,1.160485641120236229e-02,9.435246960084025733e-03,4.696010841377034153e-04,9.488846141785305388e-01
3.791104928996709422e-02,3.645798038011835874e-03,8.764691809812489437e-03,4.648721677614333974e-04,9.492135886944472745e-01
1.210353660572223017e-01,1.927521180624809649e-02,1.941442452865813420e-02,1.008110910697146813e-03,8.392668866971741970e-01
1.095093980982700804e-01,2.992144661137543377e-02,5.012176582834534933e-02,3.055879458775483809e-03,8.073915100032336145e-01
7.390529666436049250e-02,1.464870382205249282e-02,1.627061758370709765e-02,1.275255882203949311e-03,8.939001260476759914e-01
1.393141903675259308e-01,1.080012008992798159e-02,5.690680174769219106e-03,5.476471998071322754e-04,8.436473621679695389e-01
1.393725672143225902e-01,2.799566335723508576e-02,2.464571529454152518e-02,1.173729426104056861e-03,8.068123247077967353e-01
1.545856602626853316e-01,5.341400003409825514e-02,9.848855318599721020e-02,3.488375021874560913e-03,6.900234114953445186e-01
1.071749584042590298e-01,4.201246381528760815e-02,4.836228846703428952e-02,1.453604076885570444e-03,8.009966852365333345e-01
2.997076393952559092e-01,4.252147968428861280e-02,8.269426989552773610e-02,3.401440889962657321e-03,5.716751701349650494e-01
4.273746097014978762e-01,3.274351752944028998e-02,7.504914995660018351e-02,4.193197320771001844e-03,4.606395254916907378e-01
2.486887391572099593e-01,4.229121905186707109e-02,2.958707626492283055e-02,1.517337047473617598e-03,6.779156284785267106e-01
1.177070323735681934e-01,2.548476186343699712e-02,1.079046049430982396e-02,4.092117869172340479e-04,8.456085334817677879e-01
6.161249137999677550e-02,1.822423785661931445e-02,5.685667435211821594e-03,1.855696797363667330e-04,9.142920336484358090e-01
5.065147606480117221e-02,3.233531094587116517e-02,1.939190094605723960e-02,5.010415686135840903e-04,8.971202704746570333e-01
4.362695170409727763e-02,1.531696948314501677e-02,8.094486508962217552e-03,2.917518276843283345e-04,9.326698404761111227e-01
3.723864198157468552e-02,1.480956199642817148e-02,6.015549162442425206e-03,1.881466152884462347e-04,9.417481002442661397e-01
1.023619205548277761e-01,2.763094365155293469e-02,1.012606640626843857e-02,3.656901440722583590e-04,8.595153792432786988e-01
1.531690140369364739e-01,4.025792215701162746e-02,3.082793274279217732e-02,1.038505384359250487e-03,7.747066256789003624e-01
1.060171524809426502e-01,4.532582758204259377e-02,3.046297352026181363e-02,9.899266283397089531e-04,8.172041197884132302e-01
1.287946215226460356e-01,6.699132534342998324e-02,5.431794724091335708e-02,1.903316291391983191e-03,7.479927896016187461e-01
8.552336697406968946e-02,9.755931949791074587e-02,4.365071894545202724e-02,7.926224527617245844e-04,7.724739721298058415e-01
1.734521598409239918e-01,1.049577494034047431e-01,1.021507940002440440e-01,5.206637124380645611e-03,6.142326596310464515e-01
1.977044109141269934e-01,1.257311945418296828e-01,1.692455997953561109e-01,1.014267297002634412e-02,4.971761217786608289e-01
9.160064315259046352e-02,1.232104047674485725e-01,1.188696311654705712e-01,4.147962340918768739e-03,6.621713585735716778e-01
7.940596260764345993e-02,1.641871722761281127e-01,1.052196553394691841e-01,2.295723442385724788e-03,6.488914863343735462e-01
4.641381672801810770e-02,1.015886221140894219e-01,4.006144041976891224e-01,1.219329815981191369e-02,4.391898588003914639e-01
6.552201484503845930e-02,5.532214540911887385e-02,2.754461404191043683e-01,1.265806217686982899e-02,5.910516371498686361e-01
1.713076182827094618e-01,2.982691801341460017e-02,2.051698315347710300e-01,2.635537149799803761e-02,5.673402606711067664e-01
1.622094648654552884e-01,3.465233521787832588e-02,1.172960014747318203e-01,9.649295492685033837e-03,6.761929029492494969e-01
9.796259245489191692e-02,6.909808580799742250e-02,1.632992421733085731e-01,6.718950239271145874e-03,6.629211293245308445e-01
1.424325323725505466e-01,8.809255687402792190e-02,1.376203602703478801e-01,4.459157247032498675e-03,6.273953932360410990e-01
1.210403993420843261e-01,1.047897528869542599e-01,1.143749730730481140e-01,2.815027788146308961e-03,6.569798469097670734e-01
8.589900198423897071e-02,1.252922015543923573e-01,8.865615545586719159e-02,1.348081535603905950e-03,6.988045594698976126e-01
4.395924541081716597e-02,1.484694300370034414e-01,7.114392741659360253e-02,8.040419191788327879e-04,7.356233552164069822e-01
7.187555062645790971e-02,7.740531401318616334e-02,6.902349261205370512e-02,1.497387534291196552e-03,7.801982552140110938e-01
1.073824585587205699e-01,5.458649809728443464e-02,3.418397952139238388e-02,8.402672537368935943e-04,8.030067965688656439e-01
1.985762733354321519e-01,1.168022322116426676e-01,1.790614252177770149e-01,5.272496456373268817e-03,5.002875727787750026e-01
2.109214817783552076e-01,8.204109590091092363e-02,2.714737825955209627e-01,1.030371406573683812e-02,4.252599256594759569e-01
1.458414597711651939e-01,7.283842352773235718e-02,9.959980332318146834e-02,3.529718291416761213e-03,6.781905950865042554e-01
2.028560618502068813e-01,9.578802087219526196e-02,6.709969287595431153e-02,2.212123743123714775e-03,6.320441006585199029e-01
1.448507824505542718e-01,4.105846448494968742e-02,1.578833060737392380e-01,1.295003996108593652e-02,6.432574070296707136e-01
1.187935569852915374e-01,7.509036620231093750e-02,8.741886671110206397e-02,3.836797085275923773e-03,7.148604130160195469e-01
1.439337063659116844e-01,1.069435310754149326e-01,6.498540597850063771e-02,1.477433450246681736e-03,6.826599231299261827e-01
1.598637481847460240e-01,6.402867819585202069e-02,7.973340176617976782e-02,1.676792682957837285e-03,6.946973791702645284e-01
5.259510213241352927e-01,5.025199567406279932e-02,2.628470288403569194e-02,9.666971303557965554e-04,3.965455829874103832e-01
3.783928285241132117e-01,1.307509496971598906e-01,1.074571856769869632e-01,3.236139284436799057e-03,3.801628968173031420e-01
4.146955318570411109e-01,1.472422936385085757e-01,2.132858919991561519e-01,6.573316295982404439e-03,2.182029662093117328e-01
3.633512551177756622e-01,1.736548495440668194e-01,1.079517721675861408e-01,2.551913012748768892e-03,3.524902101578225588e-01
3.253056563324035477e-01,2.208725087267671139e-01,1.210325594499743751e-01,1.677708843588797318e-03,3.311115666472660979e-01
1.637486964028197489e-01,1.496777892706608881e-01,5.361840324234456306e-02,5.766130191124331159e-04,6.323784980650624110e-01
1.030701508320937404e-01,2.613936273428057455e-01,7.368317413852237818e-02,4.565729325575831627e-04,5.613964747540205469e-01
1.262477066402735160e-01,2.683313556439925751e-01,8.440943683385349061e-02,4.880993723082506118e-04,5.205234015095723255e-01
1.805255889224770538e-01,2.102521027853595237e-01,1.032021963786114993e-01,5.571712797229522347e-04,5.054629406338290165e-01
1.810487997477365218e-01,8.248082931474344515e-02,5.597245298438054822e-02,5.221054989283679428e-04,6.799758124542110149e-01
1.986400415299682531e-01,8.028237751695860291e-02,5.613444592786874521e-02,6.318437236157894554e-04,6.643112913015886134e-01
1.718883369579772280e-01,5.834429115624726464e-02,3.077177974879979905e-02,4.490180157686195130e-04,7.385465741212070556e-01
1.037973195693232403e-01,9.235818861121843776e-03,4.705244301498384338e-03,1.246965467130046340e-04,8.821369207213434205e-01
1.080597751234651793e-01,3.235041967546677111e-02,9.630376172369330134e-03,1.615052504501595461e-04,8.497979237782482542e-01
1.150535891947384315e-01,5.298023998584455718e-02,3.294798312513259192e-02,4.943734167597460625e-04,7.985238142775246128e-01
1.005048276405823560e-01,2.822578134546908923e-02,1.104650940595580666e-02,2.403382434336011732e-04,8.599825433645591488e-01
1.289211521045610098e-01,4.702212500219764280e-02,2.709723621778172692e-02,5.595365034456020650e-04,7.963999501720140373e-01
1.593111001200093191e-01,2.228267482099149932e-02,7.610008959262790432e-03,2.215234967570013376e-04,8.105746926029794297e-01
2.987335949383372879e-01,2.429172185352566210e-02,1.013218497131490245e-02,3.774030405045440055e-04,6.664650951963175807e-01
3.439681077688608868e-01,3.358279239232370844e-02,2.180566021952684910e-02,9.602321481451394844e-04,5.996832074711434535e-01
1.410123333034443427e-01,7.584845175463388045e-02,4.584106586959907359e-02,1.069703447082819090e-03,7.362284456252397025e-01
2.280300721359868610e-01,5.179600840244256293e-02,3.073162426442940104e-02,9.151134016305718499e-04,6.885271817955105345e-01
1.479876788175682190e-01,4.037969133029958857e-02,1.402555193415235685e-02,3.150914499756004368e-04,7.972919864680041435e-01
1.686932863946182248e-01,6.299051699179218644e-02,5.352061414127717853e-02,1.073009951381536037e-03,7.137225725209307425e-01
1.101574124014850220e-01,3.064650794655577465e-02,3.201310186827811127e-02,9.029948831827678667e-04,8.262799829004984220e-01
1.258008102326266808e-01,3.326493746370112747e-02,2.053989849558567060e-02,6.179311950006664963e-04,8.197764226130859200e-01
1.354115047043937259e-01,4.634353039414110254e-02,3.916781449340363264e-02,1.112570873705738842e-03,7.779645795343557158e-01
9.903418333600366719e-02,1.580907852653443829e-02,8.063917400220608697e-03,2.291841576002812478e-04,8.768636365796411702e-01
7.960514568173414351e-02,1.887035133186105301e-02,5.795116534409004358e-03,1.463797503682053448e-04,8.955830067016277152e-01
3.150470494411521383e-01,2.797300083288578945e-02,6.179750910724110188e-03,1.554486134227085769e-04,6.506447502018153362e-01
1.681696593245713134e-01,5.655750147725609883e-02,6.229158051701684518e-02,9.088269954765983453e-04,7.120724316856791303e-01
1.146346085523073655e-01,3.096541831609685505e-02,2.057002838955220361e-02,2.400335137672750447e-04,8.335899112282763035e-01
6.745704182469440535e-02,6.483299150407662026e-02,3.004147092236635064e-02,2.505389629450984618e-04,8.374179567859175721e-01
6.540531203633033475e-02,5.580712483207517227e-02,3.539931102047158551e-02,4.369324117994761482e-04,8.429513196993233537e-01
8.139806315061759445e-02,1.172928324718618825e-02,9.777123489617501467e-03,2.128655213281690725e-04,8.968826645912506557e-01
1.523416772826790555e-01,2.565643895798675259e-02,7.007674644228981120e-02,2.839619651480238070e-03,7.490855176655643044e-01
6.439138407474499504e-01,2.787496602954476349e-02,6.913272433880258971e-02,3.460349569963547863e-03,2.556181193142392227e-01
8.601684675976460914e-01,3.062042108191185413e-02,4.910899927183028091e-02,1.801043522934932120e-03,5.830106852567690928e-02
6.195209169109869851e-01,7.194035523826022849e-02,4.521259624498316643e-02,7.926528259877799361e-04,2.625334787797817815e-01
7.933414682583467270e-01,2.544489414594601137e-02,4.104901114080608537e-02,1.386001939168973046e-03,1.387786245157321408e-01
8.455426178481042498e-01,2.272271865122675247e-02,5.966827722617712437e-02,3.937418062893083791e-03,6.812896821159881988e-02
9.129273188293031138e-01,5.896705076532614796e-03,1.003332166037815103e-02,1.158075460647510751e-03,6.998457897313858922e-02
8.155943201041170321e-01,1.492522979329766186e-02,1.770481169586455433e-02,2.056792400878873061e-03,1.497188460058419546e-01
9.455419093131508523e-01,1.695837860938024730e-02,9.027749902796229978e-03,5.379882438060370857e-04,2.793397393086658256e-02
9.903837922346919731e-01,4.100548517067487651e-03,9.943949604971980601e-04,5.964964085256192603e-05,4.461614646890706831e-03
9.912640236437059160e-01,3.716677223747775344e-03,6.566176832778264274e-04,3.469595368324761330e-05,4.327985495585206024e-03
9.894093369514151970e-01,3.961574246328695981e-03,5.058613777221300772e-04,2.824232914598630967e-05,6.094985095387956027e-03
9.813760963475357535e-01,8.778942538653827787e-03,1.055760687351730643e-03,5.038318151059939938e-05,8.738817244948135846e-03
9.461400952297815969e-01,1.330580493273395871e-02,2.179404959551466733e-03,1.446781389673432476e-04,3.823001673896572056e-02
8.047553775922429153e-01,7.216413901902958561e-02,1.166225854109308874e-02,4.146861572933215902e-04,1.110035386903411858e-01
8.871795050947488548e-01,4.627880007751361546e-02,5.700834961969113851e-03,1.351085827204580357e-04,6.070575128304782353e-02
9.409524222455988296e-01,2.406767653445901836e-02,1.484878751246503439e-02,1.334082416498782835e-03,1.879703129097834088e-02
9.453424866878611388e-01,2.645728023125558034e-02,1.741704113010195815e-02,1.505537328392629213e-03,9.277654622388685490e-03
7.729338815033746091e-01,8.517341083979788896e-02,1.254224244634505880e-01,7.013484357266312405e-03,9.456798836110627549e-03
8.495602530130971219e-01,4.105350969295980257e-02,9.796358678597441583e-02,7.236361895720028713e-03,4.186288612248695133e-03
6.804023997891790465e-01,6.720982388328786139e-02,2.130765105978059681e-01,1.499980455720871519e-02,2.431146117251842612e-02
5.445786592708772300e-01,6.814952959231380947e-02,3.293314140792142353e-01,3.101777219325474108e-02,2.692262486434007784e-02
6.306071591501567486e-01,1.553345344630757130e-01,1.806915413484238286e-01,5.608494642462942548e-03,2.775827039588077069e-02
8.743062649445897394e-01,2.402369072333107938e-02,1.712164661342772606e-02,1.113638084534153243e-03,8.343475963411736696e-02
7.654207306233110630e-01,9.640344915817386506e-02,2.648612870648665851e-02,5.981166826519728093e-04,1.110915748293763439e-01
8.722197187787866790e-01,3.704257920471194787e-02,4.302646998842944367e-03,1.071028072946047469e-04,8.632795221036369815e-02
9.573190009256575816e-01,1.010668211846134541e-02,9.102112186181721392e-04,3.034688176311458826e-05,3.163375885549964128e-02
8.736865450071567007e-01,2.945091608763197866e-02,2.246603087185799607e-03,4.960544553576383734e-05,9.456633037248989015e-02
8.541659839143999067e-01,2.147929883972579321e-02,1.734358395759739947e-03,4.956850636552255490e-05,1.225707903437491392e-01
9.098539265488401195e-01,1.823850131839833272e-02,8.535055783954483520e-04,2.542912129138132706e-05,7.102863743307458178e-02
9.623824922453735331e-01,5.590454567359880340e-03,4.158495702558590089e-04,1.702597443110565658e-05,3.159417764257958089e-02
9.878825348650963623e-01,1.857780913556315080e-03,1.433428573706443943e-04,7.916135244552307678e-06,1.010842522873207396e-02
9.989921998919928381e-01,4.664055221463334717e-04,3.216539759014436863e-05,2.145034655594647023e-06,5.070841536150206457e-04
9.979830835205698580e-01,9.795003981277669840e-04,4.520185442118537035e-05,3.794438079767285432e-06,9.884197888012740112e-04
9.987876186163497927e-01,7.117267646127454963e-04,2.455882534279438736e-05,2.061120599596360665e-06,4.740346730950483075e-04
9.975938293097950105e-01,1.563688644973495112e-03,4.447225768885829941e-05,3.442768442296109983e-06,7.945670191002379224e-04
9.695980030329007793e-01,1.287221661138881514e-02,2.829162319747761120e-04,1.487163997069692176e-05,1.723199248376490467e-02
9.666976167839781420e-01,7.387405781952567467e-03,2.554619164547429445e-04,1.598711392599070944e-05,2.564352840368857092e-02
9.498605887129575320e-01,1.520363145947342502e-02,3.544815004857105700e-04,1.620608615888671021e-05,3.456509224092420979e-02
9.878311905568941675e-01,4.107435498880576165e-03,1.268271087170324846e-04,8.428552112985798970e-06,7.926118283395169536e-03
9.847690259921964007e-01,5.394521314878851503e-03,1.679259696774090360e-04,1.117419964778490708e-05,9.657352523599341959e-03
9.568222614704905427e-01,6.240011923186014782e-03,2.158034413354820288e-04,1.662328519814442127e-05,3.670529987978990438e-02
9.189875709839780971e-01,8.631656466887733040e-03,3.046332970336583122e-04,2.507113974668555496e-05,7.205106811235389985e-02
9.759551898657271574e-01,4.274881925668716498e-03,1.522804691438211480e-04,1.120840954120650484e-05,1.960643932991914043e-02
9.402277128703147024e-01,9.114680528915649130e-03,2.733486867621394249e-04,1.674820608393760718e-05,5.036750970792348847e-02
8.935752678450965547e-01,1.355569403160964900e-02,3.731041440384640692e-04,2.028077415635164290e-05,9.247565320509887332e-02
9.067984690004927684e-01,1.187478758526099541e-02,4.039151525404708937e-04,1.961427750922818138e-05,8.090321398419648979e-02
9.707735847264098439e-01,6.283228649594780821e-03,2.402247375560243210e-04,1.185386431554203625e-05,2.269110802212382164e-02
9.591758277071561478e-01,3.660369867010132214e-03,1.346181664892260558e-04,8.522065370683354482e-06,3.702066219397390223e-02
8.317084843690942808e-01,1.038383873019701337e-02,4.790390370406916458e-04,2.030020261513687619e-05,1.574083376610528329e-01
8.830413105308365651e-01,2.246895790953549327e-02,8.064889292000206999e-04,2.144699388389630969e-05,9.366179563654422613e-02
8.004062416830006743e-01,1.630850601356017421e-02,8.542479060608967022e-04,2.756346195874018556e-05,1.824034409354194086e-01
4.564102916166272728e-01,2.987168789430220267e-02,1.452879445906183524e-03,4.145690209959995297e-05,5.122236841410646724e-01
3.207453218502630543e-01,1.611120315242593401e-02,1.052468765292754495e-03,3.807613747196263903e-05,6.620529300945463547e-01
5.036581178414540894e-01,4.603919103720243919e-03,3.194345734717196064e-04,2.200412518421204436e-05,4.913965243561697616e-01
3.407721526425681602e-01,3.271928594384910984e-03,2.878288897210645736e-04,2.357100502761104349e-05,6.556445188682982206e-01
1.683714438972468697e-01,4.589411253122211397e-03,4.537779154479709438e-04,2.266663491215976266e-05,8.265627002992707029e-01
1.319486035608685437e-01,2.863661280414508004e-03,3.118965358929115181e-04,1.642379992444431571e-05,8.648594148228995193e-01
1.597917470934794859e-01,5.312119907644970163e-03,4.188473229701292883e-04,1.920929178441490288e-05,8.344580763841208393e-01
1.562358922294871388e-01,8.079568124030005530e-03,4.261995215180574615e-04,1.440233986407751783e-05,8.352439377851007540e-01
2.116073646186674984e-01,1.075290514633225891e-02,5.430068409156982518e-04,1.709230847479817000e-05,7.770796310856096234e-01
5.248434709892487726e-01,1.338584656303378959e-02,4.897230741689255181e-04,1.619031136670725447e-05,4.612647690621818342e-01
4.203909821501654598e-01,1.832298478106624690e-02,6.544230960612916308e-04,2.391135319910375184e-05,5.606076986195079881e-01
2.538125468173555999e-01,3.070921755381562576e-02,1.090737983003078285e-03,2.190326442817779997e-05,7.143655943813974618e-01
4.757108802991626417e-01,1.977862100654184316e-02,7.752733231351006428e-04,2.009916904899441259e-05,5.037151262021115627e-01
8.078452539355372997e-01,1.494295544717040049e-02,5.965287392552590367e-04,2.196510454215770032e-05,1.765932967734949455e-01
7.233323127464615920e-01,4.032693588563717596e-02,1.367093095680962066e-03,3.390969881945869713e-05,2.349397485734007196e-01
3.970049960732121019e-01,1.052792139997404119e-01,3.168273476005731455e-03,5.294648012527575004e-05,4.944945699709165643e-01
1.539365012157500878e-01,4.903224693952051849e-02,1.925944294730690771e-03,3.278826075971536636e-05,7.950725192892389437e-01
7.195459986530239327e-01,5.892084011963619194e-02,2.853799041292184261e-03,5.704126253963340303e-05,2.186223209235081399e-01
6.126551943747193807e-01,9.269910319893431838e-02,9.173546665873916206e-03,1.254814435477526581e-04,2.853466743169247311e-01
3.646047608888203229e-01,7.460906164341216118e-02,6.025705030461431244e-03,8.265119679427433610e-05,5.546778212405119035e-01
1.890149986825823691e-01,8.355219511606018501e-02,5.094206317905609384e-03,4.735150552590830579e-05,7.222912483779260207e-01
7.095327942988222114e-02,1.452337928638009618e-02,8.813827786361862334e-04,1.055255118845928493e-05,9.136314059539131227e-01
5.972933890001773383e-02,2.051721576696326557e-02,2.181950982558489641e-03,1.872540152080191903e-05,9.175527689489398897e-01
3.766018263616393441e-02,2.991095862261292093e-02,2.708606814520281205e-03,1.840747670601433893e-05,9.297018444499968171e-01
6.157673495458063778e-02,6.996627510959654850e-02,5.256377221273735023e-03,2.757535795247601580e-05,8.631730373565965619e-01
9.042513196424856181e-02,4.781396000737332674e-02,4.117691160177452611e-03,2.714910019052787504e-05,8.576160677680099154e-01
2.272740700436962080e-02,1.506365717664515450e-02,1.510731612511088907e-03,1.217652055878122573e-05,9.606860276859153780e-01
2.586250955474538385e-02,1.716137450237822243e-02,1.517471602988866575e-03,1.098359159319628174e-05,9.554476607482943473e-01
1.542132864408931880e-01,3.287810580081832607e-02,3.345150029224669419e-03,2.813954462979118945e-05,8.095353181844340273e-01
8.531193117374537005e-01,1.815760482067622569e-02,9.657984503592130553e-04,1.621638246558451424e-05,1.277410686090451886e-01
9.211044206715636173e-01,2.976321896651658652e-02,1.262444011869119772e-03,1.603039414470506748e-05,4.785388595590599203e-02
9.872834656005331500e-01,6.980094000111204504e-03,3.057483689073539927e-04,4.780891561909752801e-06,5.425911138886256938e-03
9.919935593647520866e-01,3.534710991611584013e-03,1.102924416416208373e-04,3.319594976294461197e-06,4.358117607018523881e-03
9.873145444238258239e-01,5.745840572639991303e-03,2.121705608138996831e-04,5.182545229597632983e-06,6.722261897490713900e-03
9.409493209794164148e-01,1.237155246239739215e-02,7.493225023602883162e-04,2.132183240739206367e-05,4.590848222341852025e-02
9.587761847290583450e-01,1.579808236105139860e-02,6.232233885789314077e-04,1.484405135282471154e-05,2.478766546995853082e-02
9.811931467947221375e-01,7.329935565923610154e-03,2.170189838606495817e-04,6.720524460046044362e-06,1.125317813103347483e-02
8.563031626142885155e-01,2.786611113554664926e-02,6.792520443032992912e-04,1.756258183494953935e-05,1.151339116240264471e-01
8.496282684552093345e-01,4.887144859094030847e-02,2.223690836761545858e-03,4.061008109421077950e-05,9.923598203599469370e-02
8.121718905416546175e-01,2.114863329865167979e-02,8.649492394705868628e-04,2.355958349186510446e-05,1.657909673367312375e-01
9.117582065499765243e-01,2.191069714135927132e-02,5.824942661045685258e-04,1.316314847884098863e-05,6.573543889408078877e-02
9.445949151205063066e-01,1.390918302448190466e-02,2.796565277586564725e-04,8.662402974053791938e-06,4.120758292427918051e-02
9.835142663886689007e-01,5.444311262248644964e-03,1.374808888159837221e-04,4.937069676641176233e-06,1.089900439058992185e-02
9.862763219236779788e-01,5.471666944784577859e-03,1.074101395222863735e-04,4.534173923135189098e-06,8.140066818091911544e-03
9.833514582504369050e-01,7.928139171740278962e-03,1.569983237088401864e-04,5.128518019691282582e-06,8.558275736094227842e-03
9.926842559538489041e-01,2.648301947027856349e-03,8.003842533289540456e-05,3.876624473975161524e-06,4.583527049316405561e-03
9.862647902669060551e-01,2.475194682793758170e-03,8.271076527071107118e-05,5.096138238281257514e-06,1.117220814679126435e-02
9.593115080511122050e-01,1.021757929443848148e-02,2.288894208804353992e-04,1.097722386489712465e-05,3.023104600970388800e-02
9.345180978105780412e-01,6.429606503371499034e-03,1.531134509274886227e-04,1.075175360003802029e-05,5.888843048152293813e-02
9.870903743869450242e-01,1.751769591529854205e-03,4.923954912334939230e-05,3.993943608488234662e-06,1.110462252879326935e-02
9.945033000212374352e-01,1.479755955275582728e-03,3.629420936389124967e-05,3.221005174634278684e-06,3.977428808948421136e-03
9.282329209319850616e-01,1.333054995104019508e-02,2.212880323060931978e-04,1.243512610851165450e-05,5.820280595856010264e-02
9.866726773757965585e-01,4.066214139721262624e-03,7.909497494823013815e-05,4.993825717528035633e-06,9.177019683816432100e-03
8.405425380338630292e-01,1.119793681714846209e-02,2.714977861188367400e-04,2.195251324048743872e-05,1.479660748496291200e-01
8.517178665215675570e-01,5.531955132152692294e-03,1.674935524622072518e-04,1.584091885521258719e-05,1.425668438749622402e-01
8.161129074653056259e-01,8.944596154453688525e-03,2.461055903970176678e-04,1.651460023531445964e-05,1.746798761896082575e-01
7.106984899135833089e-01,1.568973355524498972e-02,4.187458980275938461e-04,1.888238073631701250e-05,2.731741482524077114e-01
7.596259897644028758e-01,9.709088434949789126e-03,2.992683974950789477e-04,1.943955413737440227e-05,2.303462138490148803e-01
9.140816624079779462e-01,3.990129280572939259e-03,2.296087786452937374e-04,2.321717985043855278e-05,8.167538235295346283e-02
9.864841258346009889e-01,2.490156902719259466e-03,1.212461703520618136e-04,1.065305220331856492e-05,1.089381804012442244e-02
9.729099363790897348e-01,3.795608039732579434e-03,1.041879964905903039e-04,1.090988808417188068e-05,2.317935769660293618e-02
9.732984069692005580e-01,4.420698759366696075e-03,9.828680422190600309e-05,8.107260078441918790e-06,2.217450020713244291e-02
9.744260832019774332e-01,8.798102976819356658e-03,3.019660560864167900e-04,1.898915015406631892e-05,1.645485861496263913e-02
9.818952950303304616e-01,7.270598182439568305e-03,2.020263122645256587e-04,1.235175199462263124e-05,1.061972872297072164e-02
9.844754702092090026e-01,8.566438842078858903e-03,1.723634912148353036e-04,9.727892280352999727e-06,6.775999565217032464e-03
9.930042933840014241e-01,3.757882233470475307e-03,1.195948911605056669e-04,7.775067056197238643e-06,3.110454424311447433e-03
9.357529948548558574e-01,2.025167905122859588e-02,5.682035405696513053e-04,2.278513665792399357e-05,4.340433741668788675e-02
9.256915070953275482e-01,1.139990153578351005e-02,3.566161904867615933e-04,1.742452249203302206e-05,6.253455065591004280e-02
9.260065541367973330e-01,4.028796455758992812e-02,2.777029903489663595e-03,6.424777159399121132e-05,3.086420363052905930e-02
9.750453590276695337e-01,1.782193825220481503e-02,1.608831180145580547e-03,5.416276613122908271e-05,5.469708773848874078e-03
9.888538148608989609e-01,7.755379289238876518e-03,1.271738721476606878e-03,7.902857803825433626e-05,2.040038550347390151e-03
9.740750705754329664e-01,1.747066655136036289e-02,4.896837832135819690e-03,3.681850878997222631e-04,3.189239953171035553e-03
9.736726087087257397e-01,1.299658433922000131e-02,4.316209329493383637e-03,3.978477203153270260e-04,8.616749902245538634e-03
9.624039323608095664e-01,2.131688028396344289e-02,7.511815738488330195e-03,4.668614153412631198e-04,8.300510201397298671e-03
9.789442881618503067e-01,1.110922024054963354e-02,4.106272739027938025e-03,2.789474864407724664e-04,5.561271372131328800e-03
9.867894882196853734e-01,7.794032584691318148e-03,3.607389098754874845e-03,1.940030465358265083e-04,1.615087050332640693e-03
9.758889459920010445e-01,1.552066834633386919e-02,7.377486554236423189e-03,2.545642132979936720e-04,9.583348941307780200e-04
9.790540178825779538e-01,1.591803686624193581e-02,4.302797830681495510e-03,1.214931058132636386e-04,6.036543146854729015e-04
9.633019950401713327e-01,2.440362047203981088e-02,1.094653182770440221e-02,3.656086892838340168e-04,9.822439708007421437e-04
9.798496443128863476e-01,1.296421564135648991e-02,5.228689185194448225e-03,2.327514755366026167e-04,1.724699385026125025e-03
9.935595700769750405e-01,4.402463862035420165e-03,1.072703196539011132e-03,5.917142812303675053e-05,9.060914363274359153e-04
9.978094387130340692e-01,1.570009452857344320e-03,2.691216547600183261e-04,2.494181282392178724e-05,3.264883665246912352e-04
9.956262784577395442e-01,2.449018308615577826e-03,4.359992127375441717e-04,4.709852192282767855e-05,1.441605498984605471e-03
9.967663029640803085e-01,2.250551873580088416e-03,4.114518795688511992e-04,4.851027284470066451e-05,5.231830099259829770e-04
9.971566486571596943e-01,2.151068913747582710e-03,3.992044120778870668e-04,4.394060178073969016e-05,2.491374152340347886e-04
9.881261260620194387e-01,8.898835732326847506e-03,1.594696282585705751e-03,1.393405270440047701e-04,1.241001396024100922e-03
9.654289835837301936e-01,2.689047915128449720e-02,2.781205595838272954e-03,1.361736715065957023e-04,4.763157997640476808e-03
9.910266192121877094e-01,7.215244082267255506e-03,7.749816666819906450e-04,3.200676681864732845e-05,9.511482720442808415e-04
9.871240005989615485e-01,9.858773377532858637e-03,9.897708985466991283e-04,4.998921116868596345e-05,1.977465913790169699e-03
8.418270940970443705e-01,9.035174915436149090e-02,8.075045360052171550e-03,2.354932797715146879e-04,5.951061810877054242e-02
6.787836396748534451e-01,8.549879035257652860e-02,1.414309424950417442e-02,4.749846878642004049e-04,2.210994910352016007e-01
6.303522963933687606e-01,7.984179572527520807e-02,3.715246145023436836e-02,1.187957514256081631e-03,2.514654889168656537e-01
6.242385629750955012e-01,3.431907373141831336e-02,2.492997498276067550e-02,1.363430890300042350e-03,3.151489574204254795e-01
4.257172577083406240e-01,2.436013567240002606e-02,4.823626072332029557e-02,3.256450847559413855e-03,4.984298950483795898e-01
4.318448796857297656e-01,1.281544233276847751e-02,1.434658316344744264e-02,1.231886587122487742e-03,5.397612082309317660e-01
3.414687280923313084e-01,9.515747404164668494e-03,1.214725543253526024e-02,8.196178832241903141e-04,6.360486511877445626e-01
2.759044339178117755e-01,8.968622284836424291e-03,9.413381188783039727e-03,5.924479098025056461e-04,7.051211146987661493e-01
2.417174684573335508e-01,9.541064662688163167e-03,1.055363260465788655e-02,5.062414714273366688e-04,7.376815928038931158e-01
1.934402686679115302e-01,1.108374409833640627e-02,1.044612731332459840e-02,4.800246391621381032e-04,7.845498352812653176e-01
1.469774970512702228e-01,1.033935327532918037e-02,1.840711488005109323e-02,6.011881816936388715e-04,8.236748466116559086e-01
2.144242176319631488e-01,8.065409623124039293e-03,1.401594156684035121e-02,7.264148610106807092e-04,7.627680163170618144e-01
5.999845944961232913e-01,1.818018948768044749e-02,2.608599518403028131e-02,1.770304356638014364e-03,3.539789164755279272e-01
4.893043456154912429e-01,2.165315684037355873e-02,3.580450479643940837e-02,3.275523975051786510e-03,4.499624687726440642e-01
4.923601667591510633e-01,3.931633297659632709e-02,3.215600193792970268e-02,2.010243997712357709e-03,4.341572543286105201e-01
3.379554172324023553e-01,7.073854945069107947e-02,8.318280872449340668e-02,2.898318788942942648e-03,5.052249058034702367e-01
1.229773692964732240e-01,9.168181579652825985e-02,4.950846943618288087e-02,1.073462787977419496e-03,7.347588826828381769e-01
1.077819632770053021e-01,4.158071724178457468e-02,1.162064707194417346e-01,3.180241305536081996e-03,7.312506074562322711e-01
6.827653659347618365e-02,4.070546066647562355e-02,9.889384188540178977e-02,2.946311449358570821e-03,7.891778494052879012e-01
8.752223500423531033e-02,2.452248900278977684e-02,9.095843254347962814e-02,3.921914315052038580e-03,7.930749291344432184e-01
1.296097486448430369e-01,2.073197163621431222e-02,4.379814187156064187e-02,2.586511193250061024e-03,8.032736266541319337e-01
1.655958127966409565e-01,1.298881616109473676e-02,2.792667029115783808e-02,1.569290481443794648e-03,7.919194102696627269e-01
1.917148761838083637e-01,2.805915353270194146e-02,4.639011563065714022e-02,2.122001805982530812e-03,7.317138528468499770e-01
1.484728933514163352e-01,5.227041410232022289e-02,8.512702857474679918e-02,3.346720761662053817e-03,7.107829432098546896e-01
1.521719881055239032e-01,4.728977976836713087e-02,5.427619844189039700e-02,1.854783507530519820e-03,7.444072501766878514e-01
1.793790290068318083e-01,5.925643673045742632e-02,7.664991291322248435e-02,4.508649575438859747e-03,6.802059717740494005e-01
1.059443546888597099e-01,1.358287340207117444e-01,1.736807969146422770e-01,4.344761683847197554e-03,5.802013526919390651e-01
1.232153541463067159e-01,9.591432299081734114e-02,1.311604642371746454e-01,4.348986771155577760e-03,6.453608718545458256e-01
9.346123899069921914e-02,5.799510531584300965e-02,3.062736650191185683e-01,2.216269397385485507e-02,5.201072967004845005e-01
7.897489418144343354e-02,6.972702564484530019e-02,4.080983135430262254e-01,2.185037728727116241e-02,4.213493893434137605e-01
1.538148957774500003e-01,5.394299701398114211e-02,3.946397697816146355e-01,1.678193684097577937e-02,3.808204005859784913e-01
1.277394897371414706e-01,6.713392427689104935e-02,4.431805842123296424e-01,1.349180483351257454e-02,3.484541969401253603e-01
1.609277911902720071e-01,7.996535871080910629e-02,2.717562287571241852e-01,9.598706902947699501e-03,4.777519144388469030e-01
2.195694190392792344e-01,5.323335746680727537e-02,2.482825985805824642e-01,1.149293349297165340e-02,4.674216914203594420e-01
1.425639952227365503e-01,6.532886916960121970e-02,2.840787314578948619e-01,9.049026868365641491e-03,4.989793772814017925e-01
1.494967414573459552e-01,5.490633261297415968e-02,3.300996886938591390e-01,1.497683804243289674e-02,4.505203991933878771e-01
1.562035013305057563e-01,7.643204074223704236e-02,2.774279469672267795e-01,9.471492503495805571e-03,4.804650184565346094e-01
1.369609587515294158e-01,5.581633699565466400e-02,1.275677371895180823e-01,3.547933184861593557e-03,6.761070338784362921e-01
8.806860604148981919e-02,5.328880526498527836e-02,9.536851627959404276e-02,1.916016991967091788e-03,7.613580554219636642e-01
4.712875560210267462e-02,3.665617207875940253e-02,4.722420697026369352e-02,7.399524093869892533e-04,8.682509129394873071e-01
2.848611908644392565e-02,4.023456273055542320e-02,6.019580824072831571e-02,8.410799855490707407e-04,8.702424299567234067e-01
3.020222162149771572e-02,4.162135335716000972e-02,2.452135222892084521e-01,3.903387497864042009e-03,6.790595152342698837e-01
3.379595677655779923e-02,2.065737283932273655e-02,3.796745986921388760e-01,8.388042924298013195e-03,5.574840287676825490e-01
5.632966318582268567e-02,3.167907298741215461e-02,3.345977314569414385e-01,1.099047402955816675e-02,5.664030583402656083e-01
6.556008985950399770e-02,2.801703031729060184e-02,4.135763128729207372e-01,3.181822483158715242e-02,4.610283421186974206e-01
9.033683509263724931e-02,6.702976873417608450e-02,3.762327847277338044e-01,1.629645561781857890e-02,4.501041558276343557e-01
1.318685978577106288e-01,5.406343017566859338e-02,2.408002731697914123e-01,1.352847375431330372e-02,5.597392250425160531e-01
8.159810008611671772e-02,6.513130829680097156e-02,4.413185482596754805e-01,1.685853875248933403e-02,3.950935046049176558e-01
3.453474649153034232e-02,4.549861356144668800e-02,3.432381776416431052e-01,1.626676579700800027e-02,5.604616965083719649e-01
4.433842902979611561e-02,2.278443413395863162e-02,2.829856034968158962e-01,3.473199002563502613e-02,6.151595433137941882e-01
4.364590147279860666e-02,3.232034046052618265e-02,2.053339934498066843e-01,1.304500583895258810e-02,7.056547587779159469e-01
