3.560679627116083296e-02,3.363989882914088236e-02,8.271404649165484679e-01,9.887610621854814319e-02,4.736733764601703915e-03
1.271472215082314339e-01,8.639683484363772092e-02,7.542300206173138122e-01,2.852931374852640117e-02,3.696609282290582842e-03
3.851174920172589083e-02,1.263327776164381855e-01,8.244131498638807010e-01,8.632838424282151396e-03,2.109484893673079994e-03
3.414025486725698333e-02,4.862117661447939304e-02,8.966709563344736900e-01,1.970815835445606512e-02,8.594538293340755206e-04
3.453059665531107991e-02,4.423281321950767175e-02,8.842350472577635845e-01,3.620034859303164487e-02,8.011942743860023903e-04
3.034711579984200949e-02,5.004250676022131000e-02,8.961815450620433943e-01,2.311308842341052230e-02,3.157439544829232026e-04
4.100462796017977779e-02,5.111483284112984526e-02,8.684813609515703581e-01,3.897239875294935402e-02,4.267794941706037578e-04
3.391415185740043886e-02,5.698144137694426126e-02,8.811043508211601205e-01,2.768061343726549786e-02,3.194425072295663682e-04
2.053050717638198880e-02,5.148870551675544666e-02,9.080084417557393595e-01,1.965546863896163593e-02,3.168769121616472201e-04
1.884184749894624381e-02,5.165956449195788225e-02,9.014493755078493153e-01,2.769754633798533414e-02,3.516661632611585431e-04
2.318412371715776812e-02,7.313190478908232484e-02,8.814048804145674376e-01,2.173811278889338852e-02,5.409782902992500350e-04
3.021226107261550456e-02,1.228658075208622080e-01,8.268350139705674673e-01,1.798631882870511262e-02,2.100598607249707511e-03
3.928409103817235432e-02,1.083957560303787926e-01,8.349306182380523689e-01,1.621467973426510278e-02,1.174854959131389027e-03
1.898217899349706819e-02,6.703870053451932431e-02,8.973350672294095887e-01,1.606618755622651537e-02,5.778656863474613929e-04
1.779117906182713441e-02,9.380079041881296542e-02,8.806605388371216980e-01,7.301435470767721897e-03,4.460562114707687523e-04
2.838629185855003068e-02,1.074435097845196779e-01,8.553094788908787161e-01,8.169589629946344758e-03,6.911298361053797717e-04
1.957838388869220445e-02,6.103814328375897769e-02,9.085261878541763814e-01,1.048261217878179198e-02,3.746727945906507028e-04
1.631026361442063782e-02,4.794745327943335939e-02,9.217232022894774612e-01,1.375501606646865015e-02,2.640647501998710811e-04
1.380012148137596019e-02,5.162533870140655762e-02,9.224558812112486628e-01,1.188319612743552085e-02,2.354624785333359798e-04
3.549862205534373705e-02,7.853113971176486907e-02,8.711000448440551214e-01,1.440696778557708918e-02,4.632256032592115707e-04
3.134054619444191780e-02,1.226744470755086747e-01,8.311595778088078923e-01,1.413973170021239588e-02,6.856972210290304508e-04
2.584702572897651027e-02,1.369669090217677243e-01,8.243572285346407735e-01,1.166780693560904442e-02,1.161029779006035514e-03
3.654959892959124684e-02,1.094260742438074308e-01,8.337925066591157508e-01,1.931724484296928196e-02,9.145753245162659010e-04
5.082710457126899534e-02,8.144275177444029734e-02,8.429401463997336919e-01,2.427756990954906685e-02,5.124273450080536795e-04
2.259932720137886042e-02,5.642201018786249106e-02,8.917865577620942563e-01,2.890663270784555455e-02,2.854721408187037507e-04
3.579919316997566547e-02,1.165511329632002158e-01,8.376322581461290717e-01,9.199990207290545743e-03,8.174255134045017336e-04
7.137017340009239874e-02,1.959035896177342695e-01,7.214928955117928533e-01,8.800585313526338230e-03,2.432756156854064787e-03
3.787530148675917474e-02,1.465379791969171341e-01,8.040603820220429965e-01,1.039885197611442949e-02,1.127485318166165408e-03
1.115978501508496645e-01,1.868371909954725241e-01,6.904018002846962210e-01,9.579645459782473726e-03,1.583513109199248536e-03
3.078052153777399158e-01,1.718845502901857336e-01,5.024921012804633991e-01,8.248384237751789708e-03,9.569748813859175682e-03
1.182215989531398420e-01,2.199716165932275036e-01,6.503528201143899956e-01,6.903189664734777319e-03,4.550774674507865845e-03
1.532127863197068895e-01,2.816339797564824665e-01,5.553508110623034399e-01,3.797360578378951128e-03,6.005062283128271075e-03
9.653665738235447935e-02,3.152289695018984927e-01,5.779788678544375280e-01,4.042219185780216405e-03,6.213286075529365036e-03
1.010636382759972085e-01,3.172852527142676071e-01,5.734890782786361552e-01,3.775963777536638175e-03,4.386066953562381063e-03
6.645567620567002787e-02,2.725603816694194825e-01,6.548409345118207936e-01,3.764962342445671815e-03,2.378045270643996002e-03
5.314054412536005356e-02,2.512914089912149374e-01,6.906659919963888949e-01,3.542196492173466972e-03,1.359858394862794402e-03
3.489895138866157959e-02,3.118171589920685771e-01,6.481868993251199695e-01,2.937572437867383684e-03,2.159417856282484435e-03
3.330257502120638480e-02,1.920861067673455269e-01,7.697522323575241021e-01,3.991873866357065898e-03,8.672119875668367946e-04
2.248919130146821710e-02,2.191933655412360016e-01,7.548164834644791599e-01,2.581076903657635122e-03,9.198827891588464648e-04
3.390898594720978543e-02,2.171338187743023229e-01,7.442367151967405059e-01,3.124562223707812690e-03,1.595917858039507149e-03
3.098847641331900493e-02,1.599532591855511166e-01,8.026075453972010276e-01,5.251754128630984307e-03,1.198964875297966765e-03
2.182391169660937574e-02,1.166137318128328410e-01,8.552785995712182121e-01,5.605239894228286612e-03,6.785170251114549167e-04
2.567674476128544228e-02,1.237073752249110564e-01,8.447795180036645757e-01,5.118006642870096164e-03,7.183553672686998843e-04
2.317569998510965457e-02,7.461243634741798747e-02,8.908112279557569568e-01,1.030425746463207309e-02,1.096378247083335412e-03
7.178675632884141955e-02,1.190729558433473584e-01,7.951467594710409648e-01,1.212878953447204047e-02,1.864738822298077185e-03
4.807503896610199751e-02,1.478894496947648907e-01,7.921711892351182005e-01,1.045582939547707452e-02,1.408492708537932656e-03
4.201682843099239367e-02,1.174480466546575369e-01,8.304291207704408428e-01,9.319583155088108362e-03,7.864209888210633558e-04
1.669677757378079316e-02,9.340771219171184470e-02,8.826626955667536967e-01,6.839934930491875162e-03,3.928797372617108866e-04
1.127504033106728823e-02,7.089958009347385737e-02,9.099773656001638455e-01,7.493309710296250717e-03,3.547042649987026258e-04
2.739755685182673414e-02,8.919125701956234775e-02,8.743324323015486677e-01,8.619361964127700282e-03,4.593918629344928713e-04
3.486486036731924892e-02,1.237873788682416765e-01,8.329090727824765006e-01,7.883870986188902530e-03,5.548169957736244409e-04
2.361553729510453004e-02,1.422233075844248074e-01,8.273481048452314690e-01,6.093293009704577046e-03,7.197572655345761119e-04
3.020535324947834846e-02,1.873567317951680411e-01,7.759433279272356376e-01,5.318561847852880213e-03,1.176025180265080671e-03
3.345476987845363154e-02,2.335513943417183436e-01,7.266089881030688424e-01,4.866111643456194798e-03,1.518736033303051854e-03
3.632798127109465591e-02,2.413701270779343988e-01,7.155348212767955740e-01,4.702267062854329806e-03,2.064803311321029757e-03
1.595426740940256161e-02,1.436548306043693990e-01,8.366691012944742489e-01,3.028120930982696780e-03,6.936797607711679562e-04
1.886501386063497293e-02,1.302418912492800396e-01,8.471182630741189712e-01,3.160213407210741947e-03,6.146184087551967261e-04
3.829868265018174234e-02,1.579429752674212095e-01,7.981414188519654340e-01,4.581090863667171102e-03,1.035832366764510674e-03
2.508328808008598171e-02,1.665050241374332329e-01,8.056766610518878435e-01,2.066382593058170136e-03,6.686441375347955407e-04
1.845154306377106562e-02,1.274422345653111743e-01,8.513618843864095842e-01,2.307974168276826030e-03,4.363638162314671231e-04
2.376893087941481589e-02,1.495325004845360350e-01,8.228302711556276794e-01,3.331332754953701767e-03,5.369647254677000370e-04
4.383585858682495506e-02,2.270240482952220473e-01,7.244328843589299405e-01,3.372569021827845261e-03,1.334639737195251552e-03
5.628845003128896823e-02,2.665607285658726511e-01,6.732034403665015931e-01,2.412480233374345289e-03,1.534900802962621807e-03
4.516910963161405168e-02,2.783984206770180325e-01,6.716232091285411210e-01,2.926625875784333482e-03,1.882634687042474345e-03
4.558295304932675346e-02,2.767056551479634696e-01,6.725727488748231009e-01,3.130799818368895735e-03,2.007843109517700071e-03
3.463048192295166416e-02,2.729777569752257493e-01,6.870531089397796665e-01,3.074466911001043790e-03,2.264185251041774764e-03
5.719436963058380230e-02,3.484514727060656347e-01,5.881862825375741011e-01,2.544716987398607574e-03,3.623158138377938035e-03
5.533035466938721753e-02,3.521027331205214272e-01,5.863906665037140753e-01,2.579430309951702503e-03,3.596815396425647685e-03
4.926817170816681635e-02,2.606632092942050560e-01,6.852906442022265177e-01,2.943436616485213368e-03,1.834538178916494174e-03
2.674302577347110327e-02,1.448124031827522085e-01,8.240739547261406450e-01,3.681610662358753439e-03,6.890056552773529078e-04
1.783093382888709111e-02,1.218544294777143822e-01,8.575612276456788807e-01,2.364541970541143932e-03,3.888670771785618157e-04
2.106862222776447607e-02,1.213068588810253673e-01,8.534253902225272803e-01,3.654848589311409605e-03,5.442800793714674739e-04
4.001960157315948702e-02,1.286806406993798169e-01,8.261910617517904676e-01,4.480564839231617608e-03,6.281311364385258221e-04
8.589636648247718498e-02,1.535320611820288061e-01,7.539583960926090622e-01,5.870830880304094002e-03,7.423453625807720961e-04
3.312366128859102477e-02,9.056839036208845506e-02,8.704769506399303580e-01,5.487906815330209458e-03,3.430908940598712724e-04
9.849419959301435046e-02,8.160274492361008214e-02,8.072124191871187238e-01,1.169530055503016121e-02,9.953357412267097547e-04
5.819563072836785034e-02,8.372536039439325284e-02,8.418825360449746498e-01,1.478840650495407728e-02,1.408066327310011261e-03
6.521364371840353280e-02,1.129518987351465775e-01,8.117814814816192159e-01,9.007001977463000020e-03,1.045974087367728582e-03
8.827036967356453878e-02,1.051708482455550459e-01,7.936171055052123613e-01,1.092548546349040445e-02,2.016191112177780163e-03
1.584379819655065968e-01,6.535329913588323880e-02,7.325052094563295757e-01,3.757847318365933886e-02,6.125036258621163049e-03
9.761336129693738706e-02,4.034437150306600939e-02,7.859361225721116506e-01,7.378981677729647137e-02,2.316327850588373576e-03
6.269646917256273266e-02,4.315544192423396985e-02,8.399106662818818236e-01,5.287497865139696024e-02,1.362443969924547870e-03
3.674007515209734009e-01,6.049174495036024890e-02,5.282564357492389728e-01,3.934021408856478580e-02,4.510853690862723364e-03
5.361435766704121253e-01,4.532332815210287497e-02,3.705249443377313656e-01,4.508937382464445892e-02,2.918777015109095836e-03
9.375686584499605125e-01,1.805792846941042806e-02,4.060639918608611315e-02,2.953774683381866443e-03,8.132392111611217887e-04
9.478555752869832762e-01,2.442397295217757849e-02,2.612425049382412212e-02,8.513985193155036409e-04,7.448027476993731482e-04
9.420854293821279146e-01,3.099021575294324746e-02,2.549498144935412672e-02,7.443958925725599344e-04,6.849775230020225744e-04
9.962639945402333996e-01,2.184582470569030807e-03,1.391112761392111373e-03,7.275044958906926778e-05,8.755977821638400024e-05
9.806841836783781741e-01,1.295393757161652538e-02,5.873978475720036466e-03,1.936665810368503866e-04,2.942336932483437945e-04
9.928098268736585963e-01,5.050284114673020582e-03,1.912190448894220650e-03,6.930047302584121114e-05,1.583980897481554646e-04
9.991790867521043173e-01,6.191783437557922369e-04,1.526617406134004760e-04,1.124775821637146562e-05,3.782540531012764827e-05
9.992535715270717267e-01,5.847825453662452728e-04,1.168585245977341611e-04,1.081981780032069380e-05,3.396758516398829805e-05
9.988838562998185733e-01,8.504950587075771513e-04,2.139905853387938492e-04,1.707322958656929659e-05,3.458482654847920275e-05
9.991281233383146887e-01,6.661541219477595810e-04,1.652990524157492761e-04,1.415850146386589548e-05,2.626498585812293523e-05
9.993916755903107241e-01,4.327785691865101893e-04,1.465036118670545306e-04,1.263294727441154023e-05,1.640928136122901844e-05
9.996469295288306078e-01,2.615273284265986933e-04,7.312361656615708227e-05,8.171713764667482713e-06,1.024781241196362680e-05
9.996498426398003900e-01,2.636877393240493806e-04,6.532175866960236764e-05,8.454244230290804222e-06,1.269361797559290060e-05
9.996303551859075931e-01,2.778719676019516431e-04,6.705779536583053471e-05,1.119785689716532707e-05,1.351719422742297974e-05
9.996640566650359938e-01,2.716989281544312552e-04,4.153812131038000952e-05,6.011489994725633515e-06,1.669479550439659143e-05
9.996656839168580611e-01,2.626912573792329533e-04,4.756215197375934496e-05,6.433706363936119868e-06,1.762896742480393983e-05
9.995492555697814696e-01,3.620904003519044849e-04,5.929961675508550929e-05,8.063233529730940428e-06,2.129117958165640300e-05
9.993837365842765941e-01,4.572488310692614743e-04,1.089822066846412929e-04,2.669051807514130978e-05,2.334185989426272725e-05
9.992720858459374078e-01,5.565983316750892484e-04,1.266633360547178295e-04,2.351510940091253461e-05,2.113737693175924361e-05
9.992433979576518244e-01,5.379052962877606909e-04,1.550003035679145666e-04,4.106037932849753732e-05,2.263606316404265890e-05
9.993284450550207199e-01,4.939308814571298977e-04,1.229551336217129013e-04,3.724702863383807573e-05,1.742190126670901417e-05
9.996735343754723502e-01,2.538199017691220656e-04,4.980565475629834837e-05,1.243280586417467417e-05,1.040726213807881891e-05
9.994830947527294507e-01,4.104856791086618131e-04,6.947981576447179153e-05,1.632346644119294415e-05,2.061628595619561946e-05
9.993374968446451234e-01,5.600959036671502612e-04,7.103084278499712076e-05,1.091541201396384470e-05,2.046099688879153111e-05
9.990360104957344278e-01,7.909948777424063689e-04,1.211037096991610476e-04,2.265995451998030995e-05,2.923096230390361168e-05
9.990976750879422275e-01,7.168378246315393852e-04,1.282767904880341100e-04,3.020777253666733847e-05,2.700252440152245683e-05
9.986686961711209731e-01,1.061990102310030959e-03,1.849451087312658517e-04,5.217600528376087918e-05,3.219261255401460487e-05
9.992633674934842114e-01,6.028167906125580025e-04,9.756001556416729950e-05,1.941752190364794416e-05,1.683817843543266931e-05
9.992187956421740846e-01,6.397473051719538683e-04,9.696602373276247931e-05,2.191765824752936348e-05,2.257337067375422225e-05
9.991488470868099547e-01,6.874158409378697179e-04,1.099528535162930227e-04,2.798126818694146069e-05,2.580295054890233730e-05
9.993274144848636187e-01,5.746713479428809017e-04,6.841191003862016440e-05,1.157603409515514458e-05,1.792622305962541810e-05
9.990231125814371671e-01,8.453990280241079243e-04,8.717996584448650167e-05,1.067507465287528026e-05,3.363335004132255530e-05
9.991558086332040789e-01,7.231888024507950909e-04,8.115166801904211049e-05,1.220859536780162787e-05,2.764230095822421375e-05
9.987330641757534710e-01,1.092935259768901225e-03,1.225234791280783910e-04,1.611723753402601283e-05,3.535984781565531821e-05
9.983419817013921005e-01,1.469347295128990011e-03,1.304263507868913703e-04,1.113136097830080126e-05,4.711329171362529575e-05
9.981786437546487090e-01,1.635646607346793232e-03,1.358794862439296060e-04,1.102480065184621876e-05,3.880535110869242531e-05
9.948763434443731457e-01,4.666327364353011799e-03,3.707802869450029393e-04,1.890960000258309068e-05,6.763930432646331550e-05
9.965795754256996375e-01,3.028169095679541806e-03,3.225190551550820056e-04,1.942422525489707715e-05,5.031219821080964500e-05
9.971587170221108964e-01,2.475870502796273173e-03,2.901159569747177548e-04,1.969748540516944659e-05,5.559903271312603208e-05
9.969670550731819514e-01,2.627865973439910772e-03,3.259232135080898868e-04,2.061376406055816376e-05,5.854197580946355424e-05
9.958411224384862148e-01,3.666670480501774132e-03,4.081757658312176566e-04,1.845054516330889283e-05,6.558077001746262632e-05
9.971862970420872774e-01,2.384205239746908876e-03,3.461533737950256710e-04,2.296999198082957095e-05,6.037435238995930969e-05
9.964643117580168630e-01,3.000538552356778882e-03,4.342039784066469639e-04,3.281470979745593338e-05,6.813100142225137043e-05
9.957281170821123961e-01,3.759514476484061233e-03,4.289783057452504589e-04,2.357093880638250682e-05,5.981919685196911021e-05
9.939320849677223402e-01,5.485272482701093744e-03,4.875698892321676976e-04,1.952925978535887649e-05,7.554340055903883727e-05
9.868109230764651185e-01,1.194332053555196768e-02,1.076829377965858332e-03,2.578879494543285256e-05,1.431382150717921194e-04
9.946077326103806016e-01,4.781289108991665718e-03,5.161011834346361168e-04,1.611230908004915310e-05,7.876478811304323056e-05
9.854094671625083235e-01,1.328379896573395752e-02,1.149433505000065688e-03,2.224917322911869867e-05,1.350511935286070040e-04
9.898711218924135524e-01,9.149896180813531926e-03,8.330370861044203738e-04,1.789106776819012636e-05,1.280537729003822472e-04
9.918796890080736617e-01,7.400775016115284516e-03,5.694450634889025240e-04,1.330570746523227487e-05,1.367852048569474040e-04
9.915200709664945267e-01,7.774767884403082155e-03,5.552992008099840761e-04,1.339547003449007404e-05,1.364664782577754143e-04
9.906617183866414100e-01,8.529327195153726254e-03,6.789838409530996651e-04,1.467961444820707322e-05,1.152909628035742420e-04
9.930017192170985663e-01,6.412511012750112677e-03,4.736786306393531306e-04,1.142544300580947885e-05,1.006656965062493222e-04
9.826500073248367606e-01,1.629303523187233815e-02,9.016611795183604623e-04,1.936845248230141872e-05,1.359278112903148641e-04
9.745140447346128942e-01,2.261403858259842733e-02,2.624050908475356741e-03,4.288540078982325889e-05,2.049803735233932112e-04
9.801152430207128452e-01,1.749546634080778595e-02,2.185704696998180645e-03,4.481888379384719177e-05,1.587670576873418348e-04
9.865876569254949935e-01,1.187015306647725039e-02,1.402968349722459205e-03,3.194135930552044727e-05,1.072802989997187451e-04
9.849716223914795066e-01,1.347129061489532598e-02,1.376057800976340784e-03,3.250440182625294149e-05,1.485247908226715384e-04
9.927659536879219759e-01,6.411119605086850262e-03,7.025489324669286460e-04,1.653773357470867276e-05,1.038400409494692474e-04
9.941951269878805952e-01,5.236289060303512925e-03,4.678731966747032680e-04,1.311780798404889260e-05,8.759294715726373664e-05
9.912650511548707355e-01,7.754755677488341797e-03,8.192321300113962132e-04,2.012108305990592714e-05,1.408399545696944458e-04
9.904283721428623899e-01,8.423069189040678986e-03,9.471116260020387726e-04,2.426162594098916551e-05,1.771854161540182876e-04
9.858919297972401630e-01,1.282689826069894484e-02,1.078563434303519628e-03,1.968876705639212310e-05,1.829197407008942029e-04
9.733467798036641305e-01,2.436107224054956388e-02,1.967332468871665907e-03,3.230302296555733149e-05,2.925124639491277398e-04
9.775500668323325870e-01,1.941210653828000579e-02,2.743065656805095814e-03,4.402599373876453438e-05,2.507349788436098064e-04
9.739030715050683851e-01,2.317468330007381103e-02,2.573989021745552459e-03,4.033844244224244234e-05,3.079177306699990057e-04
9.462050385406362008e-01,4.771201071827620155e-02,5.613418069680466485e-03,6.333098011255195510e-05,4.062016912945885447e-04
7.632607576473556810e-01,2.181738293538500462e-01,1.743657310820562190e-02,9.618725446599672832e-05,1.032652636122458967e-03
3.265839506743812848e-01,6.138473859908927244e-01,5.722529279684483022e-02,1.291769036154383861e-04,2.214193634265729498e-03
1.533706170226025178e-01,7.547086825135406185e-01,8.930106407833500459e-02,1.004480815690766320e-04,2.519188303952807698e-03
1.938324984332211176e-01,6.878076070713519119e-01,1.147513208815421210e-01,1.414812564933894037e-04,3.467092357391472496e-03
5.642039444965545325e-01,3.625026596947791280e-01,7.040328799047869401e-02,1.772615034921553125e-04,2.712846314695356240e-03
2.144531372800293212e-01,6.762291604293909630e-01,1.064812850417287682e-01,1.595109238190440995e-04,2.676906325032036606e-03
3.810630052895002534e-02,7.845458437584730271e-01,1.734527709480504498e-01,1.275086537620077453e-04,3.767576110764573206e-03
4.905444208291070973e-01,3.802473386410465395e-01,1.247885411442746645e-01,2.888074903241261105e-04,4.130891895247556025e-03
6.972147235866676951e-01,2.373321317817156384e-01,6.264995646301575738e-02,2.812168130581245559e-04,2.521971355542681689e-03
7.430586870401633126e-01,1.837602242158214161e-01,7.071152778953997131e-02,5.807933990114278692e-04,1.888767555463984884e-03
8.668780457767312209e-01,1.020837303038594490e-01,2.829621491916095577e-02,3.635160185709236419e-04,2.378492981677434934e-03
7.613482675728665550e-01,1.812738315929587063e-01,5.302193763526092535e-02,2.699630636919433924e-04,4.086000135221770635e-03
6.778212810230859198e-01,2.396559033006840367e-01,7.851235720870605728e-02,2.851336373309560994e-04,3.725324830192849705e-03
8.588752335590447151e-01,7.474598699230143584e-02,6.303798213240260906e-02,3.609883214479810468e-04,2.979808994803317870e-03
8.768112782578421083e-01,7.076493780006987144e-02,3.654327926979616253e-02,3.088871812802444902e-04,1.557161749101175843e-02
8.666038177561241618e-01,9.028444667562392223e-02,2.947277966569595425e-02,1.465445608538543782e-04,1.349241134170216933e-02
9.554492081767145262e-01,3.214491484672479804e-02,8.599769901870920122e-03,5.326675307820788127e-05,3.752840321611693782e-03
8.221011272243606838e-01,1.241708351145081879e-01,3.632292750413795845e-02,2.687749829156100135e-04,1.713633517407751883e-02
9.358394794907821668e-01,4.569346394978709286e-02,8.645261979193661489e-03,7.193119144600001666e-05,9.749863388791071492e-03
9.735801724983874639e-01,1.889660592307189357e-02,4.985558218092390678e-03,7.515645533403710033e-05,2.462506905114212035e-03
8.826623605431873631e-01,6.351322990419895620e-02,5.005817566814876191e-02,1.111243447313210817e-03,2.654990437151576524e-03
7.984269498861321646e-01,7.790494497968500354e-02,1.171304854456142880e-01,3.793100343008077007e-03,2.744519345560440023e-03
9.357713058245735738e-01,2.781171830096564740e-02,3.361580843492000675e-02,1.408680828946758936e-03,1.392486610594063879e-03
9.168835914254542807e-01,3.552677267547361961e-02,4.513881679512833645e-02,1.697009692902917092e-03,7.538094110407492134e-04
9.072466553260741806e-01,3.520970839165403488e-02,5.316508663459705575e-02,3.771397848700174926e-03,6.071517989745524270e-04
7.560753115383964662e-01,5.867333726544808614e-02,1.744447358670951354e-01,1.021930581674272351e-02,5.873095123176404024e-04
7.411885416083919820e-01,5.679353523019050470e-02,1.888145690871451399e-01,1.221538475940792644e-02,9.879693148645484965e-04
8.609995213577064099e-01,2.642476945743135047e-02,1.054448367273371073e-01,6.587418761822212351e-03,5.434536957028834880e-04
7.244692972054594948e-01,5.549382842450661935e-02,2.114361622743824720e-01,8.222631302275455745e-03,3.780807933759228320e-04
8.700342120532241763e-01,3.308538641309638484e-02,9.102410392342223655e-02,5.413088161677090046e-03,4.432094485801879873e-04
8.146694530454934302e-01,6.037844518118408443e-02,1.198841273280494418e-01,4.323762657089149676e-03,7.442117881838747687e-04
7.806502907214565301e-01,5.533916606660573695e-02,1.569693757491880670e-01,6.327662076586582085e-03,7.135053861632012625e-04
8.136351414227563916e-01,4.729899626946144908e-02,1.319866426742561660e-01,6.430999652870072851e-03,6.482199806559422019e-04
7.636687964894302016e-01,6.331978795831551265e-02,1.662412728969840381e-01,6.136907075438317524e-03,6.332355798319017895e-04
6.762035363607534766e-01,8.705100834530968279e-02,2.295105538059991346e-01,6.566577655163323424e-03,6.683238327744560206e-04
4.018001315042739052e-01,7.516144301135135875e-02,5.050097499013072033e-01,1.760387812717333078e-02,4.247974558942428538e-04
6.209242368844584137e-01,4.676990424656717049e-02,3.112782477924564972e-01,2.075637037258179843e-02,2.712407039360020030e-04
5.074484180552434331e-01,4.933723211538256631e-02,3.997329731911402062e-01,4.316303525667479490e-02,3.183413815590958765e-04
4.615267317215088760e-01,4.571236542523303414e-02,4.392260350534054059e-01,5.323964237050567844e-02,2.952254293469572179e-04
5.415309030431569859e-01,3.779001476892249883e-02,3.633283201114095862e-01,5.710791647466369192e-02,2.428456018471219678e-04
6.218481666030487576e-01,7.944402669345196344e-02,2.828397410308053361e-01,1.555735193049177789e-02,3.107137422021824221e-04
8.101274561179065969e-01,5.397391066434426010e-02,1.304843259247829845e-01,5.217016459004617836e-03,1.972908339615958562e-04
8.263457076932546608e-01,8.441897912357844425e-02,8.664705279533671534e-02,2.343741488548396062e-03,2.445188992819362361e-04
8.265038978914560630e-01,9.536313710512835107e-02,7.641486558272393703e-02,1.442491253386061871e-03,2.756081673055232168e-04
7.227444705238086353e-01,1.552613423369184342e-01,1.201510124906431387e-01,1.453751596221645927e-03,3.894230524081982933e-04
5.520495841713841667e-01,2.230816458041164907e-01,2.227007188145617989e-01,1.742864323580969746e-03,4.251868863566275573e-04
5.521883013059860623e-01,1.867979419526915041e-01,2.583381586074839920e-01,2.274749670142421978e-03,4.008484636960591243e-04
5.071496884630618540e-01,2.515746627395573642e-01,2.387909748377502472e-01,1.856091686897793237e-03,6.285822727327407223e-04
4.558311544969191331e-01,3.118332400630410284e-01,2.301353887970997714e-01,1.306006664952833428e-03,8.942099779873029881e-04
6.000594324755256226e-01,2.105231792067543961e-01,1.875570323120115679e-01,1.192156331502776173e-03,6.681996742056747589e-04
7.507381967088578856e-01,1.260044721169427118e-01,1.218598829979833237e-01,8.957936814898702664e-04,5.016544947263186461e-04
5.793901037130630982e-01,2.175534092522038443e-01,2.014296417356964408e-01,1.111095260009213907e-03,5.157500390274161054e-04
6.081986710136284557e-01,2.282057475719652118e-01,1.614689260210753485e-01,9.416102992732522901e-04,1.185045094057562975e-03
2.734216514373773999e-01,2.536499260985018434e-01,4.676622730281678186e-01,3.739648804033390578e-03,1.526500631919513757e-03
1.411066644954894478e-01,3.156279629758635408e-01,5.329083794577074151e-01,3.568592169625017796e-03,6.788400901314563772e-03
7.071835145104538034e-02,1.566810014299162002e-01,7.654689130096765659e-01,4.800501892903247421e-03,2.331232216458486474e-03
5.585923778231897951e-02,1.254334746202835082e-01,8.104444165279076628e-01,4.868577719800351068e-03,3.394293349689464501e-03
3.315308879944787318e-02,1.012932380647065117e-01,8.613791530079748515e-01,2.729291597432815034e-03,1.445228530437899991e-03
2.781829012928972375e-02,1.411575650669514570e-01,8.246582051131516877e-01,2.006766721142738946e-03,4.359172969464360919e-03
4.377404893638152383e-02,1.606659565175062865e-01,7.841193043112082428e-01,1.692699775221917459e-03,9.747990459682059558e-03
6.946465780974463156e-02,2.051470000303430574e-01,7.020141613283410464e-01,1.702820721263461137e-03,2.167136011030791967e-02
9.603014677464473403e-02,2.113833783003974953e-01,6.528797067548458566e-01,1.870080232648885276e-03,3.783668793746304548e-02
5.759253978932253604e-02,1.839732558986790500e-01,7.188926043422636525e-01,2.125331528034516988e-03,3.741626844170015120e-02
3.046697287101406831e-02,1.262091166774488293e-01,8.093669725996583963e-01,3.160091313934841519e-03,3.079684653794382415e-02
1.835469333238012521e-02,1.031705191929938037e-01,8.669326664880022681e-01,2.042749154760882882e-03,9.499371831863031093e-03
4.337370885506382917e-02,1.568225610982878770e-01,7.532039285537521778e-01,2.883776831644433662e-03,4.371602466125166370e-02
5.158391134535959821e-02,1.297914909779965820e-01,7.646271074724936279e-01,2.246139718787066187e-03,5.175135048536314009e-02
3.212638292769550569e-02,1.266862618743235247e-01,8.182596901686838287e-01,1.389157584211565865e-03,2.153850744508534892e-02
3.619771140459091679e-02,1.976779296291599763e-01,7.181006075952872658e-01,1.084572176108483926e-03,4.693917919485333934e-02
9.528891936191286050e-02,1.953796299921831403e-01,6.330788018122286420e-01,1.968493949823581311e-03,7.428415488385188559e-02
7.436404913078545342e-02,2.060117870836016274e-01,5.788316330464298165e-01,1.755336223430980017e-03,1.390371945157522215e-01
1.306231904323528203e-01,1.734778462147541223e-01,6.444970746907930925e-01,2.051316355292084892e-03,4.935057230680779672e-02
1.391685986290834565e-01,2.221037125844173010e-01,5.148910420672628829e-01,1.926292093159465623e-03,1.219103546260769111e-01
1.670048694565550162e-01,1.795316377752105008e-01,4.220765365333581376e-01,2.028431804960630080e-03,2.293585244299157222e-01
1.335778319008227577e-01,1.601815194197425130e-01,5.041277767255455400e-01,2.241733000631016166e-03,1.998711389532581983e-01
1.659218269278421309e-01,1.539191101085251034e-01,5.262289965619189047e-01,2.773319808697411772e-03,1.511567465930164222e-01
2.424448112662102583e-01,1.003931908513927551e-01,6.099362195842726875e-01,4.308769140047626761e-03,4.291700915807674516e-02
3.705613054652103777e-01,1.300618065450999117e-01,4.417417677010754828e-01,5.661891489877546139e-03,5.197322879873666340e-02
2.484182257065271349e-01,1.764017139794555045e-01,4.981232038224827630e-01,3.774856873485761197e-03,7.328199961804884865e-02
1.870402266848318062e-01,2.389030602148363713e-01,4.814469348751638789e-01,2.333635690853954475e-03,9.027614253431394398e-02
1.818596297844018994e-01,1.984112526524749454e-01,5.262732827167979632e-01,2.620939565330515988e-03,9.083489528099467081e-02
9.932939263539822261e-02,1.665174166785460264e-01,6.795277474484942015e-01,3.208279419567399565e-03,5.141716381799410485e-02
1.560358010692502184e-01,1.842977550080738824e-01,5.901996851319443183e-01,2.540420170885823552e-03,6.692633861984584320e-02
2.096876451738682867e-01,1.471880417091195326e-01,5.854052273124850103e-01,3.535804687361056992e-03,5.418328111716599893e-02
1.556562432681751484e-01,1.022114392839566510e-01,7.256514085358254373e-01,4.062670840334760974e-03,1.241823807170791202e-02
1.016243228914462254e-01,1.137357934238398399e-01,7.727181848001173359e-01,3.635437629770927725e-03,8.286261254825660200e-03
7.568451746679492886e-02,1.235984088867093794e-01,7.904092797581683261e-01,3.582415980337709700e-03,6.725377907989548397e-03
5.141405561020398474e-02,1.342624594637836510e-01,8.044850113972826788e-01,3.705682769612510512e-03,6.132790759117182251e-03
8.875182473782719517e-02,2.142229006052454032e-01,6.865169464523912524e-01,3.030346706828360766e-03,7.477981497707779368e-03
2.784744528204809999e-01,1.976913045945720149e-01,5.130987955305745807e-01,2.725543035806072927e-03,8.009904018566438300e-03
1.935359172480966838e-01,1.195284792172345290e-01,6.814192374701079080e-01,2.250839114683245677e-03,3.265526949877562389e-03
1.414926806915876856e-01,1.423757871184158919e-01,7.115049241720668993e-01,1.831748858135329953e-03,2.794859159794158172e-03
1.044068496236307264e-01,9.871324581970403189e-02,7.925651201940288049e-01,2.122607862567963116e-03,2.192176500068560453e-03
1.449658441553431654e-01,1.372883434257558266e-01,7.092628111075316433e-01,2.380257623141628347e-03,6.102743688227839185e-03
1.134956654571610685e-01,9.786601324534328905e-02,7.837850475793061156e-01,2.761331196956506775e-03,2.091942521233089523e-03
9.347675521775337948e-02,7.436595097955868428e-02,8.258008231363466178e-01,4.536719406171107853e-03,1.819751260170413736e-03
1.174970330299190402e-01,5.812860814473760213e-02,8.171107661694564372e-01,5.297444519701824221e-03,1.966148136185068458e-03
3.442566786931670064e-01,7.566473470570206361e-02,5.690654757133585262e-01,7.677340005620538269e-03,3.335770882151871571e-03
2.899247480614245975e-01,1.206360711645814848e-01,5.814854307098257236e-01,4.901622347882766441e-03,3.052127716285268043e-03
1.944516179429018332e-01,2.025358497490225007e-01,5.923090253968161800e-01,4.052120715906651870e-03,6.651386195352982506e-03
1.750279483569105454e-01,2.216511150937341412e-01,5.933933241703329697e-01,3.582100393039502808e-03,6.345511985982839505e-03
1.288881745870730788e-01,1.780876130662349399e-01,6.866989566289812830e-01,3.790534400362949741e-03,2.534721317347750705e-03
1.057967193854444377e-01,1.296110817690646899e-01,7.578499840367844964e-01,4.983259614018567193e-03,1.758955194687815762e-03
4.318910423740202065e-02,1.388859886535858124e-01,8.124633615508680684e-01,3.565340802152120077e-03,1.896204755991869441e-03
7.038297892376842169e-02,1.564249758807743085e-01,7.665123420240946839e-01,3.832522060602058626e-03,2.847181110760539473e-03
7.692636802924336659e-02,1.435803561684771967e-01,7.742028256350030890e-01,3.106571456112486133e-03,2.183878711163893174e-03
1.286940837358554468e-01,2.637977050188111128e-01,6.016486095263767764e-01,1.878196234487893457e-03,3.981405484468750200e-03
9.967238937765361684e-02,2.267041863587251904e-01,6.676815130888669181e-01,2.410376101165477569e-03,3.531535073588800127e-03
7.825730467266552026e-02,2.081055401787026971e-01,7.095500500078659734e-01,1.902474342580996259e-03,2.184630798184764716e-03
7.385989051236631353e-02,1.767447029161164918e-01,7.426661447159991214e-01,3.948802033275279622e-03,2.780459822242861787e-03
7.292858422162247500e-02,1.859965436162105690e-01,7.250791449904862018e-01,3.527134166236081236e-03,1.246859300544474539e-02
6.938777938885244689e-02,1.507618667244679800e-01,7.712854309125100061e-01,3.088353482983057039e-03,5.476569491186454065e-03
8.773612521509360773e-02,1.405375146341791559e-01,7.646476905370553911e-01,3.508327280428413450e-03,3.570342333243427865e-03
1.246033615622309243e-01,1.322975925261404007e-01,7.359017033322102774e-01,3.974109777754360889e-03,3.223232801663974707e-03
9.773486593695360214e-02,1.096587618564956457e-01,7.842319340849160936e-01,5.442832817792022347e-03,2.931605303842598972e-03
2.065862014896587551e-01,1.595261639987736457e-01,6.208698959051183186e-01,5.279708921541679915e-03,7.738029684907720383e-03
1.175787597455899142e-01,1.518900410939696410e-01,7.227370917079460888e-01,3.474079721966584315e-03,4.320027730527828923e-03
7.637819817769378461e-02,1.868350378605893591e-01,7.272311301505602898e-01,2.616402314596861893e-03,6.939231496559512824e-03
5.226329004358169078e-02,1.049039356713347415e-01,8.367274232495884867e-01,3.476274064547370170e-03,2.629076970947682220e-03
5.283617906930619668e-02,1.262490154649648089e-01,8.112045296469739819e-01,2.995075592303321661e-03,6.715200226451716048e-03
1.925249637771066780e-01,1.869222233416474588e-01,6.066521314209332161e-01,3.434086625998389233e-03,1.046659483431421588e-02
5.868434465797147531e-02,6.992313802930254230e-02,8.626121984674716137e-01,6.768945025964740077e-03,2.011373819289754422e-03
7.179584564149309178e-02,1.109600768201083748e-01,7.981012132878422261e-01,6.303642978747614999e-03,1.283922127180863078e-02
8.177981653611392232e-02,1.645200875176273947e-01,7.414820198303688770e-01,4.452379826814295213e-03,7.765696289075476114e-03
3.435201813820784600e-02,1.143150468181745733e-01,8.442924596817761307e-01,3.442680802600739821e-03,3.597794559240715014e-03
7.936460392848428136e-02,1.420123159722623540e-01,7.712211871988760015e-01,3.282094708388628296e-03,4.119798191988661117e-03
3.296437363009552257e-02,1.347459409138314634e-01,8.242002550096131364e-01,3.103665646271766380e-03,4.985764800188111252e-03
3.929612916800642036e-02,1.729996837812332877e-01,7.790871841113781171e-01,2.467510645350542119e-03,6.149492294031492189e-03
4.656476469619789949e-02,1.698918803740409600e-01,7.763300486462780814e-01,2.155115743165524327e-03,5.058190540317489270e-03
5.786152869986882497e-02,1.284554030960793347e-01,8.076665529134537946e-01,2.965491717154230752e-03,3.051023573444027002e-03
4.056205507263857535e-02,8.216456171222952243e-02,8.709237305143966434e-01,4.866832890868849799e-03,1.482819809866257844e-03
5.904461794322998780e-02,7.579847953841792330e-02,8.566672069759576624e-01,6.365375794545066399e-03,2.124319747849363112e-03
4.451275910757752918e-02,1.810843637521117044e-01,7.625022554793468021e-01,3.408275479686423502e-03,8.492346181277357284e-03
5.044428990952138508e-02,1.414217308340488255e-01,7.983166634184890587e-01,6.198309071347351575e-03,3.619006766593565235e-03
3.237121852887053092e-02,9.615742855701146785e-02,8.615543662222081567e-01,6.723356384736233100e-03,3.193630307173553774e-03
2.653715191326032341e-02,6.181830916700586931e-02,9.003649553085029122e-01,8.695894956421123742e-03,2.583688654809971653e-03
3.381492363582981608e-02,8.469899016323803598e-02,8.659432417103009039e-01,7.590438561751702146e-03,7.952405928879517638e-03
2.202946715544803341e-02,6.462676793296041888e-02,9.053523399279174155e-01,5.521402109420194167e-03,2.470022874253806604e-03
3.856489986818514154e-02,8.031496082509928525e-02,8.735564402970487086e-01,4.406825489561528968e-03,3.156873520105280603e-03
1.129940037839503725e-01,1.162698996503768178e-01,7.629324615315773439e-01,4.129693232059613098e-03,3.673941802035861782e-03
7.657869535322915644e-02,1.416786068749784355e-01,7.726218137317925061e-01,4.057233138640682635e-03,5.063650901359188945e-03
8.114085932429183912e-02,1.875999387802939344e-01,7.185272757688875300e-01,2.831647729669355389e-03,9.900278396857234778e-03
2.247791561217797884e-01,1.260667632033146968e-01,6.354413955521313051e-01,3.868721222888604153e-03,9.843963899885564348e-03
1.021815859894071310e-01,1.391249879960139990e-01,7.385851019457458921e-01,5.041753476960716962e-03,1.506657059187221578e-02
1.462347402894186021e-01,1.612543903775757737e-01,6.461967156974529614e-01,7.788866524164192277e-03,3.852528711138836909e-02
1.679635306590841204e-01,1.124895359253913485e-01,6.688833046821198725e-01,6.480964483848996108e-03,4.418266424955563654e-02
1.014193461333514901e-01,6.727533920535580525e-02,8.206155824462635362e-01,4.143708079367344581e-03,6.546024135661731094e-03
5.795978878684788366e-02,9.852125142635656529e-02,8.338411506905804016e-01,3.672617230061573507e-03,6.005191866153584621e-03
6.664369046481699588e-02,9.420971185900038625e-02,8.300806907764926024e-01,4.121830400230095531e-03,4.944076499459906099e-03
5.224145517982389103e-02,5.489277353945764409e-02,8.863543981084240908e-01,5.178255219555761256e-03,1.333117952738531713e-03
9.295817183480752088e-02,1.162683079438715794e-01,7.832797527036586827e-01,4.729873965985380117e-03,2.763893551676841701e-03
1.070243615567040979e-01,7.227514434661420906e-02,8.094305962902113016e-01,9.459703551398950666e-03,1.810194255071397159e-03
4.499646066519442933e-02,3.164592896671724470e-02,9.055428983303680512e-01,1.698885687568080227e-02,8.258551620395861896e-04
7.636661212992405801e-02,1.088780232012043908e-01,8.036141745256270008e-01,7.033780404314980694e-03,4.107409738929568808e-03
5.341371742199489681e-02,1.534118520585962264e-01,7.788694493701098231e-01,4.395167258743400140e-03,9.909813890555878996e-03
4.487240504205694536e-02,1.552557000184019709e-01,7.875706438288214706e-01,3.372827434964849411e-03,8.928423675754946359e-03
1.847743813422078052e-01,1.165496168594272741e-01,6.862189746322839845e-01,5.247386963047962274e-03,7.209640203033086669e-03
2.440878229408190714e-01,1.622002634873377924e-01,5.820825640915811006e-01,3.928282895626123566e-03,7.701066584635812319e-03
1.841838563639395243e-01,2.890286884090851327e-01,4.978451300758374720e-01,2.229496942530394526e-03,2.671282820860752111e-02
1.402927430981119883e-01,2.572798696865430945e-01,5.731706357997454759e-01,2.141915182967872935e-03,2.711483623263157700e-02
2.295723354293432161e-01,2.426432133109615308e-01,4.823957060877550607e-01,2.145928647915418871e-03,4.324281652402476445e-02
1.801529673351708327e-01,1.403462831218167117e-01,6.448456922306878836e-01,4.452540627218178060e-03,3.020251668510638698e-02
2.379542144242366430e-01,1.972876919614600100e-01,4.883834661395267118e-01,2.487440511396874984e-03,7.388718696337981395e-02
1.060186672127930996e-01,1.289763133845452103e-01,7.371972985866993566e-01,4.166496237891364161e-03,2.364122457807095457e-02
1.801919734619465141e-01,1.800433279822729327e-01,6.012018117743708201e-01,2.715258623917019519e-03,3.584762815749273357e-02
2.044459381618032312e-01,1.912693128871982284e-01,5.780074797878984594e-01,2.722647337403068506e-03,2.355462182569710572e-02
2.855788458603989999e-01,2.194821111185299434e-01,4.682089706388251060e-01,2.752286906162224739e-03,2.397778547608362537e-02
1.571536881185355561e-01,1.323917076340126731e-01,6.893147026479051753e-01,4.395230691798924540e-03,1.674467090774749145e-02
8.415902792048193803e-02,1.797211700712891269e-01,7.086854204593543427e-01,3.568536328668448117e-03,2.386584522020605142e-02
