6.100785219082170974e-01,1.979212735044419066e-02,9.016477372781617206e-02,1.187651657939277627e-01,1.611994112195948292e-01
9.685210863648546775e-01,8.035595734881249147e-03,5.461130375832186357e-03,1.780179438543629368e-03,1.620200808588835584e-02
9.906802593372833199e-01,5.949280511451103190e-03,9.023886732102169095e-04,7.441719656489066898e-05,2.393654281490715987e-03
9.954665649265703742e-01,3.196666343104127492e-03,7.862471443029063305e-04,5.072209688770415155e-05,4.997994891350520047e-04
9.985603197789000296e-01,9.442931405170919062e-04,3.573961129771154066e-04,2.629446468718751859e-05,1.116965029185728849e-04
9.979513658330168013e-01,1.275415212650052961e-03,3.099412950535596479e-04,2.237263944043136913e-05,4.409050198391259012e-04
9.732897263484234784e-01,1.996734896817387375e-02,2.298995456502224335e-03,7.758285080377781597e-05,4.366346376096583680e-03
9.484454043107271026e-01,4.259494055037447990e-02,3.442427489373311479e-03,6.213913935110913886e-05,5.455088510173826226e-03
9.697659450300450956e-01,2.561510166902545779e-02,3.068373343184216395e-03,3.925984900920036392e-05,1.511320108735990288e-03
9.780165601195953684e-01,1.707228371935436834e-02,3.849000837230298969e-03,4.199330567244644329e-05,1.020162018147446892e-03
9.898705421827170836e-01,8.584992707245768517e-03,1.099651810286331839e-03,1.794085627167064164e-05,4.268724434792616840e-04
9.856028142241312073e-01,1.240762837901440013e-02,1.618903722130689326e-03,2.230361671343624924e-05,3.483500580103168569e-04
9.980336090733145094e-01,1.555092478711657226e-03,3.133874276334308769e-04,8.697484982235455781e-06,8.921353535829366747e-05
9.974006274912093906e-01,2.009880107790836066e-03,4.810973831240579696e-04,1.725538219587324681e-05,9.113963567983942421e-05
9.973950510683178283e-01,2.080132694239352799e-03,4.054915756864641138e-04,1.481869041112155107e-05,1.045059713453929437e-04
9.531230643873527253e-01,3.519172589105599991e-02,1.098128490139689897e-02,1.682802261270099746e-04,5.356445940673866968e-04
9.512281398156154921e-01,3.656787423884929472e-02,1.162250239307027928e-02,1.260585979822615723e-04,4.554249544826701563e-04
9.038957552115425287e-01,4.586586826137783318e-02,4.955294719914433987e-02,3.895170443649236588e-04,2.959122835703729753e-04
7.226633752006632605e-01,1.637089514820702085e-01,1.124250774718832668e-01,5.019426525263127273e-04,7.006531928569463162e-04
8.161653171364363635e-01,1.187676214009764919e-01,6.405497082797383113e-02,2.761472475224760101e-04,7.359433870906635297e-04
9.538814641894565183e-01,2.874807649119680286e-02,1.704322010841893484e-02,9.121986499744661728e-05,2.360193459305246681e-04
8.904313424796237442e-01,5.747368716198601041e-02,5.126395273237591144e-02,2.738057095225522142e-04,5.572119164917614447e-04
9.263745798922694563e-01,4.542249103544403893e-02,2.747570666753607407e-02,1.189012225279889747e-04,6.083211822224438318e-04
9.753043254470658008e-01,1.658490572328451956e-02,7.798167400940662561e-03,3.953802937624325913e-05,2.730633993327649190e-04
9.521735153268748864e-01,3.639751593705761734e-02,1.092008948411512560e-02,3.496300557275864841e-05,4.739162463795910528e-04
9.762510633115987213e-01,1.581285146518432785e-02,7.638413172381727095e-03,3.067327463535395759e-05,2.669987761999852616e-04
9.627377584473189032e-01,2.191023941844350703e-02,1.501515666298346846e-02,5.675044989436439484e-05,2.800950213597030222e-04
8.501557798505446906e-01,6.365562467475446851e-02,8.507033635155591966e-02,2.688324110302763199e-04,8.494267121148492070e-04
9.599410362649194450e-01,1.902659801587502225e-02,1.970124688586885608e-02,1.063618550539099667e-04,1.224756978282758859e-03
9.838445308555032742e-01,9.427637260696923246e-03,5.475762051862119104e-03,4.619675733546424809e-05,1.205873074602309457e-03
9.832974985922946498e-01,7.917646943602271378e-03,5.456756079617077794e-03,1.057669913257439900e-04,3.222331393160330834e-03
8.850557800632780081e-01,5.967754056588402828e-02,3.754071474401631664e-02,5.608736543897240847e-04,1.716509097243194143e-02
8.542502681522764485e-01,4.662659819663773908e-02,8.084560319267575235e-02,1.654463395473424305e-03,1.662306706293647379e-02
9.796538904129729053e-01,6.708082616420939226e-03,5.962376471103461931e-03,2.849365492009656945e-04,7.390713950301735016e-03
9.694942598060827255e-01,1.067357897115682117e-02,1.067710523601800299e-02,4.521035852191390226e-04,8.702952401523359610e-03
9.727535803610041221e-01,9.201403614603000797e-03,1.008338759676455365e-02,2.162880194254585562e-04,7.745340408202924451e-03
8.711757254472060064e-01,4.824378224850376512e-02,4.181660299454081214e-02,4.661956764890061748e-04,3.829769363326054887e-02
7.312566537568956360e-01,1.204787175626093887e-01,9.538774125052622288e-02,6.180081372936487493e-04,5.225887929267504506e-02
8.000812351264315891e-01,9.256991770845635070e-02,8.718978519041593878e-02,4.958498111454487985e-04,1.966321216355070012e-02
7.607673032679086456e-01,8.616469197811402192e-02,1.138352045224747811e-01,5.814089582183538940e-04,3.865139127328426349e-02
9.150867983496450142e-01,2.397190826749669157e-02,2.613873665223415133e-02,2.366578085675244934e-04,3.456589892205649828e-02
8.140564901511132545e-01,6.204763006397447100e-02,9.888428901703069651e-02,1.054060859510440578e-03,2.395752990837108493e-02
5.418852224834186382e-01,1.666387058950065114e-01,2.359576134262451053e-01,1.319059716882753060e-03,5.419939847844684744e-02
5.675683743526362957e-01,1.329201954509952044e-01,2.018584853749929298e-01,1.081217699099080044e-03,9.657172712227649058e-02
6.565315051254211332e-01,6.823795143902684768e-02,1.631089251026230924e-01,2.004818519241765695e-03,1.101167998136870912e-01
5.420428010223492521e-01,1.407270397513916971e-01,2.425691890364182479e-01,1.602834172418309477e-03,7.305813601742260077e-02
4.442217811674953887e-01,1.577776502765652067e-01,3.239464598867868306e-01,1.859773953461051760e-03,7.219433471569154659e-02
6.016417828509910137e-01,1.343370135439709567e-01,2.048901786986262463e-01,1.089375757284152986e-03,5.804164914912749579e-02
7.203981256958685853e-01,1.149111201711692787e-01,1.135825122070710652e-01,6.974602919236632011e-04,5.041078163396724154e-02
6.798331237726537024e-01,1.373193684819292992e-01,1.502348880640076711e-01,8.454689082872936202e-04,3.176715077312199792e-02
7.650740152586320564e-01,1.231469617371507702e-01,1.001029217037645164e-01,5.922158196117373059e-04,1.108388548084092429e-02
7.861657610967293097e-01,1.091556560901570383e-01,9.490465264743289109e-02,6.663499918220242490e-04,9.107580173858603398e-03
8.609829063450384901e-01,7.268281394051935573e-02,5.291878821872118832e-02,4.771916638280640434e-04,1.293829983189283966e-02
8.704641614975576758e-01,7.857436082470932448e-02,4.219713660742429456e-02,3.401028452585923983e-04,8.424238225050097173e-03
7.664415643082451712e-01,1.376586760558715372e-01,7.732918828775811604e-02,5.305065926796728422e-04,1.804006475544552707e-02
6.938895494689025778e-01,1.364598666658030368e-01,1.136913995167929681e-01,6.593129470930306343e-04,5.529987140140828900e-02
6.021005952181228693e-01,1.940936772789896014e-01,1.627044513891833522e-01,8.146284091305721611e-04,4.028664770457364430e-02
4.437054105242663193e-01,2.720714221662867693e-01,2.293109978397194215e-01,8.052416442379951422e-04,5.410692782548939123e-02
5.508566377737148523e-01,2.075226311294512682e-01,1.899758807930655435e-01,1.153102674518916015e-03,5.049174762924948934e-02
4.448304570740382324e-01,2.703904506534489105e-01,2.297250176073908912e-01,1.028217660874769079e-03,5.402585700424721027e-02
3.416646996449078100e-01,3.020416208189152241e-01,2.773114191111006877e-01,9.053762530172790573e-04,7.807688417205897735e-02
5.413863820204557475e-01,1.809394233137947006e-01,1.702181157174248449e-01,9.950847706596355289e-04,1.064609941776650248e-01
5.016549662007820931e-01,1.752965012439867409e-01,2.199044682358424485e-01,1.212115014244543199e-03,1.019319493051442510e-01
4.626182373865606601e-01,1.481863176484670419e-01,2.561017504123239696e-01,2.047227209871660403e-03,1.310464673427766680e-01
5.366054076029918019e-01,1.913431552408888514e-01,1.661428410909411291e-01,1.011983263115710796e-03,1.048966128020624167e-01
5.360997855837604797e-01,1.562229817157161360e-01,1.825102964587679288e-01,1.081654872859712496e-03,1.240852813688956835e-01
4.464671898380455639e-01,1.647688803650428913e-01,2.933243789957268866e-01,1.907896011447632843e-03,9.353165478973715641e-02
3.312736539083751541e-01,1.532264420713823350e-01,4.252129521746750851e-01,3.413475820276563270e-03,8.687347602529095492e-02
2.196719525816300533e-01,1.451976030368372361e-01,5.105485123946473802e-01,3.742738857101616037e-03,1.208391931297836813e-01
2.267027845882334247e-01,1.533539509064332507e-01,5.235321307343318020e-01,3.137354259663505292e-03,9.327377951133802858e-02
3.493426786966936093e-01,1.692530624295011110e-01,3.303494714667905563e-01,1.887369832758602380e-03,1.491674175742561670e-01
6.005138422897645656e-01,8.833641839052974731e-02,1.304336929716636007e-01,8.555158256816717405e-04,1.798605305223603401e-01
5.705325231645547168e-01,5.284469438521680051e-02,8.936693422766416040e-02,9.398940221054372015e-04,2.863159542004587998e-01
6.730266422995914155e-01,6.914672896088348841e-02,6.254072689657330653e-02,8.704022783950132519e-04,1.944154995645568096e-01
8.114397988998461875e-01,4.440073335332049564e-02,4.793421863459897819e-02,8.991594621449770872e-04,9.532608965008927682e-02
6.797994749283201577e-01,9.208673376830718571e-02,7.564722431724990592e-02,1.086260920075044281e-03,1.513803060660476596e-01
5.488218791656559459e-01,1.178937139730701217e-01,1.063571948114341859e-01,1.606573410516270095e-03,2.253206386393235283e-01
4.311119014923963100e-01,8.792769563746605233e-02,1.245088783771930996e-01,1.949972094437287320e-03,3.545015523985072248e-01
2.032690094794889768e-01,1.501235980072101739e-01,2.477968158846037272e-01,1.535865387817549532e-03,3.972747112408796522e-01
4.344160657624579480e-01,9.646739020533144637e-02,1.413153002481982168e-01,1.466399491565899922e-03,3.263348442924465242e-01
3.804480246489279072e-01,9.313303656083100901e-02,9.302883188453965613e-02,9.938665080146244415e-04,4.323962403976868152e-01
4.996154941210287914e-01,8.456739553080518113e-02,8.112008068609395661e-02,8.753853376566103628e-04,3.338216443244154119e-01
7.635185251044180887e-01,6.106554190873991761e-02,4.055485044873904932e-02,5.211450500011350533e-04,1.343399374881018016e-01
7.683478599947222154e-01,9.987119418390769110e-02,5.962755260908103594e-02,6.810698166463238822e-04,7.147232339564278669e-02
7.793228498762057033e-01,1.106178754711936163e-01,6.304936126165547328e-02,5.923619344395426867e-04,4.641755145650574427e-02
7.861429664249124372e-01,8.830781701996436028e-02,8.569359111862762113e-02,1.023619631092415874e-03,3.883200580540308033e-02
7.930546965592839559e-01,1.078956462162810048e-01,6.544955814554984097e-02,7.845283891207463067e-04,3.281557068976430347e-02
6.243957019735644209e-01,1.980972222108392244e-01,1.378747428048756885e-01,1.177160947922272372e-03,3.845517206279833872e-02
5.556920911974776445e-01,2.171082507611864776e-01,1.871903635642006014e-01,1.672760035003884906e-03,3.833653444213123290e-02
4.672713463864928696e-01,3.094851939390253492e-01,1.763529385972265051e-01,9.879080843804191169e-04,4.590261299287481944e-02
3.607546335235995993e-01,3.207663942040738791e-01,2.485595461895130920e-01,1.097907852748462518e-03,6.882151823006497915e-02
2.556211325319822092e-01,2.553884925965120845e-01,4.501246278987247051e-01,2.198271530562439808e-03,3.666747544221842653e-02
2.478289266552690107e-01,1.631647563898650788e-01,4.603041597008387664e-01,3.547958654591169825e-03,1.251541985994360506e-01
3.697635878983224766e-01,1.416718860117855416e-01,3.438388017218877990e-01,3.694924136919421585e-03,1.410308002310847464e-01
5.041264555554842985e-01,1.146934682854658799e-01,2.109210486834225129e-01,2.589943931053129492e-03,1.676690835445740213e-01
6.023612318357727258e-01,7.105714325533796227e-02,1.648050040439279496e-01,2.924591618739320019e-03,1.588520292462220207e-01
5.612317893057334750e-01,8.373393309986840172e-02,2.085902983689000845e-01,2.637300274987114650e-03,1.438066789505110243e-01
3.479246274883469603e-01,1.242395661814897356e-01,1.753427229346845584e-01,1.908701600203066562e-03,3.505843817952756791e-01
6.341877185077983148e-01,6.103362319251077334e-02,8.159531348681625662e-02,1.391409818905373118e-03,2.217919349939692641e-01
4.600141436911783233e-01,1.578570634583032761e-01,1.293805151665894937e-01,1.363444489775935634e-03,2.513848331941530012e-01
2.907971941746981814e-01,1.637462924054228774e-01,3.375927539588600701e-01,2.629230375514731051e-03,2.052345290855041582e-01
2.023821046401749479e-01,9.868598551195821578e-02,5.092180447496279516e-01,5.404058596847172158e-03,1.843098065013917264e-01
1.230123427930746999e-01,1.233010055762716467e-01,4.751881198467175493e-01,5.061174383051195678e-03,2.734373574008848728e-01
6.495522207415387050e-02,7.910383877136792363e-02,6.751561771761098729e-01,6.999298117381882144e-03,1.737854638609865054e-01
2.582965834800569627e-01,1.273127422404824738e-01,4.313512824309261862e-01,4.969267585112687770e-03,1.780701242634216974e-01
1.986641709202271455e-01,1.024481777721047981e-01,5.905320109522878003e-01,8.589980549536911300e-03,9.976565980584345406e-02
2.110120142734298876e-01,1.419613698226817600e-01,5.378249939069644769e-01,5.146975749197946551e-03,1.040546462477258960e-01
2.336697850922193898e-01,1.191042842583830280e-01,5.914599110245236657e-01,5.181165147090843574e-03,5.058485447778313104e-02
3.787013678713092024e-01,1.623187579583550144e-01,3.922655435250643752e-01,2.478826626638266830e-03,6.423550401863323267e-02
1.557842064613442767e-01,7.561783845166966667e-02,7.203176210299635507e-01,7.536270670432929086e-03,4.074406338658961152e-02
6.092043408680195560e-01,7.148405350945660763e-02,2.994009545445878162e-01,6.331197372040807229e-03,1.357945370589538035e-02
9.483886785356400173e-01,1.630798131593367423e-02,3.274886487560881021e-02,8.360819410250476189e-04,1.718393331792377127e-03
9.803765528617164327e-01,1.092404824194228435e-02,7.680625784043054391e-03,1.965493127735250343e-04,8.222237995247240602e-04
9.909012871604002681e-01,5.825233323132497296e-03,2.864519884113300632e-03,5.002666115790937751e-05,3.589329711961266787e-04
9.925169568640878071e-01,5.347484165268695869e-03,1.755903653307063677e-03,3.070707714078044681e-05,3.489482401955324841e-04
9.901842661557900271e-01,6.470340230537906245e-03,1.813537854706838990e-03,3.779142593529127359e-05,1.494064333029829434e-03
9.956149100207485336e-01,2.802901544266218469e-03,8.347360980395529149e-04,2.472477455204305724e-05,7.227275623934377490e-04
9.934252634045797059e-01,4.746676519503569523e-03,1.307513482204356904e-03,2.326922513319013976e-05,4.972773685791468746e-04
9.965525293687363950e-01,2.676258067662243799e-03,4.406688125016756572e-04,1.204681430410740612e-05,3.184969367957595442e-04
9.940340219993633042e-01,4.836153167768931713e-03,7.818175402453199146e-04,1.887604497756661357e-05,3.291312476448987048e-04
9.821145785447784604e-01,1.448114285015221145e-02,2.935802262418601115e-03,4.743226878502752902e-05,4.210440738655444074e-04
9.865909502540518572e-01,1.046822339097894239e-02,2.616739892044727886e-03,5.201603346060392808e-05,2.720704294638461203e-04
9.836786456451241945e-01,1.107096367311644243e-02,4.923618128969124708e-03,1.140803686023121035e-04,2.126921841879166031e-04
9.893529671001223269e-01,7.626406553014975463e-03,2.770397074466909165e-03,6.750215702851739160e-05,1.827271153670448974e-04
9.956092002649089556e-01,3.203674649913977775e-03,1.036785704919155737e-03,2.997282340837403343e-05,1.203665568494307215e-04
9.980316921454222001e-01,1.399225539448960796e-03,4.845617975118451351e-04,1.649532147891434798e-05,6.802519613817307239e-05
9.975047152739323630e-01,2.038950421606790589e-03,3.010727103001739234e-04,1.489556236736210713e-05,1.403660317934540499e-04
9.949320597609258021e-01,4.160842995680528143e-03,6.958679461102657308e-04,2.487037730004388664e-05,1.863589199833960166e-04
9.863461477159609636e-01,1.021553830003617096e-02,3.091851477105248165e-03,6.981767346778362858e-05,2.766448334297914240e-04
9.969415220293248447e-01,2.077557978681054442e-03,8.332009375359263666e-04,2.994894614894311337e-05,1.177701083091687819e-04
9.900281635201627628e-01,6.650847023333866619e-03,3.066424205465961839e-03,8.431351179807214759e-05,1.702517392393978384e-04
9.972026317772521020e-01,1.668417114462303731e-03,1.045250969322531051e-03,4.791627925748927783e-05,3.578385970546598202e-05
9.994490607962760453e-01,4.100522596847379028e-04,1.122895417355651207e-04,6.519346364222444868e-06,2.207805593937767330e-05
9.986765050748778183e-01,1.026187704931979128e-03,2.381409906260966358e-04,9.249254988452132095e-06,4.991697457571085775e-05
9.953670842171529198e-01,3.571697016943829132e-03,9.144789120691974383e-04,2.621912241667878789e-05,1.205207314172155220e-04
9.881784051212667563e-01,9.958417762306749632e-03,1.518591811506115035e-03,2.862038061292034196e-05,3.159649243075134074e-04
9.918982548264831944e-01,7.434166685550380217e-03,4.134256103326733778e-04,9.272593845751065354e-06,2.448802837880436831e-04
9.955789226291542615e-01,4.076419948928156067e-03,1.845027011785175272e-04,5.140192631190152531e-06,1.550145281077711676e-04
9.945822121045151398e-01,4.932708830014280454e-03,3.288483430982151691e-04,8.377960996274374776e-06,1.478527613762037492e-04
9.735176219151499000e-01,2.439131305484424500e-02,1.586454318938933369e-03,2.673977128404856019e-05,4.778709397828338865e-04
9.909199813566227366e-01,8.424616968287661212e-03,4.053862442639514976e-04,8.834228728399693751e-06,2.411812020970556503e-04
9.710882115095452738e-01,2.660385265161407248e-02,1.503501686215416924e-03,2.728647748437227483e-05,7.771476751408072517e-04
9.676839463642438188e-01,2.909608923656118590e-02,1.478490328487377329e-03,3.158279804235599071e-05,1.709891272665230080e-03
9.782984902822016160e-01,1.951969802924186786e-02,1.072045140761438298e-03,1.978060259498311203e-05,1.089985945200016258e-03
9.921613018425053943e-01,6.852483896511403667e-03,6.201451031133308140e-04,1.786217360137706107e-05,3.482069842682964712e-04
9.836142931950010437e-01,1.484281719783944048e-02,1.045703041764064686e-03,2.294788239483733908e-05,4.742386830005900400e-04
9.780505414795644947e-01,1.931504802765779752e-02,2.085451222745881086e-03,3.342241859217044003e-05,5.155368514396493950e-04
9.896948982133906281e-01,8.744935749363920430e-03,1.259119118918226561e-03,3.141830272097370511e-05,2.696286156063609730e-04
9.849719663214078214e-01,1.333315866154496064e-02,8.581459703320840418e-04,2.266125933601776743e-05,8.140677873792021187e-04
9.863106088658709636e-01,1.189120831965073156e-02,9.320774992927919125e-04,1.696663287565064861e-05,8.491386823098659832e-04
9.801264535216739349e-01,1.769331652063016805e-02,9.244192618686103468e-04,1.359799548438043490e-05,1.242212700342856541e-03
9.807833783920649751e-01,1.654353917004120628e-02,1.010934356220759929e-03,1.364660323334189056e-05,1.648501478439708557e-03
9.879358287508913650e-01,1.011686647341531776e-02,1.110485161158542271e-03,1.728153786858341532e-05,8.195380766659757319e-04
9.876937494581203847e-01,1.069665603020308192e-02,8.428887542136968922e-04,1.394241025010747517e-05,7.527633472126832358e-04
9.802167997580467640e-01,1.755601203661147358e-02,9.258981795586858224e-04,1.438600867461993739e-05,1.286904017108393217e-03
9.836600383180312823e-01,1.374666481662042278e-02,1.805407234370081477e-03,2.312662596026505857e-05,7.647630050178072514e-04
9.922022680158439911e-01,6.252740377985936508e-03,1.095840496959929640e-03,1.634648668889448976e-05,4.328046225213821115e-04
9.855042935547319027e-01,1.261087752110737203e-02,1.025958596138317955e-03,1.873523609786636792e-05,8.401350919245569341e-04
9.465226829280418697e-01,4.187196565069082471e-02,5.652703996012495812e-03,6.585623858272427009e-05,5.886791186672188717e-03
9.214827954095585749e-01,6.054207298138115922e-02,1.059145716961854000e-02,1.207798237537910401e-04,7.262894615687868517e-03
8.937952961819535247e-01,7.565875423863645255e-02,8.157068358853047929e-03,1.243101106144107592e-04,2.226457110994260399e-02
9.440364675854172605e-01,3.828718956724833089e-02,3.194508235210846443e-03,4.814130895954428746e-05,1.443369330316397227e-02
9.852346759996738479e-01,1.113570465591749714e-02,9.270355107896485237e-04,1.852187172698622735e-05,2.684061961891959485e-03
9.939398808652961659e-01,4.952215497391617739e-03,3.150392967623780486e-04,8.436085337558525972e-06,7.844282552123547133e-04
9.909242527483933527e-01,7.766064508494091925e-03,6.609367233849186866e-04,1.180271315753448781e-05,6.369433065702195720e-04
9.908991315367851049e-01,7.720527604222078219e-03,9.172935076221775969e-04,1.703259492945903501e-05,4.460147564410435407e-04
9.929859752845087151e-01,6.147638920523681993e-03,4.755731443003625341e-04,1.179030078630416413e-05,3.790223498809765310e-04
9.844867102998395847e-01,1.321012648607099334e-02,1.446929129252239564e-03,3.287017160313719942e-05,8.233639132340257521e-04
9.787093964080781916e-01,1.747843522010527478e-02,2.840562817548084821e-03,4.441306874971826283e-05,9.271924855185746401e-04
9.719301580470860458e-01,2.478625323911404221e-02,1.794222515561187756e-03,2.306842238495489323e-05,1.466297775853624055e-03
9.946079319514816719e-01,4.463481109495682532e-03,4.113168915174095957e-04,1.067845875650934316e-05,5.065915887488083068e-04
9.936094785456082157e-01,5.081099630660985619e-03,3.980612618386599757e-04,1.664191413020231220e-05,8.947186477619273976e-04
9.839388627345532212e-01,1.351539653508000705e-02,7.622911729651053563e-04,2.267672284545727904e-05,1.760772834556336222e-03
9.890598102093831612e-01,9.505537301246888213e-03,6.823718421750619772e-04,1.562830165178747901e-05,7.366523455431781301e-04
9.947020758862963330e-01,4.623465370225428653e-03,2.537542645912229246e-04,6.566821600860068748e-06,4.141376572861564065e-04
9.961228832384293463e-01,3.402217478351301193e-03,1.956045037289308474e-04,5.961065916345508984e-06,2.733337135741704081e-04
9.968586611778599282e-01,2.765398263568633573e-03,1.531258456801458064e-04,5.305529292929804393e-06,2.175091835981659205e-04
9.881531373046560374e-01,1.025737628744440889e-02,9.356317500595370774e-04,2.433123226304011115e-05,6.295234255770242471e-04
9.707467576039895407e-01,2.605959480123827207e-02,1.539867689834307184e-03,2.191027427292659724e-05,1.631869630665030383e-03
9.808003134958712677e-01,1.680940590290008751e-02,8.317361856545661767e-04,1.472236144695913688e-05,1.543822054127303150e-03
9.529110709116633826e-01,4.277281744459077856e-02,1.374812978225481734e-03,1.901449554495060872e-05,2.922284169975423746e-03
9.246580172344197601e-01,6.604542358582755901e-02,6.424850804754777753e-03,6.492043691720447815e-05,2.806787938080639467e-03
9.604538854073798593e-01,3.379574292954327930e-02,4.079175619682249947e-03,4.385298525717169218e-05,1.627343058137469293e-03
9.865623264695085881e-01,1.131326202266305994e-02,8.033112891962823935e-04,1.450981882569232193e-05,1.306590399806339346e-03
9.794774269373418552e-01,1.769504659224577572e-02,1.290417287768432430e-03,2.026738167628390188e-05,1.516841800967615693e-03
9.867423089101146072e-01,1.078854375701019525e-02,6.612671379490736015e-04,1.618637224363271831e-05,1.791693822682326361e-03
9.935715481307795249e-01,4.799488524514638511e-03,2.414048472110620147e-04,7.805487656325867303e-06,1.379753009838499645e-03
9.907160494690527841e-01,7.213226629239277536e-03,3.679094100266846199e-04,8.911305261324068078e-06,1.693903186420075849e-03
9.888084447791724019e-01,9.012345116023830899e-03,3.646186714038385430e-04,7.829539547948927359e-06,1.806761893851961025e-03
9.856186917546088111e-01,1.230247125300948201e-02,4.219975374349215630e-04,7.108511800766220316e-06,1.649730943146141124e-03
9.921102718235558227e-01,6.912586794849614157e-03,2.608872031113497990e-04,4.544155289265701912e-06,7.117100231939817298e-04
9.600255668371436846e-01,3.663118691354692175e-02,1.737329650596156506e-03,1.268756024599645800e-05,1.593229038467429805e-03
9.743553367397206344e-01,2.316032514810390658e-02,1.142177514884753185e-03,8.876291416433706522e-06,1.333284305873965380e-03
9.827365090784296875e-01,1.555009191780957686e-02,9.998419694763058859e-04,7.933370066080157879e-06,7.056236642183182084e-04
9.661362042596300936e-01,3.107778947623126425e-02,1.276965880149151609e-03,9.755870708043360565e-06,1.499284513281528425e-03
9.880288281120499505e-01,1.056628716292887238e-02,6.698035741631244450e-04,9.028350304681550628e-06,7.260528005534401964e-04
9.810888282499636848e-01,1.643443517497950382e-02,6.536827622986188073e-04,1.037203817146517995e-05,1.812681774586795327e-03
9.774159714937923349e-01,2.037029269496174952e-02,6.042252530245170380e-04,9.825089562029035655e-06,1.599685468659152064e-03
8.797632762398819306e-01,1.120040903559211265e-01,3.462010916575285029e-03,3.270046932943026114e-05,4.737922018292176247e-03
9.630692029100018647e-01,3.330371506532612408e-02,1.227850613502841142e-03,1.329285033024584481e-05,2.385938560838879452e-03
9.632017509146109102e-01,3.358704814480557160e-02,1.299544534145857235e-03,1.259179827150190647e-05,1.899064608166121416e-03
9.717388376558862007e-01,2.587648857869768657e-02,1.173024034047923710e-03,1.099378415350626238e-05,1.200655947214702632e-03
9.731103899857116435e-01,2.482862301043339132e-02,1.140339043371285058e-03,1.116348253676170211e-05,9.094844779471918149e-04
9.898849970801835152e-01,9.262318940293303576e-03,4.651114316890586717e-04,6.457352251198732467e-06,3.811151955829359273e-04
8.573961211635034996e-01,1.357769710061285939e-01,5.081279719672024409e-03,3.047498215841092903e-05,1.715153128537518163e-03
9.547415063521706990e-01,4.252732687276810503e-02,1.947828580989004925e-03,1.487335080985187749e-05,7.684648432624203475e-04
6.704369728094983216e-01,3.165875715303273497e-01,1.103499626162332374e-02,4.401824973531766902e-05,1.896441148815597661e-03
9.869419058065281858e-01,1.135635312514242379e-02,1.141222787393116316e-03,2.016345253120881142e-05,5.403548284050649743e-04
9.883892170402323041e-01,9.296462387708762792e-03,1.948628971866800570e-03,4.632383820581931867e-05,3.193677619862193276e-04
9.919948112584100475e-01,5.799626644118927032e-03,1.993632002138055314e-03,5.263288823616294604e-05,1.592972070967968543e-04
9.883535093251998305e-01,1.004736273509174507e-02,1.251814875641039677e-03,2.522981431981809427e-05,3.220832497475444489e-04
9.916787390364205645e-01,7.504223789225627529e-03,5.569394318649935295e-04,1.088338403061371321e-05,2.492143584580271934e-04
9.902994608086890249e-01,8.772647882046697571e-03,6.673151064475942593e-04,1.027028837623905973e-05,2.503059144404870735e-04
9.808818536740259164e-01,1.780791408746506058e-02,7.131382991078737653e-04,1.016640708874257522e-05,5.869275323125757457e-04
9.604714689156964580e-01,3.665299453214657804e-02,1.492605440976546658e-03,1.989884841065452356e-05,1.363032262769763546e-03
9.697070858949805583e-01,2.745618146742811669e-02,1.239744037242905680e-03,1.689983838571166625e-05,1.580088761962739974e-03
9.585416486747937448e-01,3.753560646344115265e-02,2.276011520332807750e-03,2.615901888692278551e-05,1.620574322545428794e-03
9.493534206619440585e-01,4.641967800141254263e-02,2.500869142638696609e-03,2.897450870746177916e-05,1.697057685297311599e-03
9.549054121679125817e-01,4.137019425498901504e-02,2.090932040405165098e-03,2.599618717896662478e-05,1.607465349514371200e-03
9.560745288339222991e-01,3.969586044266413399e-02,1.936273406237682239e-03,2.261485443098294379e-05,2.270722462744926770e-03
9.930114915079363280e-01,5.945260935792475582e-03,5.844748970722991226e-04,1.380155690674037570e-05,4.449711022920311339e-04
9.584459947673256153e-01,3.845022467169752212e-02,1.973857225328978868e-03,2.280446001643856376e-05,1.107118875631577480e-03
9.133709085814522011e-01,7.166910225394407252e-02,1.355273172219687364e-02,1.187579935788682703e-04,1.288499448827945971e-03
9.283654544440943512e-01,5.365077251024290284e-02,1.723577705585540437e-02,1.379670028402288546e-04,6.100289869671081736e-04
9.026170643906162860e-01,5.318767684107178484e-02,4.326534930696988857e-02,5.192329928035417479e-04,4.106764685385258583e-04
9.619513863433684087e-01,2.244872526629049583e-02,1.513826444094160464e-02,2.290429250829710756e-04,2.325810243164393393e-04
8.731368457426362806e-01,7.317678660155123305e-02,5.246377953926754240e-02,4.682524727836712098e-04,7.543356437614736742e-04
9.494933942782525227e-01,3.174663788308788176e-02,1.811459893187980855e-02,2.413778136439655739e-04,4.039910931357774395e-04
9.467498152714814985e-01,2.857887301487627499e-02,2.284107879863695942e-02,3.278426598870166756e-04,1.502390255118376226e-03
9.854846646326598236e-01,5.790235823735109984e-03,7.971381162071014201e-03,2.317400545062958531e-04,5.219783270275916206e-04
9.890540354702085368e-01,5.549931232188234920e-03,4.544631873941233115e-03,1.436176014686376626e-04,7.077838221933939033e-04
9.759384166535031158e-01,1.514564747119625208e-02,7.888776390222694557e-03,1.078121655583554267e-04,9.193473195194051210e-04
9.443487012425209048e-01,2.707291684945474161e-02,2.718766278025428959e-02,4.460804350122835309e-04,9.446386927577505015e-04
9.818594907225646207e-01,1.048694418428642097e-02,7.045670991592786585e-03,1.165248277315180904e-04,4.913692738247460445e-04
9.864969438383399680e-01,8.969242352846544183e-03,4.057811315685457519e-03,8.416768526681878972e-05,3.918348078611533832e-04
9.816659059515974173e-01,1.286003832313566478e-02,5.008295435997142317e-03,1.067514500833186865e-04,3.590088391865318041e-04
9.674489123062579576e-01,1.239470482576892317e-02,1.915982763187923030e-02,6.776176785075995390e-04,3.189375575862677249e-04
9.382707101010444584e-01,2.613086005709141721e-02,3.431236806062065020e-02,8.362253112279182310e-04,4.498364700154578767e-04
9.338033641227670989e-01,3.492596785787615427e-02,2.987402104941334208e-02,5.668233982552856737e-04,8.298235716881306864e-04
9.766673941021166705e-01,1.162385596200013645e-02,1.091327653410332707e-02,4.159153023113183853e-04,3.795580994687080103e-04
9.453299677318287575e-01,2.746211508105161903e-02,2.580338018718975751e-02,6.362825655493494891e-04,7.682544343804118556e-04
9.816259387828966121e-01,8.984544276600265819e-03,8.485970623362718013e-03,2.873311962674492234e-04,6.162151208729812557e-04
9.692448061192014963e-01,1.730960958394699850e-02,1.216989695669267249e-02,3.471779108627506220e-04,9.285094292958806332e-04
9.593884479211929328e-01,2.099512655500612723e-02,1.775678858206280672e-02,4.743803455050314808e-04,1.385256596233101160e-03
9.279271234380414013e-01,2.973424379446071297e-02,4.017251273447054738e-02,9.731640343678543692e-04,1.192955998659470974e-03
9.756183167197091111e-01,8.634902315256666114e-03,1.487918991091448373e-02,5.669392340776823955e-04,3.006518200421638178e-04
9.836859670724320548e-01,5.030299187904686831e-03,8.488742141870600846e-03,6.391491150193882084e-04,2.155842482773255228e-03
9.885216229749911321e-01,5.618385578897111717e-03,4.664965024498964573e-03,2.181766799168540123e-04,9.768497416958678205e-04
9.494932061274332646e-01,1.757464811180481715e-02,3.046592057427616185e-02,1.517312199378777638e-03,9.489129871069837147e-04
9.596555866251076372e-01,1.393549707765870740e-02,2.457422552007865538e-02,9.846012928396241735e-04,8.500894843155469213e-04
8.851093207342259905e-01,4.153585936083825647e-02,6.937903330560681037e-02,1.515843888114714591e-03,2.459942711214370935e-03
9.779583173912941296e-01,9.650292930949365758e-03,9.675060183305141115e-03,2.922935259554960627e-04,2.424035968495840115e-03
9.948005930173805522e-01,2.725522676413534746e-03,1.670357956101354690e-03,7.126501099563002791e-05,7.322613391089161875e-04
9.901552545104411740e-01,4.982137370837893577e-03,4.212681676352640799e-03,1.904235587317222415e-04,4.595028836366544405e-04
9.922865757288130695e-01,3.748866546494068752e-03,3.502656190018626093e-03,2.369154422319411481e-04,2.249860924422534679e-04
9.851196249976514885e-01,5.363398390627116714e-03,7.947676111816563693e-03,1.269602871234038572e-03,2.996976286707976850e-04
9.844965322554221077e-01,6.455388041363175310e-03,7.449139630744491813e-03,7.243316815212830261e-04,8.746083909488490578e-04
9.679664252311085404e-01,1.520683819660078456e-02,1.324235370971620258e-02,4.145348480781902876e-04,3.169848014496130708e-03
9.889959212372430031e-01,5.730888133052140440e-03,4.135250063604462012e-03,2.148216698934138748e-04,9.231188962067762242e-04
9.931306088525968523e-01,4.452371369963411575e-03,1.610288429094383373e-03,5.726342073754676887e-05,7.494679276078345916e-04
9.750489586903620109e-01,1.835906323665120049e-02,3.730578478015601947e-03,5.961527024264402222e-05,2.801784324728564656e-03
9.626671239052639883e-01,2.810671012700504540e-02,4.786829969387343224e-03,4.471862024356344691e-05,4.394617378100060777e-03
9.679409522580970648e-01,2.453327323882583885e-02,3.991998837626020702e-03,2.784671420426273436e-05,3.505928951246769024e-03
9.218317396149739995e-01,5.893086734399811261e-02,6.658463161503319280e-03,4.227082475298035447e-05,1.253665905477170661e-02
9.395237098497135619e-01,4.176686032224687095e-02,4.345640993726030722e-03,2.692415779155626809e-05,1.433686467652209827e-02
8.605564804054982586e-01,9.076806513004978538e-02,9.238234454529155315e-03,4.975839640792374587e-05,3.938746161351485559e-02
8.318921952645599305e-01,7.600734555646468382e-02,1.603870281074769311e-02,9.947211089968284144e-05,7.596228425732798328e-02
7.119308618214980067e-01,1.130182392008292902e-01,2.632804139908943852e-02,1.358820142724430748e-04,1.485869755643108581e-01
6.237276374014446567e-01,1.914840677189212914e-01,5.399452312878055826e-02,1.603125251348927840e-04,1.306334592257185345e-01
7.408442713451648398e-01,1.347471364814302186e-01,2.986931073219699709e-02,1.028322609930753444e-04,9.443644918021491808e-02
9.203681722910846963e-01,4.861150905559610130e-02,1.072860889514145634e-02,4.212601165328624226e-05,2.024958374652462492e-02
8.812872561789344417e-01,5.704955623251974778e-02,1.985589232006797211e-02,1.337168535443456407e-04,4.167357841493337517e-02
8.387308315466431852e-01,4.879076092500213985e-02,1.738935674654096958e-02,1.340983106099081579e-04,9.495495247120375182e-02
7.042777784994297408e-01,1.036174800284351549e-01,2.605358407336869769e-02,1.951326150706041097e-04,1.658560247836957380e-01
5.181505009959163077e-01,2.286547641389732877e-01,5.518341587771341539e-02,3.237893734102392524e-04,1.976875296139866955e-01
5.481685144602012061e-01,1.733284926656076252e-01,5.014485610101798024e-02,4.086680820105658167e-04,2.279494686911627266e-01
6.767686136438177957e-01,9.802396468973278987e-02,2.466181527177970650e-02,2.883183035793201294e-04,2.002572880910903352e-01
6.071550742209594898e-01,1.252142871927679479e-01,3.497919694788452494e-02,3.203488661784050732e-04,2.323310927722097297e-01
6.421286994644447299e-01,6.598738983103624722e-02,6.377455434608336748e-02,7.412628059819543732e-04,2.273680935524537983e-01
6.704107979567195397e-01,4.009148312590064822e-02,4.044282410947126760e-02,5.914680548411233377e-04,2.484634267530675122e-01
6.913897449845947119e-01,5.871947120185341124e-02,6.656078573597458414e-02,6.376444318536335105e-04,1.826923536457235320e-01
6.722188054631998977e-01,6.984734085990686181e-02,6.072599716908365364e-02,7.406357926604970401e-04,1.964672207151491046e-01
7.268450630864444761e-01,7.859024009086859608e-02,6.851423516832234883e-02,1.033322023278712221e-03,1.250171396310858773e-01
7.246093953136761856e-01,1.197105040202198351e-01,7.743601319502538272e-02,7.480383468814861235e-04,7.749604912419710834e-02
6.102705285989216133e-01,1.600419072106742113e-01,1.552205944193894294e-01,1.533168932776519770e-03,7.293380083823813864e-02
6.178586019173238908e-01,1.321603506228452574e-01,1.970957476066639846e-01,1.651301108773031148e-03,5.123399874439370921e-02
4.200014965635022191e-01,1.432139879958862216e-01,3.319910738909058190e-01,3.930839082218876880e-03,1.008626024674869059e-01
4.173942549363361953e-01,1.763085412488806514e-01,3.137160951262840114e-01,4.306926796100818064e-03,8.827418189239837065e-02
4.029178200976023527e-01,1.825177342555468485e-01,3.162283707218341844e-01,3.449781427225822282e-03,9.488629349779081901e-02
4.687286621929017127e-01,1.882272553009390892e-01,2.678597605444988372e-01,3.243016614276014210e-03,7.194130534738432670e-02
5.380436990612910142e-01,1.573864271870887288e-01,2.524474991594207185e-01,4.816418907113883402e-03,4.730595568508549204e-02
3.191002237372492223e-01,1.760440629634314746e-01,4.405795383261884579e-01,8.056366963439875323e-03,5.621980800969108433e-02
4.474442669033798503e-01,1.839325184038762273e-01,3.106801195230471935e-01,8.202874759692979287e-03,4.974022041000376176e-02
3.917694261062292793e-01,1.844041224815975433e-01,2.973434692668222579e-01,7.010913735876582453e-03,1.194720684094742191e-01
3.234101477525598844e-01,1.596599358095430465e-01,3.643926949144764005e-01,9.243986911732343312e-03,1.432932346116883859e-01
2.737632873590118421e-01,1.700622956596929414e-01,4.545018075272582170e-01,8.503104870252678124e-03,9.316950458378417399e-02
1.371284544118364923e-01,1.939874839220629144e-01,5.616233156956794703e-01,7.492791197616941422e-03,9.976795477280418767e-02
2.481543521251345918e-01,1.103527210925766694e-01,4.856794144648109990e-01,1.205681400897909081e-02,1.437566983084986871e-01
5.053110865422665299e-01,1.318888878605635750e-01,2.723234340745784854e-01,8.047028825638206581e-03,8.242956269695314586e-02
4.126442110092106152e-01,1.720781906418518414e-01,3.525411105877824802e-01,6.161129802920759825e-03,5.657535795823424862e-02
4.179887187561102668e-01,1.473863830750955783e-01,3.925905056280130645e-01,7.135191718081176047e-03,3.489920082269994811e-02
2.313700446143174827e-01,1.669593604680231214e-01,5.604298148617409270e-01,7.697880220519869553e-03,3.354289983539852915e-02
2.089354530493399142e-01,1.410270453292596093e-01,5.980550557828047120e-01,1.023133680777312503e-02,4.175110903082270702e-02
1.179270204365614610e-01,7.222982725442604612e-02,7.689653088226736655e-01,1.519215849555572047e-02,2.568568499078312251e-02
3.259643553718096221e-01,8.491132567999454261e-02,5.459026172158971679e-01,1.024643593834509599e-02,3.297526579395352458e-02
2.802820818280335469e-01,9.037561079536793329e-02,5.821921115787694889e-01,1.404067004747466992e-02,3.310952575035430723e-02
2.584026922617828625e-01,1.148869438922872493e-01,5.777592890711354956e-01,1.145230369009245762e-02,3.749877108470192622e-02
1.340857940140063598e-01,1.032136177364400831e-01,6.178592211312484705e-01,1.302946073206882709e-02,1.318119063862363272e-01
2.284013402589855357e-01,9.339795880422244179e-02,5.810838480048309274e-01,1.128361358014938823e-02,8.583323935181177977e-02
3.318576365859419730e-01,1.154648000167335237e-01,4.721895305206869065e-01,7.145418781844993864e-03,7.334261409479254923e-02
2.442852233205132784e-01,1.074048169148921344e-01,5.213043462387314531e-01,7.328532402264456569e-03,1.196770811235987886e-01
1.387784832091207010e-01,9.444386241144110683e-02,6.352337788864895751e-01,1.147951314456215066e-02,1.200643623483865219e-01
9.153241562748422322e-02,7.511062754600289493e-02,7.150135201121274875e-01,1.590006597635927263e-02,1.024433707380262154e-01
1.844206054145720031e-01,7.803233909747077368e-02,6.213878086608584095e-01,1.419523465999377072e-02,1.019640121671051003e-01
3.662434302652110563e-01,1.143516829221340597e-01,3.797632949116152012e-01,9.560782407916492559e-03,1.300808094931233116e-01
5.413237882085599750e-01,1.137438957968642944e-01,2.695462603797533774e-01,6.915863636226014105e-03,6.847019197859627315e-02
5.781872025033505391e-01,9.714290890919423382e-02,2.715659715205830937e-01,7.979470832422234233e-03,4.512444623445006908e-02
4.329294795576454358e-01,1.417723747469906703e-01,3.483585827886995223e-01,9.204654641065412174e-03,6.773490826559898370e-02
4.444254679215904336e-01,1.237109334730783217e-01,3.550152091974267399e-01,1.230070874373490053e-02,6.454768066416961825e-02
3.228268531672446873e-01,6.461982980009724209e-02,4.763931619323897859e-01,3.442680720741098793e-02,1.017333478928571511e-01
