9.688479330877844964e-01,9.301553687850586116e-03,8.821196969866754514e-03,9.255776098107756575e-03,3.773540156390466256e-03
9.917845239507939725e-01,3.906989392504420927e-03,2.307662153527748061e-03,1.473852372346302333e-03,5.269721308275318681e-04
9.969117555472385428e-01,2.162128173659340086e-03,6.590177544057036199e-04,1.127160206753459123e-04,1.543825040211731865e-04
9.981348199880034633e-01,1.475252703107138080e-03,2.572120538238568737e-04,3.242949652972952038e-05,1.002857585358593476e-04
9.964036911031690646e-01,2.890942264208001475e-03,4.831688579600790321e-04,4.870630639850013609e-05,1.734914682644953855e-04
9.949948472010059497e-01,3.804398066840733103e-03,8.844907513506707368e-04,9.836649735540723804e-05,2.178974834473155911e-04
9.581034880612210314e-01,2.468214817431703401e-02,3.560035704022720352e-03,2.504026157248376988e-04,1.340392544471437700e-02
8.624078918715061270e-01,6.273746934857779567e-02,3.911870713410971895e-02,2.079594452022893222e-03,3.365633719378341437e-02
7.871801171229790839e-01,7.789651162494448666e-02,7.309092685442661330e-02,2.575818907323937888e-03,5.925662549032584270e-02
8.704615477132413570e-01,2.924719057988849763e-02,3.211576675278111914e-02,1.660370726867615564e-03,6.651512422722134776e-02
5.247305107433153371e-01,9.076188738946519563e-02,1.118208472261917191e-01,3.314151229937025572e-03,2.693726034110907053e-01
4.256462684608482427e-01,1.456724351042830712e-01,7.686503419567533579e-02,1.002711663768586850e-03,3.508135505754246819e-01
5.243413856206996515e-01,1.976089244587635740e-01,8.299227313565726849e-02,5.731788833172978123e-04,1.944842379015621348e-01
7.076569635246590106e-01,1.364088992550634705e-01,3.837855837103297529e-02,3.190500365430841271e-04,1.172365288127016347e-01
8.511800983199658832e-01,6.140210802163745957e-02,1.036770532158156136e-02,1.307269519388160853e-04,7.691936138487621977e-02
7.878634632794982995e-01,5.036056323227121323e-02,1.756498735475763712e-02,3.859784131741451083e-04,1.438250077202987975e-01
8.853016225459597877e-01,3.994573881217049378e-03,2.871210794056239073e-03,1.950916186449114416e-04,1.076375011601218568e-01
7.751927558106047611e-01,6.520017500037632308e-03,5.646509128724217126e-03,5.042904696883193909e-04,2.121364270909451011e-01
7.860919748173156307e-01,1.301696480696296543e-03,1.229927476086828397e-03,2.544591210718029849e-04,2.111219421048292633e-01
7.865262422357822691e-01,1.623384225956607876e-03,1.848661784979276817e-03,4.473660005050755133e-04,2.095543457527768993e-01
9.039970106829072760e-01,1.285078835956649868e-03,1.195439839313146291e-03,3.259094015202195654e-04,9.319656124030264999e-02
8.522848709884458529e-01,4.611105512979224094e-03,9.466276833306875790e-03,1.905166614153442533e-03,1.317325800511146838e-01
8.681300391780374381e-01,2.340231254220738986e-03,3.937523832375364879e-03,9.186698339357528059e-04,1.246735359014307792e-01
8.210382948499233002e-01,2.814330211856435476e-03,3.521591297292394826e-03,7.441024431991137599e-04,1.718816811977287584e-01
9.434746395141255793e-01,3.132575349261137662e-03,2.265249396432242497e-03,4.395182343704934062e-04,5.068801750581062443e-02
8.860804688001459040e-01,8.792940141360861342e-03,6.371100903797242976e-03,6.900914552305467166e-04,9.806539869946545585e-02
9.071810629186427555e-01,6.818216047816624999e-03,9.360008780446361573e-03,1.242004650845744381e-03,7.539870760224845481e-02
9.840696786557515674e-01,2.104066562573623893e-03,2.268103197975965962e-03,5.934116104164969315e-04,1.096473997328238290e-02
9.599091944540153465e-01,5.960386306501866231e-03,7.256299566135403223e-03,1.573361174764561663e-03,2.530075849858303902e-02
7.821315995210962324e-01,2.454221376770079552e-02,1.231155114512269555e-02,8.834917356909463429e-04,1.801311438303891677e-01
5.738872924410198806e-01,1.011175320467188124e-02,4.505253699898762072e-03,2.309376613107883447e-04,4.112647629930986648e-01
5.747017148861139901e-01,4.208918840688172236e-02,5.754493331831862617e-03,1.463706012201226739e-04,3.773082327739521458e-01
3.367874272705417282e-01,5.268434899659538498e-03,9.826697893954440110e-04,3.362453318671478612e-05,6.569278435072165578e-01
8.461138689284928294e-01,9.820200104113049194e-03,4.035428329170871742e-03,1.302892939287662128e-04,1.399002133442944495e-01
8.861723888591341858e-01,3.243182750323157174e-03,1.617063054176891669e-03,6.260631313968890554e-05,1.089047590232262025e-01
8.135696488274344329e-01,2.848173791433742871e-02,7.090257276501239422e-03,9.605837469540936451e-05,1.507622976070315257e-01
9.072008755543331526e-01,2.633616661039295606e-02,3.598025600837616994e-03,5.793970588401639517e-05,6.280699252855227732e-02
9.110578819845580600e-01,8.288051192015024812e-03,1.049628294616005136e-03,2.658920716176851927e-05,7.957784932164918557e-02
7.509744723541793565e-01,7.144829729455195143e-03,1.416793525760647217e-03,3.397932738727460597e-05,2.404299250632176144e-01
7.339078551746348600e-01,1.632609168851425823e-03,4.778349598209183889e-04,2.349941861112954153e-05,2.639582012780816167e-01
8.018169594674174894e-01,1.719129803612527447e-03,4.673676082478458072e-04,2.438410667344723847e-05,1.959721590140486025e-01
9.257351695296233141e-01,2.386010674726146523e-03,7.100186877677560271e-04,3.746494341948045515e-05,7.113133616446330743e-02
9.454781842358855881e-01,2.805546171053261307e-03,9.101256837330079464e-04,4.977683910069909947e-05,5.075636707022726513e-02
8.572773413180800883e-01,9.551906056925883043e-03,4.370701754637300838e-03,2.488864965594510302e-04,1.285511643737973220e-01
9.204543451052802361e-01,7.489317770079158970e-03,9.657959740843881716e-03,1.007778720671034540e-03,6.139059866312562147e-02
8.025255127166460722e-01,7.395045799102892628e-03,7.579818772794451147e-03,8.842632872640566587e-04,1.816153594241926017e-01
7.178010335678501885e-01,8.728485384192848778e-03,5.959647646322885177e-03,5.800973642411623096e-04,2.669307360373928684e-01
7.329570995382559406e-01,7.376047417669882346e-03,5.567218181248075222e-03,5.217695939894397179e-04,2.535778652688365220e-01
7.303824838060293256e-01,3.643735935255414723e-03,4.301672119160973931e-03,6.372708501316112686e-04,2.610348372894227831e-01
7.893911742083740135e-01,2.568277521611353822e-03,3.302708457524178819e-03,8.019325691414771031e-04,2.039359072433489795e-01
8.210796164197157188e-01,1.806040447824492192e-03,1.833416721052057944e-03,5.047627049969928212e-04,1.747761637064106643e-01
7.387715929016404059e-01,1.792724705082991655e-03,3.670194992930897980e-03,8.426194749511808869e-04,2.549228679253945362e-01
7.484676382721178189e-01,4.170343539804577740e-03,5.143396204516392269e-03,6.769648064504982373e-04,2.415416571771107912e-01
8.414051677635666637e-01,2.189193394557821179e-03,3.605811327864472983e-03,5.576909557038498347e-04,1.522421365583072617e-01
8.395597185534169338e-01,2.043129708473089522e-03,2.599613826196994250e-03,5.443111467113039264e-04,1.552532267652017017e-01
7.919538487839831165e-01,1.629030285840209202e-03,2.718952144186436836e-03,7.666168025655967916e-04,2.029315519834245241e-01
8.785940146472425161e-01,1.703910047582436358e-03,1.570379456532952286e-03,3.583092087027680813e-04,1.177733866399393314e-01
7.999067498515457508e-01,1.919226430159226169e-03,2.090243782522763043e-03,4.947049944729010537e-04,1.955890749412994289e-01
7.608965653995800604e-01,2.840030006747440178e-03,1.584501369214275568e-03,2.737456346754654378e-04,2.344051575897827533e-01
7.368765193170190297e-01,6.141455851624292445e-03,6.250543555398650579e-03,9.217875293989343877e-04,2.498096937465591194e-01
6.684231356316837624e-01,6.583044404936912695e-03,4.998045997183548847e-03,4.724314336270785163e-04,3.195233425325687548e-01
5.302467225300282472e-01,6.419873119475543594e-03,4.098368988723373810e-03,4.918033906113462948e-04,4.587432319711614581e-01
5.284710670279114675e-01,2.592509125200165646e-02,2.925480594848552454e-02,1.767355226959656331e-03,4.145816805446416731e-01
6.698411803489587868e-01,1.017103679023787823e-02,1.031620421663351564e-02,6.308090120986474666e-04,3.090407696320711661e-01
7.879926342222978164e-01,1.611479966316604201e-02,3.632223159279622526e-02,2.858165436600597006e-03,1.567121690851393523e-01
8.551895921493819497e-01,8.200208027312642228e-03,1.518863239432756071e-02,2.335617857069331640e-03,1.190859495719083228e-01
8.348451027033391147e-01,5.662148952841260414e-03,1.405510305942719342e-02,2.629403873530217119e-03,1.428082414108621245e-01
8.085946158389655247e-01,4.839127634499625075e-03,2.682474806088645802e-02,7.450989257104967400e-03,1.522905192085434734e-01
7.597862313838720238e-01,6.614924832010068804e-03,5.161946576616010390e-02,8.855892866298308019e-03,1.731234851516594009e-01
8.092278450053004279e-01,7.166383249268008272e-03,5.886244307195059172e-02,1.478157458997638764e-02,1.099617540835044344e-01
6.845250779973823807e-01,3.115756251960198706e-03,1.484793936020167848e-02,3.755581429038225977e-03,2.937556449614174281e-01
7.198553173381321280e-01,4.671330347625370777e-03,1.696287801417295515e-02,2.360171765589494028e-03,2.561503025344800677e-01
5.778894279971626968e-01,1.201542144742575105e-02,6.301001834962115244e-02,6.847263380666757798e-03,3.402378688251236349e-01
4.744384281496061839e-01,2.784131361241426548e-03,7.330380625676233969e-03,1.063576219762913050e-03,5.143834836437133351e-01
7.395066335804367785e-01,2.198190161618697631e-03,6.719002861586070678e-03,1.693843701850151562e-03,2.498823296945082151e-01
8.199589206244769501e-01,2.905951045551612329e-03,6.825850519187015922e-03,1.812217525368703050e-03,1.684970602854155564e-01
8.063164796625784669e-01,4.368520771739197589e-03,5.768104188968637205e-03,7.205590176398979623e-04,1.828263363590736656e-01
7.077287097122998416e-01,2.309163493584763267e-03,4.697342599414407183e-03,7.460398583449582514e-04,2.845187443363559332e-01
7.783480952278578613e-01,2.709182553406585831e-03,3.303653707819157598e-03,4.857387057788084333e-04,2.151533298051375165e-01
6.819825110854728090e-01,2.667768096870641766e-03,4.584904195024981297e-03,4.858668049123500421e-04,3.102789498177191407e-01
6.858465858189695119e-01,4.684594419595069018e-03,5.949260655348103527e-03,6.832533409932029520e-04,3.028363057650943491e-01
7.043197771266487273e-01,2.862901953284556923e-03,4.556220993090517521e-03,8.975946428018281896e-04,2.873635052841744808e-01
6.927090730578213673e-01,1.641758097141444083e-03,2.463833852034840594e-03,4.814779588592400122e-04,3.027038570341430423e-01
6.823598915915629615e-01,1.452338509778328774e-03,1.430722448768498214e-03,2.781653799146568940e-04,3.144788820699754850e-01
5.791402990739679124e-01,1.823479061394306551e-03,2.574964662370325154e-03,3.290343784518021445e-04,4.161322228238156784e-01
7.213676013528588227e-01,9.994388660126213991e-03,7.343217149864701351e-03,4.569681801367219244e-04,2.608378246570133840e-01
7.092313320169097990e-01,4.607812920613798061e-03,9.007327161236568236e-03,1.036619744379732675e-03,2.761169081568600192e-01
5.813075464684837046e-01,9.979579636876203391e-03,1.695931875399405916e-02,1.199746119298782240e-03,3.905538090213472868e-01
6.154024358535230554e-01,2.640038792220880844e-03,3.496507011398360815e-03,3.391847782198389094e-04,3.781218335646379103e-01
6.866116584351740215e-01,3.891106834937475140e-03,4.012296190806102954e-03,2.660350069276619183e-04,3.052189035321548616e-01
6.406280307681575525e-01,4.026631063097342589e-03,5.494970400592514084e-03,3.314603722321773200e-04,3.495189073959203974e-01
5.774192755774992802e-01,3.277912649389402508e-03,3.844087127199369899e-03,2.573280053271157831e-04,4.152013966405848633e-01
5.332857464961423544e-01,1.139683142580795797e-02,7.296334629345110553e-03,2.904917492651892070e-04,4.477305956994395153e-01
6.477237640183133305e-01,5.711650925285626304e-03,7.736415153973583841e-03,3.250924191091197749e-04,3.385030774833182599e-01
6.587973387596338659e-01,2.293330578569322334e-02,5.782421579361851638e-02,1.689807471464293371e-03,2.587553321895901259e-01
6.641482823362173660e-01,7.189346441249730435e-03,2.245418874125665668e-02,1.213606866975115500e-03,3.049945756143011000e-01
7.367911715932530248e-01,9.463572382492124735e-03,4.284177593179059468e-02,2.377251997325263537e-03,2.085262280951389879e-01
7.830995528434609998e-01,7.865748397802841546e-03,1.184522405794883812e-02,4.576013415878930337e-04,1.967318733591993662e-01
7.626691093380489894e-01,2.196180293798238523e-02,2.655761385985769968e-02,1.047264468208964228e-03,1.877642093959019653e-01
4.299532856679259551e-01,4.010975995729436361e-02,3.345026591549297990e-02,6.921833713085648104e-04,4.957945050879782878e-01
3.754249315682112176e-01,4.128087216899067186e-02,1.963828200725038428e-02,2.396475268822581507e-04,5.634162667286654047e-01
2.874389839802772850e-01,3.649896894914126527e-02,3.003917013837876029e-02,4.325265802430632587e-04,6.455903503519596631e-01
1.881399794831059569e-01,2.288457999545848512e-02,2.322418106612058122e-02,2.340998888836492314e-04,7.655171595664314044e-01
1.803137982917027982e-01,3.038722911961693612e-02,3.653813207182799588e-02,2.919251746144836874e-04,7.524689153422378096e-01
1.983777078235093028e-01,2.105770919633776980e-03,3.056710916003411386e-03,6.813213007305472129e-05,7.963916782107802739e-01
2.601746840615888345e-01,1.244192004585926558e-03,1.066414387501733729e-03,4.547987642444190022e-05,7.374692296698991401e-01
2.618311798705226789e-01,3.865998193162792883e-03,8.658803643145892084e-03,1.956690689226183041e-04,7.254483492242459475e-01
2.884262348846476365e-01,1.123423982778238911e-03,1.086212194514152426e-03,4.103818121168259091e-05,7.093230907568482957e-01
3.267803426013228263e-01,2.676663408200270593e-03,6.924985641061844055e-03,2.479913760529800742e-04,6.633700169733620644e-01
1.543519193033139614e-01,1.196495352271489433e-03,2.194106036501474507e-03,6.412891108747387713e-05,8.421933503968256352e-01
2.758753725323714878e-01,5.761199980236806489e-03,1.757625260856228791e-02,3.203463371488023104e-04,7.004668285416806306e-01
1.772596464327003130e-01,1.421073787957401538e-02,2.459568214115934182e-02,2.222383870273746760e-04,7.837116951595388681e-01
1.425634942019113338e-01,1.263193391560955489e-02,1.429042968030061478e-02,1.478180448878230050e-04,8.303663241572906140e-01
1.248265351265108736e-01,2.755762258441027401e-03,1.876714365697082238e-03,3.498788672545554963e-05,8.705060003626255982e-01
6.915019107600864356e-02,2.888204944374333626e-03,1.831698347312696058e-03,2.876907237120072586e-05,9.261011365599329803e-01
1.177174031077069943e-01,9.952173269657219219e-04,8.779320484243249845e-04,2.408320249515647613e-05,8.803853643144078367e-01
1.059737707959391151e-01,5.284299805068333293e-03,4.628622368813595754e-03,1.085860872712007846e-04,8.840047209429076069e-01
1.748762765754237336e-01,1.054348282427922112e-02,7.522776131109169644e-03,1.266216937079192530e-04,8.069308427754802171e-01
1.690564814852783815e-01,3.265955472576845785e-03,4.933109992852178702e-03,1.243357210727422547e-04,8.226201173282199353e-01
1.368422578099980635e-01,2.687376963042513792e-03,3.240159391055660778e-03,9.031909000282084326e-05,8.571398867459011361e-01
1.422330834580365078e-01,1.138550986544417144e-02,9.761516302094539951e-03,1.604961246552087249e-04,8.364593942497695611e-01
2.386800826675724574e-01,4.572881590676257900e-03,4.728261129459490966e-03,1.730317623312070891e-04,7.518457428499606410e-01
3.207731646100108192e-01,1.023382447818130953e-02,8.351730285599399950e-03,1.758270211526537208e-04,6.604654536050558189e-01
1.072979171525857423e-01,1.466306575344479860e-03,9.821112272209056408e-04,2.525334202662795369e-05,8.902284117028222976e-01
1.174901204934448579e-01,1.267513429289719934e-03,1.497393798575680701e-03,3.957010859185781178e-05,8.797054021700979609e-01
9.427524794211047943e-02,1.350895346552535327e-03,6.126041987347090193e-04,1.750198934796427490e-05,9.037437505232542856e-01
7.900050164100577699e-02,4.963274259758826586e-03,2.006271956061612700e-03,2.941028789032177531e-05,9.140005418552834549e-01
6.736344946316956406e-02,1.083950346599706419e-02,6.878206371792434937e-03,6.013549095461153201e-05,9.148587052080863202e-01
5.527107247404526580e-02,3.831774186903922057e-03,2.183524725640303542e-03,2.127245538559076682e-05,9.386923561580249320e-01
1.161083169219216116e-01,6.577476106260463605e-03,3.395972870514583301e-03,4.098844486390992539e-05,8.738772456564393165e-01
1.151962892423969570e-01,2.404604667170947251e-03,1.455665106044747069e-03,2.593271459862555133e-05,8.809175082697887627e-01
3.324449482260450894e-01,4.965266481612005782e-03,5.961860247420738661e-03,2.591404046466598099e-04,6.563687846402754822e-01
6.355357269510891749e-01,7.137050526697769418e-03,3.757759813791728722e-03,1.951084832523994849e-04,3.533743542251689962e-01
7.405070099305666176e-01,1.863454815943749263e-03,1.185981292004754158e-03,1.116631064500392992e-04,2.563318908550349939e-01
6.706077395020725307e-01,2.280375848961515087e-03,2.736347001856495077e-03,3.959877566240538175e-04,3.239795498904854965e-01
6.397193264277465374e-01,1.405021565487787200e-02,1.099885823998190786e-02,4.878732663926962552e-04,3.347437264110010857e-01
4.828837235449500165e-01,1.637227486035871399e-02,6.275310001288255182e-03,1.097228002280778707e-04,4.943589687931750909e-01
6.237650344408676162e-01,3.410629714951932123e-02,8.296760348167590490e-03,1.231067439571406532e-04,3.337088013174883128e-01
3.126912042224490595e-01,1.599130591924809858e-02,1.838369208246287689e-03,3.617666495862952139e-05,6.694429439850979602e-01
8.203658317413541345e-01,1.844134844280799837e-02,1.154585800447011264e-03,2.444159473304479636e-05,1.600137924206578299e-01
6.517391680961432954e-01,1.091991352916000212e-02,6.795233539764823682e-04,1.895824857254071834e-05,3.366424367721477795e-01
7.175114707951922854e-01,4.005525393378757404e-02,4.386979969041235328e-03,8.278353425700216031e-05,2.379635117677217360e-01
8.170053251553770490e-01,6.913043426582934567e-03,1.279965007118753816e-03,4.465965596794150546e-05,1.747570067549532591e-01
7.258131182704088413e-01,2.131077797477104116e-02,3.721945116356446554e-03,7.999946952512922995e-05,2.490741591689385193e-01
6.834936471158588045e-01,2.374914835795836204e-02,5.545065964161134675e-03,1.133731440936215022e-04,2.870987654179280590e-01
7.179133989012976835e-01,4.673068754597925652e-03,1.831006434791234306e-03,8.568400804367420811e-05,2.754968419012693293e-01
8.810279181368442236e-01,1.431044685474094046e-02,7.155962679508489493e-03,2.532484102899540011e-04,9.725242391861634028e-02
9.197504163718993597e-01,2.134736380563847027e-02,2.430175977013116981e-02,1.841093675533836361e-03,3.275936637679707775e-02
9.582780580796159686e-01,9.790603174059078068e-03,8.972252327996855376e-03,6.604718488725393579e-04,2.229861456945543552e-02
9.611183463519151760e-01,8.973849418793776456e-03,1.097754257937124528e-02,1.083519149637318614e-03,1.784674250028255721e-02
9.631541313066805943e-01,1.558649521398465868e-02,8.897776850247788444e-03,6.044019796268752407e-04,1.175719464945999999e-02
9.730996726671280461e-01,1.106473856676613507e-02,6.080067404957307901e-03,4.497293324324746176e-04,9.305792028715934375e-03
8.897815765413064071e-01,2.482872314932584729e-02,1.178343980931755713e-02,1.184498754780485700e-03,7.242176174526986088e-02
8.882528402353939700e-01,9.645294493642963748e-03,7.592995402811162850e-03,1.013190546314012008e-03,9.349567932183787400e-02
9.827589928119497831e-01,4.593038903127574270e-03,4.415987444909322615e-03,5.992825201587019448e-04,7.632698319854575378e-03
9.977022437769373919e-01,9.896878461703117157e-04,4.677912472664353077e-04,4.874421862237703041e-05,7.915329110033792435e-04
9.988376341689085836e-01,5.869354898198141752e-04,2.141389598241690397e-04,2.889032115597162806e-05,3.324010602914824366e-04
9.955159313805346244e-01,2.888822589400162882e-03,7.245407241048886513e-04,6.538116142391365421e-05,8.053241445364454779e-04
9.983968248695306302e-01,9.751726450909753820e-04,1.746823084598688185e-04,1.499915192029030569e-05,4.383210249981644882e-04
9.986887351876959640e-01,6.289602859541534993e-04,8.664257933613458160e-05,7.722487169303400963e-06,5.879394598442911138e-04
9.918913391155450565e-01,5.272521693236682100e-03,4.990214361309378878e-04,2.570914658480379493e-05,2.311408608502516209e-03
9.887690715861893187e-01,8.250876817265016816e-03,6.706237835245063093e-04,3.474718227959744003e-05,2.274680630741729957e-03
9.838396719209736574e-01,1.334551271324176114e-02,1.325702624490290643e-03,4.700922302376697883e-05,1.442103518270543804e-03
9.872850954252101463e-01,1.068200516983918921e-02,9.306971260813240616e-04,4.381943618363692703e-05,1.058382842685596506e-03
9.880213658331972182e-01,1.015929700557540935e-02,1.159755373124755863e-03,3.967345197854929811e-05,6.199083361239966523e-04
9.896960588371038758e-01,9.054458616940749827e-03,8.482469941992797427e-04,2.833639618812508010e-05,3.728991555678155692e-04
9.957368334698073475e-01,3.615690102833613549e-03,4.516285211921726244e-04,1.924190055990340761e-05,1.766060056066939788e-04
9.904317838097363991e-01,7.930698732878811372e-03,1.202653094348157684e-03,4.358734607411168414e-05,3.912770169626465528e-04
9.797070489520302017e-01,1.808667019251782720e-02,1.725281865844976829e-03,4.402278489365004684e-05,4.369762047134132118e-04
9.321890529240731693e-01,5.756869466700457322e-02,9.399432209471635449e-03,1.271520869255599896e-04,7.156681125251297638e-04
8.310057772384309427e-01,1.494106544609503651e-01,1.529076008368779674e-02,1.673795548610482458e-04,4.125428662069923619e-03
4.965412851307365316e-01,4.333363670339822060e-01,5.719636210173301843e-02,2.724334802569875922e-04,1.265355225329139847e-02
7.297830466811184857e-01,1.904376349229220944e-01,5.027049888026630803e-02,2.967042462123068466e-04,2.921211526948077827e-02
8.203656950173766615e-01,1.232521322595671598e-01,4.721665615852013720e-02,2.888177940957867632e-04,8.876698770440259040e-03
7.906660486695213930e-01,1.493908311405427181e-01,5.391348642617148357e-02,2.900342828140209492e-04,5.739599480950423327e-03
9.424177153291742881e-01,4.516362473465677929e-02,9.899112349165378744e-03,7.574770764576131612e-05,2.443799879357884657e-03
8.766917049583727861e-01,1.031694347425299307e-01,1.757424555469755748e-02,1.007079060463376302e-04,2.463906838353334752e-03
9.620755980663503459e-01,2.860885041896130132e-02,8.296296239196782052e-03,7.238952618497117883e-05,9.468657493066216010e-04
8.657504445250695513e-01,1.164102686199866565e-01,1.598948383829068565e-02,1.068607632882041027e-04,1.742942253364954163e-03
6.419096056990105659e-01,2.917033599078993622e-01,6.242668974139760352e-02,2.962321724943906844e-04,3.664112479198037772e-03
6.822580127869488642e-01,2.574615881269898265e-01,5.636893045431313337e-02,2.518052831795745895e-04,3.659663348568616310e-03
4.996793060975122658e-01,3.669599119852450797e-01,1.274476317639428868e-01,4.455845445118630159e-04,5.467565608787887041e-03
3.406062987574481893e-01,3.713115604279890181e-01,2.784258183602447700e-01,1.646190613726757849e-03,8.010131840591150701e-03
1.977098449780926581e-01,3.271488028066239506e-01,4.648605197089932251e-01,2.436269305463635744e-03,7.844563200826566024e-03
2.358643952880143113e-01,3.716648607090617951e-01,3.128611640880474276e-01,2.159033024731234728e-03,7.745054689014517491e-02
1.267865537138284371e-01,4.141463599600246903e-01,4.016798269829761625e-01,1.311885917698389550e-03,5.607537342547238429e-02
2.293524468395274907e-01,1.891017099327403361e-01,3.375897259108979753e-01,2.464965273196911659e-03,2.414911520436373582e-01
5.187152543543492866e-01,1.068640567062620339e-01,2.351120523269458473e-01,3.217793506151528718e-03,1.360908431062912705e-01
5.771181496677594280e-01,1.656703485609302695e-01,1.474845988730247859e-01,1.610760984400004146e-03,1.081161419138855356e-01
3.433952490434699634e-01,3.488186246947375668e-01,1.778804226532861577e-01,1.090755108984088140e-03,1.288149484995221861e-01
1.905208244355586500e-01,3.901817290185686793e-01,3.421517324200185617e-01,1.408336449619257023e-03,7.573737767623482664e-02
2.249264780657082852e-01,3.783292582558434036e-01,3.570140010565165389e-01,1.338602335096392626e-03,3.839166028683534126e-02
2.777285370047512525e-01,3.335666537054254310e-01,3.627841661530135653e-01,1.299168360519396522e-03,2.462147477629044595e-02
3.870845739703778765e-01,2.946020467356355033e-01,3.009058597978119809e-01,2.054933640467238379e-03,1.535258585570732810e-02
6.289118228563933544e-01,2.136646477415571066e-01,1.487135718754822866e-01,1.430549985364019039e-03,7.279407541203160303e-03
5.795975904190338035e-01,1.938669297680027104e-01,2.204295818297453968e-01,2.001659571546939801e-03,4.104238411671173349e-03
5.495314544986868999e-01,1.995945705107909085e-01,2.457769254802196768e-01,2.180894770766123730e-03,2.916154739536384616e-03
1.657656986175813640e-01,5.253670563567042207e-01,3.031596687220659003e-01,8.699284234143263425e-04,4.837647880234165546e-03
7.137208860703750379e-02,4.874245966259169727e-01,4.365480280778557542e-01,6.466125103742451129e-04,4.008674178815519080e-03
4.870128254810097285e-02,5.366590936409239010e-01,3.966770165855711960e-01,4.458758445673850854e-04,1.751673138083649842e-02
7.607760249062586744e-02,3.785864362500955260e-01,5.336223799456150108e-01,9.375883412432548403e-04,1.077599297242041662e-02
1.587380976921003994e-01,3.700241913645174741e-01,4.621781695145962821e-01,1.345173401120143683e-03,7.714368027665783820e-03
6.078487198977235856e-02,4.799908465863401141e-01,4.475790580593885792e-01,7.675331970557881757e-04,1.087769016744305310e-02
5.341650089590192774e-02,4.434401832060106963e-01,4.780797453745850856e-01,7.808139362772652378e-04,2.428275658722493791e-02
3.484208151381623653e-02,3.696017685968704947e-01,5.860016925914132147e-01,8.684815433886163786e-04,8.685975754511493507e-03
3.218020726238363799e-02,3.866474302137598573e-01,5.629280260824621740e-01,8.006743584762688768e-04,1.744366208291799059e-02
3.462711747162234427e-02,3.919984179276515546e-01,3.642312171391023923e-01,6.079226019964769712e-04,2.085353248596273357e-01
1.900241695734858349e-01,3.235862704448435601e-01,1.762693009041340630e-01,5.703876248010110580e-04,3.095498714527354922e-01
2.595812391497371863e-01,3.666353044175049702e-01,2.220047996107279709e-01,6.989698917951167254e-04,1.510796869302347689e-01
9.850206861684973614e-02,5.096062050503877838e-01,2.345473619191868198e-01,4.095724407876640471e-04,1.569347919727880070e-01
3.238649924449321094e-01,2.424000651444317422e-01,1.845877545014489862e-01,5.643829646793537512e-04,2.485828049445078791e-01
7.889999718054692135e-01,8.658709348083451496e-02,5.501257634474669700e-02,4.281176877177730227e-04,6.897224068123178342e-02
8.354906334269884827e-01,9.000493440181216165e-02,4.531716477033020246e-02,3.468451329397128171e-04,2.884042226792955105e-02
4.265216398893655336e-01,3.929807251323687023e-01,1.157273563306916303e-01,6.444815937591947229e-04,6.412579705381499240e-02
4.351385967409833189e-01,3.526972666187859207e-01,1.105405082641802567e-01,6.520505199248366295e-04,1.009715778561256216e-01
2.074473791172719572e-01,3.984748296486616548e-01,2.743823487128826399e-01,1.024573900083198923e-03,1.186708686211004060e-01
3.867566331495180809e-01,3.375826840212802216e-01,2.066060868972802167e-01,9.586185471794732293e-04,6.809597738474203188e-02
5.763533808322328644e-01,2.191413334870590535e-01,1.373287126867978880e-01,1.436263624208279372e-03,6.574030936970211292e-02
5.282385388409414073e-01,2.191670085689037539e-01,1.290955753115115290e-01,1.084425841466773403e-03,1.224144514371764969e-01
5.488120977681012480e-01,2.288561570219702079e-01,1.246827599181574014e-01,1.013539391443272911e-03,9.663544590032782655e-02
5.824820480743198026e-01,2.051723397982600783e-01,1.384203038347162074e-01,9.989890729261170083e-04,7.292631921977782428e-02
8.376044064686811730e-01,9.423835696573679144e-02,5.308029601421979798e-02,4.506045036975691253e-04,1.462633604766492255e-02
8.368870539975656886e-01,8.580764421698944266e-02,7.206425718722520024e-02,5.215667315394683246e-04,4.719477866680235091e-03
8.355909567692519913e-01,9.917928601032623137e-02,5.977168086591021917e-02,4.566742918745837049e-04,5.001402062637093707e-03
6.251215098655714675e-01,2.592274007738717967e-01,1.073484146941021539e-01,4.714903648190788910e-04,7.831184301635580811e-03
4.455371319366533411e-01,3.492542103831717260e-01,1.967802331919421832e-01,7.048839734303097813e-04,7.723540514802448159e-03
2.548597185997595882e-01,4.748294701611148194e-01,2.630232589863271686e-01,6.289931992439098908e-04,6.658559053554545873e-03
2.090276797050353574e-01,5.714628941449999555e-01,2.084814711757034533e-01,4.107326108506152316e-04,1.061722236341081614e-02
1.034551832135937738e-01,5.947412522789543576e-01,2.901123542294700708e-01,4.119109516581833329e-04,1.127929932632353895e-02
1.637374167842766959e-01,4.919891619315566733e-01,3.364934608805453253e-01,5.872684025565179074e-04,7.192692001064874413e-03
4.998255768331009291e-02,5.993818499247935971e-01,3.467527996741621710e-01,2.575396072466339874e-04,3.625253110487573673e-03
7.429354601970974969e-02,5.511808748035448291e-01,3.689207108536332047e-01,3.476419698224510126e-04,5.257226353289829075e-03
6.764943784420235362e-02,4.109174077207078390e-01,5.175779968319166313e-01,7.077689208116501318e-04,3.147388682361439149e-03
3.413610709945674726e-02,4.357410228965731269e-01,5.258077776993348440e-01,5.841168091423183358e-04,3.730975495492865578e-03
6.802446983347001930e-02,4.740495723257163729e-01,4.536382000905937462e-01,5.862770282668453101e-04,3.701480721953011744e-03
1.875549124337947127e-01,4.106792412234198664e-01,3.968514802882269210e-01,6.263150661724441615e-04,4.288050988386116723e-03
2.081067697429516139e-01,3.810920697079913100e-01,4.050399167713529813e-01,8.640529959599474626e-04,4.897190781744221490e-03
6.139746250545254774e-02,4.244318273752640258e-01,5.061152112489772925e-01,8.163564630658533099e-04,7.239142407240332228e-03
2.330017410522625468e-02,4.241420574978300717e-01,5.426068010102049755e-01,4.490832622552346420e-04,9.501884124483606087e-03
1.662602052363960567e-02,3.250195037813941035e-01,5.765766849057377685e-01,4.199698193297039805e-04,8.135782096989885304e-02
2.477367915991715228e-02,2.407994273860307732e-01,4.116889819555397123e-01,6.525025393840668247e-04,3.220854089591282943e-01
1.189669011367446884e-02,2.163681634836713830e-01,2.443212692294395028e-01,3.087667710296387131e-04,5.271051104021851064e-01
1.388865124040644106e-01,2.273493660382646109e-01,1.987695656128699584e-01,4.340841202750998296e-04,4.345604718245259512e-01
1.841316293071102173e-01,5.561160396286269486e-02,1.200313596046661407e-01,9.958201150222347007e-04,6.392295870103388289e-01
1.991767466615722848e-01,1.099837149298137084e-01,1.245913460244169046e-01,8.061965019643083531e-04,5.654419958822328729e-01
2.202052220784032344e-01,1.253161395983673487e-01,1.003391116517084042e-01,9.243060362467874283e-04,5.532152206352742851e-01
2.421799670467222887e-01,2.444020803103404971e-01,9.217966958169662717e-02,4.949914252566263179e-04,4.207432916359838404e-01
1.029574584157631340e-01,2.760433716887351618e-01,1.382249623318804743e-01,6.714746709567079742e-04,4.821027328926645317e-01
4.156804235403196990e-01,5.169082634293128975e-02,2.278029695854385389e-02,3.387773801084280356e-04,5.095096757780966934e-01
6.370036396732007278e-01,1.522318010859891567e-02,1.487362589336500319e-02,7.596352146397906827e-04,3.321399191101956361e-01
7.125816854333881789e-01,3.531193334108457659e-03,7.214311792657449388e-03,9.446408515522598673e-04,2.757281685882934097e-01
8.097373061354571355e-01,3.140025571898802468e-03,1.373107314372409155e-02,2.307479779398156558e-03,1.710841153695218109e-01
8.921141104021907964e-01,3.152340869892309230e-03,1.129582710142504678e-02,1.827684745413691702e-03,9.161003688107818843e-02
9.692497272678244347e-01,1.827972228935351986e-03,3.254055146830471881e-03,5.164379737404411596e-04,2.515180738266920013e-02
9.875208532879248269e-01,2.044315786071789365e-03,1.757666914449316359e-03,1.756116809136252035e-04,8.501552330640715222e-03
9.955054772702121024e-01,1.173893944681429725e-03,5.350147043404679999e-04,3.826042094171103598e-05,2.747353659824347191e-03
9.953927466899227250e-01,1.506456211884230198e-03,8.457521529914537777e-04,6.910722241493644474e-05,2.185937722786595108e-03
9.766406561366048900e-01,4.155385481686287366e-03,2.893872563141985758e-03,2.824594319280881722e-04,1.602762638663866868e-02
8.300330793036957422e-01,4.098825877635010190e-03,3.841450234907680707e-03,3.789412455123481252e-04,1.616477033382492379e-01
9.475484111672896059e-01,7.562577661770325185e-03,4.675023735395488801e-03,3.237534107931203608e-04,3.989023402475137120e-02
7.934079058542158336e-01,1.663314559038528082e-02,5.362352919920254472e-03,2.854411779983134019e-04,1.843111544574802529e-01
6.171085774403789470e-01,1.039006279575973787e-02,5.395799496053572952e-03,2.441549087589111201e-04,3.668614053590489865e-01
5.024276113606912508e-01,8.282045981870642115e-03,4.038755404414633501e-03,2.262309579195678397e-04,4.850253562951039044e-01
4.687295074402116346e-01,9.541710694680748811e-03,3.949546340595396464e-03,2.171238253357422963e-04,5.175621116991764303e-01
8.150489369035470721e-01,8.395280049709411690e-03,2.971046483043022872e-03,1.834465615641569429e-04,1.734012900021364156e-01
9.029714498634182629e-01,3.293289873719875988e-03,1.819691001775517901e-03,3.008195421796348141e-04,9.161474971890673502e-02
9.824066503856421217e-01,3.313840617754795423e-03,1.232657655467019921e-03,1.322426598775022213e-04,1.291460868125869806e-02
9.061711080296750431e-01,1.599643638053114061e-02,7.699970049313218864e-03,6.454932731624400634e-04,6.948699226731835932e-02
7.512732711640398575e-01,8.605973750387616028e-03,6.755163621116166972e-03,6.428141317348565458e-04,2.327227773327215365e-01
7.911268091555651027e-01,1.266264672381766515e-02,1.016328981733844068e-02,6.902174197982747237e-04,1.853570368834805415e-01
7.995695394268502731e-01,1.972414552024466181e-02,2.086756017343642869e-02,1.009289340417234785e-03,1.588294655390512788e-01
8.980638529185857033e-01,8.309103068519549384e-03,1.423553457466490008e-02,1.180491830986276193e-03,7.821101760724356866e-02
9.292036753011835293e-01,4.058965901528399124e-03,4.594706769007007863e-03,5.944498041397250094e-04,6.154820222414118108e-02
9.195756557326495439e-01,5.805387801535171095e-03,6.519088960755902926e-03,5.143906930332225926e-04,6.758547681202602131e-02
8.893009219758326589e-01,2.667621431463631110e-03,2.992685767292866100e-03,3.452741388198480471e-04,1.046934966865908784e-01
9.220080348061691078e-01,1.013939025148063999e-02,4.509210823243758361e-03,2.079039190803234351e-04,6.313546020002612502e-02
8.788262362272304395e-01,8.867730753433781393e-03,2.361292174582993973e-03,8.652511867142864341e-05,1.098582157260812875e-01
9.367973201713151177e-01,3.468496166892718995e-03,1.031556189900728268e-03,4.601594324544760209e-05,5.865661152864590916e-02
9.862484339208853479e-01,1.719525718303459641e-03,5.823742564326793219e-04,4.025657796724630311e-05,1.140940952641108716e-02
9.699529695458469769e-01,6.703596827964690766e-03,2.509087074476596887e-03,1.313042619166281447e-04,2.070304228979506431e-02
9.966103361138696215e-01,1.064116018540127917e-03,3.864761396960797544e-04,3.150385173435159286e-05,1.907567876159752809e-03
9.861845278645758883e-01,1.080824857327648087e-03,3.293416000934739664e-04,3.215439082641082999e-05,1.237315128717657482e-02
9.694054780752778822e-01,3.117282184226391386e-03,3.343586402372023675e-03,1.722099852007969107e-04,2.396144335292298838e-02
9.468275281721634240e-01,2.612563910542865971e-03,1.318364646129639630e-03,8.004784252964959124e-05,4.916149542863443300e-02
5.780458102016192701e-01,3.804811410979358141e-03,3.051434794100273823e-03,1.230329771890067655e-04,4.149749106161120249e-01
3.279868422130287064e-01,1.569964591060308071e-02,6.017598002654941242e-03,1.370180416761896617e-04,6.501588958320371203e-01
2.693352526367400190e-01,6.592664342038789468e-03,4.139809547982596302e-03,6.330295944739341226e-05,7.198689705137912842e-01
3.812262960542044388e-01,3.888006203476539191e-02,2.204844925281042312e-02,1.908650665286561968e-04,5.576543275916910902e-01
1.324463280758221562e-01,5.972439496810027365e-02,1.440228881963000543e-02,4.790322821480000901e-05,7.933790849082327234e-01
1.125174915349026056e-01,3.087931740779840603e-03,2.328427943689756214e-03,2.654579489007948971e-05,8.820396029857378029e-01
1.144845777764551681e-01,1.052165631297864029e-02,3.505122790395784685e-03,3.885044482471404612e-05,8.714497926753457246e-01
2.481645934504477999e-02,2.456377790911576722e-03,7.519939010422015254e-04,8.279694425505837175e-06,9.719668892685759953e-01
1.219885306116878614e-02,2.640504876005558572e-03,1.449208711731538078e-03,1.020028810877313360e-05,9.837012330629854029e-01
7.129359880078020573e-02,1.772470959196274874e-03,1.090301578070188406e-03,2.110548134627475428e-05,9.258225231806069822e-01
1.083061444261555623e-01,2.691104057608142367e-03,1.515451456460989573e-03,4.452459613474160307e-05,8.874427754636405874e-01
8.657554132493480714e-02,9.823637132350467472e-04,9.113930653671117139e-04,4.090381041488644147e-05,9.114897980860481308e-01
2.650574991893279164e-01,1.112756411581818008e-03,1.079447291510348284e-03,5.217165698986124902e-05,7.326981254505902097e-01
1.774471548885672434e-01,1.104053678326084170e-02,1.214692383459454322e-02,1.830790136787103996e-04,7.991823054798988801e-01
1.740537191287265528e-01,1.882203629452328109e-02,9.492441274412224614e-03,9.669339804564466693e-05,7.975351099042922165e-01
1.236412242022832675e-01,2.998299118062252959e-03,2.203438138203961567e-03,3.543307889631503626e-05,8.711216054625542382e-01
1.874961149665850257e-01,5.578527091440085330e-03,5.871589818907591019e-03,6.680805999611403527e-05,8.009869600630711295e-01
1.592944954338547658e-01,1.290857663565187462e-02,2.011886334343844854e-02,1.757179462350026635e-04,8.075023466408199901e-01
1.442801288682840632e-01,1.136054688962083448e-02,1.943042859976966061e-02,1.904929383276573053e-04,8.247384027039978971e-01
2.016145541929077190e-01,1.044557121176829632e-02,1.038505871752613552e-01,1.545769103908856785e-03,6.825435183161537855e-01
1.430589928290003365e-01,1.493177608902895815e-03,3.813937203818759062e-03,9.952438386049377011e-05,8.515343679744173944e-01
1.225422481704343536e-01,1.008299113696227173e-03,1.316707977966495840e-03,4.116398404976281684e-05,8.750915807538530711e-01
1.893255772086764044e-01,6.457214200227706126e-04,5.387071034379541969e-04,2.160989741548051927e-05,8.094683843704475468e-01
2.990971713869005066e-01,1.103602946542857300e-03,1.047338485707555644e-03,3.922242238150788741e-05,6.987126647584676054e-01
3.604398226735603394e-01,3.328090761711523411e-03,1.900008946752572295e-03,5.110094002376154424e-05,6.342809766779515801e-01
2.647241725708775473e-01,1.392979246216227880e-03,8.919385782865714039e-04,2.709947830247683102e-05,7.329638101263173944e-01
2.340837116407351315e-01,1.217818669613858788e-03,6.491324495197920135e-04,2.093443055999237983e-05,7.640284028095711832e-01
1.165675750679744244e-01,7.791901329759486376e-04,2.807580324245820464e-04,8.586680619486923230e-06,8.823638900860054646e-01
2.576808232382840624e-01,1.255199561842303612e-03,6.573332051337554306e-04,2.508061367142632798e-05,7.403815633810685304e-01
1.441227784368939169e-01,1.689106128315852415e-03,1.793643376697867924e-03,4.147489488814008149e-05,8.523529971632042290e-01
1.682671196133115332e-01,5.094413024527497981e-03,5.343109899092072027e-03,7.747758992313325520e-05,8.212178798731458729e-01
8.852276612852884308e-02,2.092170257163081595e-03,1.115131679020734930e-03,1.557806706706184701e-05,9.082543538682202877e-01
1.110852320636637469e-01,1.092836734763197835e-02,1.166622571678309003e-02,9.445207346308087031e-05,8.662257227984581087e-01
2.454750251845104203e-01,1.332621125878458461e-03,1.456212021524053504e-03,3.871785727362422202e-05,7.516974238108133921e-01
2.701310646859079179e-01,3.309905660953094478e-03,2.630927494092643888e-03,7.053824211549736376e-05,7.238575639169309017e-01
1.188533985692981493e-01,2.220584826573594999e-03,1.103907425669458341e-03,2.271770552786678027e-05,8.777993914729309566e-01
