5.059677067979462262e-01,2.258839088502991727e-02,8.271178283855400160e-02,2.688774893415143627e-02,3.618443705443183944e-01
9.854229574152350013e-01,1.901179008875443586e-03,1.304734935062307633e-03,3.050188227108016105e-04,1.106610981811639687e-02
9.964187051724540112e-01,7.737128392730434996e-04,2.723891955344416083e-04,8.665425678106002539e-05,2.448538535957351953e-03
9.915301381387441326e-01,9.080080703401393911e-04,1.740173833402887361e-04,5.357098350434373141e-05,7.334265424071131911e-03
9.956610995285324339e-01,2.236495712527672083e-03,2.067776134155729505e-04,2.042149258648611650e-05,1.875205652937810170e-03
9.979308758538074642e-01,1.308694234170569874e-03,1.177991956718827646e-04,7.809629495658027392e-06,6.348210868543957856e-04
9.969173270452789115e-01,2.359538125113622153e-03,3.203704767939502388e-04,2.438128725716990006e-05,3.783830655563472285e-04
9.960789272701592312e-01,2.910021004165473137e-03,4.743553754514538701e-04,3.406713776440133151e-05,5.026292124594861901e-04
9.821455215322890675e-01,9.847756698048404714e-03,6.434063184667224503e-03,6.727856960464398493e-04,8.998728889488544344e-04
9.248895639662995105e-01,3.905285192409442552e-02,2.824879684714488165e-02,8.093964729833499558e-04,6.999390789477781191e-03
9.269744445703108626e-01,2.781051100848512536e-02,2.987228474881623019e-02,8.612736684723287794e-04,1.448148600391537671e-02
9.651875869236560268e-01,9.390621794365255903e-03,1.023833054901340106e-02,4.330443960055270318e-04,1.475041633695981826e-02
9.742931285342680825e-01,6.858504409910035245e-03,3.702829935324058151e-03,1.392319800095483616e-04,1.500630514048832513e-02
9.340127137198873664e-01,2.686971658570205465e-02,2.535134047732143930e-02,4.368218421488668070e-04,1.332940737494015503e-02
8.949711655431857871e-01,2.483838081609699225e-02,3.410125303439824618e-02,5.125576955346990279e-04,4.557664291078425411e-02
9.514933436086309149e-01,7.350809344110351140e-03,1.766162511806742760e-02,1.237682730590111560e-03,2.225653919860132168e-02
9.476892465003445842e-01,3.167661533004118273e-03,3.950903947674912035e-03,3.024560009031272831e-04,4.488973201807321817e-02
9.607962620068757342e-01,1.064064650838608857e-02,7.514199935754670850e-03,2.286266374995878981e-04,2.082026491148391764e-02
9.607504794236202406e-01,1.394870351575633717e-03,9.077539223767784387e-04,8.325152861141082159e-05,3.686364477381599142e-02
9.538186666451261564e-01,4.120435147688656860e-03,1.923165060234981400e-03,1.668268874492836204e-04,3.997090625950086573e-02
9.791909273778180989e-01,2.980292663875644833e-03,1.217138114353019662e-03,7.345650649857892768e-05,1.653818533745459243e-02
9.765074245297619138e-01,1.045062651152534050e-03,3.948778224015678739e-04,5.635633226934544073e-05,2.199627866441454180e-02
9.816711677579307294e-01,2.978018066734444604e-03,4.702695562168817366e-04,4.718722956652142604e-05,1.483335738955148496e-02
9.862800920385400572e-01,5.980270028864654794e-03,1.150800304393941259e-03,4.122120776534376519e-05,6.547616420435781702e-03
9.637272682885080766e-01,1.215100123577528453e-02,4.830652293736850331e-03,8.048465816783511684e-05,1.921059352381192936e-02
9.654265424412075136e-01,7.477277624747678993e-03,8.339596023535313790e-03,1.512213767606251068e-04,1.860536253374904178e-02
9.726582316756161584e-01,4.103932615321291555e-03,3.828867309308903264e-03,7.796464757063960912e-05,1.933100375218319011e-02
9.570575910841870870e-01,4.908412016792296738e-03,6.662711554674788719e-03,1.372167894024197159e-04,3.123406855494343867e-02
9.396536880361413546e-01,6.826671912223168832e-03,7.236191422776495560e-03,1.627098248350539135e-04,4.612073880402389053e-02
9.678945002591635705e-01,8.490941703668508991e-03,7.533137123160642788e-03,1.142095325327370547e-04,1.596721138147463859e-02
9.485687649663941956e-01,1.558970761893047931e-02,1.615557014922119894e-02,2.076061496956292012e-04,1.947835111575841119e-02
9.322873786420238229e-01,2.190631378073318314e-02,3.387234604040294944e-02,5.296021796237662758e-04,1.140435935721628539e-02
9.541190883662190592e-01,8.680653767065175247e-03,2.196319981807123151e-02,4.762032445727351865e-04,1.476085480407183896e-02
9.661546372908716984e-01,7.272612556556088889e-03,1.722887536738989048e-02,5.431461556896017206e-04,8.800728629492750310e-03
9.508134130507895909e-01,6.946367584365403455e-03,1.846349438317392011e-02,5.412500061234371083e-04,2.323547497554758270e-02
9.406787187906071601e-01,9.272050239264254673e-03,1.657049431123440442e-02,9.720514591343921073e-04,3.250668519975993820e-02
9.129139439610962636e-01,1.427136466228115172e-02,2.055200499450321461e-02,8.586910789186989095e-04,5.140399530320065996e-02
9.552509707063011613e-01,5.862161973761292368e-03,1.524689334669527760e-02,1.281863235292151270e-03,2.235811073795004184e-02
9.033349608033600653e-01,9.863689497544472773e-03,3.185087139319928151e-02,1.174048358143934233e-03,5.377642994775218982e-02
9.386803013535298668e-01,4.473252458629124739e-03,1.264697054130338102e-02,1.210804503220580660e-03,4.298867114331693384e-02
9.171912111512521282e-01,1.058011675551040129e-02,1.773262176006861965e-02,1.340901642436848756e-03,5.315514869073194315e-02
8.972922341515267020e-01,1.103473286255337443e-02,1.456959235901016288e-02,1.130677842094073796e-03,7.597276278481557288e-02
8.037830358454431945e-01,2.061920861593414395e-02,1.014242997381042399e-01,8.784802298190695635e-03,6.538865350232779539e-02
7.806960346463692746e-01,2.240131719909592076e-02,9.913859340391126262e-02,1.587277758811954376e-02,8.189127716250400868e-02
8.731062947198933166e-01,4.745088545957924439e-03,2.788556172299690855e-02,6.773091466695198293e-03,8.748996354445667811e-02
8.189556460570066587e-01,8.912004125935971133e-03,9.264185618887835205e-02,1.829220148809258817e-02,6.119829214008654095e-02
7.670078960844550764e-01,9.585383719557017540e-03,1.490382271602861408e-01,3.783351974142051821e-02,3.653497329428122276e-02
6.077286444762612927e-01,1.255568512358426134e-02,2.775597612790068891e-01,5.452279205326522604e-02,4.763311706788226491e-02
8.501218320719697852e-01,7.829744482765887623e-03,7.017473269904644928e-02,2.937157429394757907e-02,4.250211645227035956e-02
8.585119957941879099e-01,8.051055771817085607e-03,5.219204295371978469e-02,2.761421419718145323e-02,5.363069128309364691e-02
8.596474175189581235e-01,7.784503858233974248e-03,3.738261149090520846e-02,1.818231419467704335e-02,7.700315293722545529e-02
9.617333905975512520e-01,3.216785120971101409e-03,7.774812466996490826e-03,3.050649518901796427e-03,2.422436229557945256e-02
9.817740022118107701e-01,1.976650403816293707e-03,2.748376454470473264e-03,7.290683903826884488e-04,1.277190253951979680e-02
9.326169084821721578e-01,2.144126863223902620e-03,2.952338068306549317e-03,8.284839101701953722e-04,6.145814267612720316e-02
9.941112237564393439e-01,2.018473421275420159e-03,8.992822506798431488e-04,1.229782927818904345e-04,2.848042278823343602e-03
9.937607775137826671e-01,1.831236320971689306e-03,1.105426545478870037e-03,1.991303395756914313e-04,3.103429280191061321e-03
9.853927898486766201e-01,1.966165105810675513e-03,1.579120924645012079e-03,3.055277020751766856e-04,1.075639641879263912e-02
9.761919395073022088e-01,3.257493538659470521e-03,1.849038562194409846e-03,2.051601829835834933e-04,1.849636820886017136e-02
9.456297855793311946e-01,8.924203251947409460e-03,7.258480049453638547e-03,5.971561288162938403e-04,3.759037499045148750e-02
9.417702254468186540e-01,1.079826434388024906e-02,3.038491276763961510e-02,2.008395601997009592e-03,1.503820183966458023e-02
9.408725268034566769e-01,8.305959720094294868e-03,1.579952753803257059e-02,1.178590885717272288e-03,3.384339505269924608e-02
9.407094765201122755e-01,9.029699440720484818e-03,2.196059053418539936e-02,1.457840247001107245e-03,2.684239325798072964e-02
9.320064216703455307e-01,6.354360457589056793e-03,1.156841056228485876e-02,9.467363951299608655e-04,4.912407091465063880e-02
9.086105759690206174e-01,1.207739116189914669e-02,2.908090243000469727e-02,1.517420786496911879e-03,4.871370965257881824e-02
8.913675042774846791e-01,1.177605632947605237e-02,2.861904921301426652e-02,1.467896327754135248e-03,6.676949385227086420e-02
9.175867293930465296e-01,9.687288723029940235e-03,1.480184784428683481e-02,7.771933394959524254e-04,5.714694070014088995e-02
9.086175340783058108e-01,1.146328239026444748e-02,2.195688716121966394e-02,1.646010245763556475e-03,5.631628612444624510e-02
8.365305066981915116e-01,1.186452708569961031e-02,4.808837784368826668e-02,7.275526919489311989e-03,9.624106145293116754e-02
8.640663080152860553e-01,5.239132362712735358e-03,2.809163447469727182e-02,5.027291937895059064e-03,9.757563320940901286e-02
8.922453402113151855e-01,6.008802684414261963e-03,1.861325159635628113e-02,3.536018523185642092e-03,7.959658698472880933e-02
8.494137674555038986e-01,1.959528119053210310e-02,5.409291164631642446e-02,4.755089316584467513e-03,7.214295039106299878e-02
8.700417411732326300e-01,1.037214927054512514e-02,4.643899081723258659e-02,4.550366538229383938e-03,6.859675220076022484e-02
8.446884857316896422e-01,1.984097863752655802e-02,3.383543456575107550e-02,2.045259418192046756e-03,9.958984164684073215e-02
8.603694169811787473e-01,1.349125652095406469e-02,1.276464985173921679e-02,7.658680525530060616e-04,1.126088085935750688e-01
8.912444252539777345e-01,1.470075764013900957e-02,1.661896842731144103e-02,1.091858301210527678e-03,7.634399037736119831e-02
7.976567295942627034e-01,3.847909151017566559e-02,9.415438019397134872e-02,4.568489373309345472e-03,6.514130932828089693e-02
7.824523691123370650e-01,3.782324975097069164e-02,4.644793253013144996e-02,2.520075148298445231e-03,1.307563734582624093e-01
8.133035316048413677e-01,3.065898921590458695e-02,3.169229271062815045e-02,8.231327020247038509e-04,1.235220537666013724e-01
8.370431445607224852e-01,1.676434528198570556e-02,1.788920376198275403e-02,6.743022671557677731e-04,1.276290041281534227e-01
9.134039591036769989e-01,1.402131867347121072e-02,1.316527706669523047e-02,5.693072309488548914e-04,5.884013792520779995e-02
8.788522392421723728e-01,1.731584273133220109e-02,2.564978764334759423e-02,1.350003635151686681e-03,7.683212674799606845e-02
7.998187744642473174e-01,2.042859067828777658e-02,1.278173706183760756e-02,5.061249457991332879e-04,1.664647728498282464e-01
8.286082196396734600e-01,2.394766434190214593e-02,4.483610815225529816e-02,2.840736097230037345e-03,9.976727176893908366e-02
8.670636443793303672e-01,7.325521237650207441e-03,1.497757223574607000e-02,1.380297539350129610e-03,1.092529646079234001e-01
9.205594119444316936e-01,3.879436061753374545e-03,4.594609884898350274e-03,4.004153165958800943e-04,7.056612679232082685e-02
9.370499115616420793e-01,5.450500671010121215e-03,3.708959777465433566e-03,2.122711231423517718e-04,5.357835686674000675e-02
9.490656570371700518e-01,5.002797936475149830e-03,4.350341509475942094e-03,2.989767634559068431e-04,4.128222675342289177e-02
9.591038050014673022e-01,6.546127050796181172e-03,5.871444828111374581e-03,2.935203165627774244e-04,2.818510280306218974e-02
9.605215416165353570e-01,4.085660300578089835e-03,4.405646351159288321e-03,2.401542021736866647e-04,3.074699752955338886e-02
9.442610214923227163e-01,4.215071484910565616e-03,3.143069083691689067e-03,1.276159477459077717e-04,4.825322199132928147e-02
9.363427155763462961e-01,4.375573444045634253e-03,2.542487440561980085e-03,1.276040285249678357e-04,5.661161951052113422e-02
9.700971996839938827e-01,2.835237343470221882e-03,1.858110724857472713e-03,1.285089914119519610e-04,2.508094325626636714e-02
9.793474063761102855e-01,5.119583158384656552e-03,3.261948105970244923e-03,1.731089670999403014e-04,1.209795339243481191e-02
9.899788189160424468e-01,2.601341071280557048e-03,1.359855276526767721e-03,1.176076666837116822e-04,5.942377069466447774e-03
9.710783712389021716e-01,4.746934791510325560e-03,3.080067255348121688e-03,2.715890536408296029e-04,2.082303766059856454e-02
9.578173812070887028e-01,1.049061858914005635e-02,1.590383576677557517e-02,1.302291966411156304e-03,1.448587247058464277e-02
9.558578006677379557e-01,1.045860192497299890e-02,1.567265324682133934e-02,1.186956976003229487e-03,1.682398718446450822e-02
9.301170956624763564e-01,8.369402136707558212e-03,4.233252195917729110e-02,4.897115374122977885e-03,1.428386486751570886e-02
9.543724905302485295e-01,1.551212384002194355e-03,4.158812565306891154e-03,9.482001836442358403e-04,3.896928433679791581e-02
9.611375530542434209e-01,2.018858549610522569e-03,3.650216971318320444e-03,8.341787741945204306e-04,3.235919265063315342e-02
9.658636601581087611e-01,3.069524828301584563e-03,2.171125125175916385e-03,2.808255168715145648e-04,2.861486437154209250e-02
9.451486622983805708e-01,8.898185377230281162e-03,1.285925102507395716e-02,1.341019756221634726e-03,3.175288154309359456e-02
8.832084334854798380e-01,1.435133283054000099e-02,7.313121231931907218e-02,6.396831564514478957e-03,2.291218980014678164e-02
8.907264610461695931e-01,6.604731232313236326e-03,6.330759989347614636e-02,1.593595667171431030e-02,2.342525115632648758e-02
8.456388688144479415e-01,7.766840128165052905e-03,6.387734294020774861e-02,2.100648789819718754e-02,6.171046021898203560e-02
8.286497862683667170e-01,1.463817787093777550e-02,8.805139585146398717e-02,1.805304078524933714e-02,5.060759922398228722e-02
8.822486769855878430e-01,6.457263988733794036e-03,5.218141156630568683e-02,1.184883614410721202e-02,4.726381131526552482e-02
9.335795282142271834e-01,4.235316138071698426e-03,1.351997482293152732e-02,2.014883475001478554e-03,4.665029734976818693e-02
9.169479948062987384e-01,6.633992642476967475e-03,2.040280808817133279e-02,5.211333360776651893e-03,5.080387110227631287e-02
9.345102746391653614e-01,6.564254921194740550e-03,1.178493719606303440e-02,2.941750005191811311e-03,4.419878323838524053e-02
9.340987809690195487e-01,6.655086102837748027e-03,1.645490942728631764e-02,3.998774533988919133e-03,3.879244896686744049e-02
9.462909917544021221e-01,3.548715611224973008e-03,1.173952593715425936e-02,2.904319485225869725e-03,3.551644721199283261e-02
9.901795266473377710e-01,2.017015200883604930e-03,1.409221280461351623e-03,2.875424870363465341e-04,6.106694384280820023e-03
9.944023630070926156e-01,1.773373937315082284e-03,1.358906660663542106e-03,3.579414376729472217e-04,2.107414957255720599e-03
9.736006669663652691e-01,3.364041607923059021e-03,3.503199931479623712e-03,7.564305448347118446e-04,1.877566094939726177e-02
9.028118158724818265e-01,1.102144792802150532e-02,1.743947989573511881e-02,1.734574316716000226e-03,6.699268198704551314e-02
9.861794109353116955e-01,3.193160350547325551e-03,3.360928986376344324e-03,3.118315543066979708e-04,6.954668173457866781e-03
9.962280546475377196e-01,1.567064430505687696e-03,7.231077616949775589e-04,8.559937427868180983e-05,1.396173785982978040e-03
9.974516076182939894e-01,8.416043328541944306e-04,7.091291780961235351e-04,2.078794189521383957e-04,7.897794518035763239e-04
9.984658267745596394e-01,5.691838719857183473e-04,2.709589710306622534e-04,5.518796390750357764e-05,6.388424185164645738e-04
9.981396246704833386e-01,1.185511943844149525e-03,2.772066014557427426e-04,3.856096289959661525e-05,3.590958213172452560e-04
9.951851623425007620e-01,3.559156880606849978e-03,8.132168389569731891e-04,6.036823872235553830e-05,3.820956992130516549e-04
9.928354346763064164e-01,4.493047053625384528e-03,1.676413508306950429e-03,9.331719115923610593e-05,9.017875706019470167e-04
9.975094184578253698e-01,1.772998279842852905e-03,4.015998152376434394e-04,2.319051338773898087e-05,2.927929337064308552e-04
9.968573242436968851e-01,2.429300756267102450e-03,3.504222125389079416e-04,1.990682713705136175e-05,3.430459603600760155e-04
9.983848259959375859e-01,1.221764409912023562e-03,2.241592184793396610e-04,1.085372991855230979e-05,1.583966457526038072e-04
9.967767910224228922e-01,2.749145075509067029e-03,2.186725214522846413e-04,9.636427537025050170e-06,2.457549530787856980e-04
9.902899435117596960e-01,9.106542697035643202e-03,3.067900556523274545e-04,9.430400666037842930e-06,2.872933348862147219e-04
9.928543045872414430e-01,6.682216183657925176e-03,2.187830495077264866e-04,6.580438044375386440e-06,2.381157415485819046e-04
9.959005159375186045e-01,3.807507543496920551e-03,1.273994269465251897e-04,4.457788992557997141e-06,1.601193030453884690e-04
9.923010931320949135e-01,7.215062569626066319e-03,2.015028722346118176e-04,4.893478813932615400e-06,2.774479472304479974e-04
9.892391288956804418e-01,1.022867342020314374e-02,2.353700023087021572e-04,5.368721309306468436e-06,2.914589604985311070e-04
9.870344568781528327e-01,1.227450772275346172e-02,3.717924800813531103e-04,6.565394192232081060e-06,3.126775248203469862e-04
9.793989604978439178e-01,1.961348830996595752e-02,4.790860230840541861e-04,6.534396522619852302e-06,5.019307725835879660e-04
9.848155318753263332e-01,1.425673150344359749e-02,5.132717018912209654e-04,6.414419027860817176e-06,4.080505003110050525e-04
9.852643801568420345e-01,1.383468129016791198e-02,3.465415393737268494e-04,5.417816282673848184e-06,5.489791973334927572e-04
9.593702833591277734e-01,3.891499456141787883e-02,7.992475949621497509e-04,9.317915434434389889e-06,9.061565690579794245e-04
9.684337662615933873e-01,3.016941583398920906e-02,5.632486400356022339e-04,7.901128396928710351e-06,8.256681359848762423e-04
9.866192381733034367e-01,1.259815718914433086e-02,2.502362629932556801e-04,5.022278020487030036e-06,5.273460965385964958e-04
9.833316279486460365e-01,1.561645504301364083e-02,3.608380814444341945e-04,7.925448571893940438e-06,6.831534783240836121e-04
9.803335212474802995e-01,1.869639070567307923e-02,3.941128620283147342e-04,7.689948015745300963e-06,5.682852368026612179e-04
9.877576539666643729e-01,1.151326612053273080e-02,3.339118865177624607e-04,6.598601191614484709e-06,3.885694250935129205e-04
9.867736457982724252e-01,1.245535256145989186e-02,3.654546827922927317e-04,6.246763482742212983e-06,3.993001939925987340e-04
9.875073862147727422e-01,1.167028754957214441e-02,3.049925775835359812e-04,6.821479472431283665e-06,5.105121785990114147e-04
9.841607007523044404e-01,1.499665747141877212e-02,3.074241949807861719e-04,7.356949428200355447e-06,5.278606318678234766e-04
9.732573706504411559e-01,2.526357894599934317e-02,4.272794070932574057e-04,7.650951378293621125e-06,1.044120045087976699e-03
9.866123984608921038e-01,1.256392308401414575e-02,2.281285806093198134e-04,5.545304277991198201e-06,5.900045702066258240e-04
9.907364058930272499e-01,8.515017080130976232e-03,1.683209842345277695e-04,4.187012423277544491e-06,5.760690301842306743e-04
9.890630995746321208e-01,1.014291225556199910e-02,2.147564297137276833e-04,5.239271569272299556e-06,5.739924685229195198e-04
9.922307650072528240e-01,7.174622976455116707e-03,1.633828310642386418e-04,4.322807150460582032e-06,4.269063780773597384e-04
9.809181577843527622e-01,1.811180113862300572e-02,3.317246663890618627e-04,6.698615425547035118e-06,6.316177952094771588e-04
9.966014736775580252e-01,3.146928016442313014e-03,6.681345430344738569e-05,2.326920987438636555e-06,1.824579307088329918e-04
9.954766044638664324e-01,4.168701355222669339e-03,7.805101453863117877e-05,3.153422324891718848e-06,2.734897440473608565e-04
9.978529137253003833e-01,1.947653528320684871e-03,4.431348696402154333e-05,2.290059763837151614e-06,1.528291996510337120e-04
9.960360732676938333e-01,3.642587772370966745e-03,6.681468548343035452e-05,3.146383629958117371e-06,2.513778908219700117e-04
9.910761525683471351e-01,8.229512279578713937e-03,1.263262421399207543e-04,4.714159203802744171e-06,5.632947507303897369e-04
9.904725464372980959e-01,8.720395672913824198e-03,1.601369406539118452e-04,4.800332904182935768e-06,6.421206162300235366e-04
9.946482577799684588e-01,4.857837769373179147e-03,1.003209089045207537e-04,3.599851319486535041e-06,3.899836904344212746e-04
9.918570702348475931e-01,7.454679499123070645e-03,1.559567496516539673e-04,4.484222469736479337e-06,5.278092939080213618e-04
9.886812163510334539e-01,1.057754665140319718e-02,1.646506990362106072e-04,4.424437280123594884e-06,5.721618612469583660e-04
9.849025290718885772e-01,1.407678115847419038e-02,2.248445745037303185e-04,5.097371291758281511e-06,7.907478238419344066e-04
9.957167066893106711e-01,3.925920504905470142e-03,8.141583893736057255e-05,2.818981194547137330e-06,2.731379856519661978e-04
9.942356536078453821e-01,5.400540705013594060e-03,1.343219823717888863e-04,4.359930032190783222e-06,2.251237747368886892e-04
9.951292044505481993e-01,4.532257073921368631e-03,9.429389975880629279e-05,3.407426074263624299e-06,2.408371496973099797e-04
9.967784468444395030e-01,2.933802723015176920e-03,5.347538589420515259e-05,2.309320320963357336e-06,2.319657263302548852e-04
9.938715027499074317e-01,5.610681913423928684e-03,9.366879183931158003e-05,3.781666869690996063e-06,4.203648779593848286e-04
9.880681909227475579e-01,1.124452493152505381e-02,2.233614461072506866e-04,6.334890933838897347e-06,4.575878086863363961e-04
9.699963892830276713e-01,2.845540620272253921e-02,4.396040324890108453e-04,8.713542622973685032e-06,1.099886939137828708e-03
9.763784903532267689e-01,2.216073484466215063e-02,3.107804111324642031e-04,5.500572849649350266e-06,1.144493818128966382e-03
9.572239641410664746e-01,4.056508428495297219e-02,5.623925199947055979e-04,8.169082064011514997e-06,1.640389971921902895e-03
9.106828234630619523e-01,8.538901783408323065e-02,1.150778803012964587e-03,1.180424226985676145e-05,2.765575657571928050e-03
9.644725580339574833e-01,3.352459078015856270e-02,4.971775487344053676e-04,6.923818718814700030e-06,1.498749818430791195e-03
9.772429760060252768e-01,2.120335506199299419e-02,3.380536550807850785e-04,5.439667371972737821e-06,1.210175609528785483e-03
9.887822859884012328e-01,1.026543428311449055e-02,1.846837081395543399e-04,3.458852828861958112e-06,7.641371675158397606e-04
9.766645584905312427e-01,2.177662045429640258e-02,3.688135458217005618e-04,6.076367154273655203e-06,1.183931142196283440e-03
9.866904352747724039e-01,1.228699719351627161e-02,2.730340063453158355e-04,5.373429733231548578e-06,7.441600956327777423e-04
9.945142571807389364e-01,5.037455177544564698e-03,2.210543558963040060e-04,5.397591348858356249e-06,2.218356944711710060e-04
9.933207837020309183e-01,6.233533528842614968e-03,1.920728294777840665e-04,4.732860111452730503e-06,2.488770795374099115e-04
9.922940844677636818e-01,7.203244824669822154e-03,2.009435741533100773e-04,4.387950343664195096e-06,2.973391830697956852e-04
9.879650243439620505e-01,1.144282064466929129e-02,2.880010631224981369e-04,6.082035151751244206e-06,2.980719130942859584e-04
9.900848708945066967e-01,9.387458198930257250e-03,2.336717818221998547e-04,4.258157146557179468e-06,2.897409675943245157e-04
9.933926423915290238e-01,6.223825581259067458e-03,1.501576323163467900e-04,2.945202311535210262e-06,2.304291925840996674e-04
9.919372367149043024e-01,7.612894630069235759e-03,1.870447750577401897e-04,3.437060917401855815e-06,2.593868190513807679e-04
9.910946128124983323e-01,8.423364382243428775e-03,1.893950845518912302e-04,3.852831039524127286e-06,2.887748896667510735e-04
9.920698825889288086e-01,7.422291944768550850e-03,1.627780834486132326e-04,3.487419035449594470e-06,3.415599638185254925e-04
9.915608345214873554e-01,7.910715381734075360e-03,1.929443885069680664e-04,4.381630501412939684e-06,3.311240777702258295e-04
9.944399936026216968e-01,5.210786556382452500e-03,1.835516275588170375e-04,4.010103279327417706e-06,1.616581101575237172e-04
9.940075217267027030e-01,5.164645628986668131e-03,6.908388039478446452e-04,2.010905623821771304e-05,1.168847841247041468e-04
9.953985004808858505e-01,4.076027074324833042e-03,3.940543340486941069e-04,1.187069691826923678e-05,1.195474138223467095e-04
9.959339409120491204e-01,3.707641423448499590e-03,2.342568014476563562e-04,6.504061866937627847e-06,1.176568011878886426e-04
9.939968552142161018e-01,5.486454604752969907e-03,3.287401092396431560e-04,5.980476468034893033e-06,1.819695953233678920e-04
9.924245923440918604e-01,6.931237167106420530e-03,3.717698739486860818e-04,8.278629315422236990e-06,2.641219855375398430e-04
9.940911629965285545e-01,5.361207021399283165e-03,2.147877433613649511e-04,4.685348438914695218e-06,3.281568902719633209e-04
9.768986055938344570e-01,2.194083941071992006e-02,5.494903841065483519e-04,8.743366628119286457e-06,6.023212447110371957e-04
9.777012608024688856e-01,2.120417044858359870e-02,6.237063019917997529e-04,9.722732655175690382e-06,4.611397143005243325e-04
9.564537468625448069e-01,4.060784531694545951e-02,2.169888464943384165e-03,2.887005382712757613e-05,7.396493017390521393e-04
9.468993261670800576e-01,4.798912885577043957e-02,4.324140809235112702e-03,4.168862341737031670e-05,7.457155444971860390e-04
9.689076846445509039e-01,2.892597820329102440e-02,1.584784431185123086e-03,1.938814361179336392e-05,5.621645773611345757e-04
9.689484347572968614e-01,2.940270683009107988e-02,1.111801169854208975e-03,1.217309767979398001e-05,5.248841450780144732e-04
9.643118016685221505e-01,3.399053022463904145e-02,1.122036174290366945e-03,1.048767664017065463e-05,5.651442559082076652e-04
9.808860698306501869e-01,1.797067950275863663e-02,6.454168762461440050e-04,6.501512499620203507e-06,4.913322778452851140e-04
8.929332146329559405e-01,1.033481198432972814e-01,2.466946405887690021e-03,1.585808205209337729e-05,1.235861035807070624e-03
9.590289506705291789e-01,3.885239155345811962e-02,1.329173206837326029e-03,1.158021240965791433e-05,7.779043567655650592e-04
9.885186149827164259e-01,1.070116442305092154e-02,4.733342143812900690e-04,7.320806617948765029e-06,2.995655732334256342e-04
9.908279228635382685e-01,8.298025958268626448e-03,6.031292479535101461e-04,1.264349898519893180e-05,2.582784312543813499e-04
9.960102493778559829e-01,3.353951627863240980e-03,4.042166835519948398e-04,1.640351837744633026e-05,2.151787923513240710e-04
9.983930335205846163e-01,1.196494565184693954e-03,2.005456303821933565e-04,1.653211580888957458e-05,1.933941680397822558e-04
9.955342061145153743e-01,3.468027256034824680e-03,6.091399320441375853e-04,3.577252905912808639e-05,3.528541683463965492e-04
9.969393332591715007e-01,1.962441292094177503e-03,3.467257714100827146e-04,2.856001311624623235e-05,7.229396642079553717e-04
9.965480795956694893e-01,2.670463424183061596e-03,3.261773035975248100e-04,2.083551018036927747e-05,4.344441663695626878e-04
9.980509296877494441e-01,1.513662878388665443e-03,1.530665812060774753e-04,1.148475330601467268e-05,2.708560993498298325e-04
9.953363808925943523e-01,3.297265841447435779e-03,3.263384625128120851e-04,1.766099637848980291e-05,1.022353807066965492e-03
9.921539367951759392e-01,5.617571703604656332e-03,1.173744267234578219e-03,4.204636055269077522e-05,1.012700873432080192e-03
9.870817973376010412e-01,7.912193629366166478e-03,3.185267731781624319e-03,2.099632884019208298e-04,1.610778012849287816e-03
9.850126309081657094e-01,8.222489621002299423e-03,5.469890660061810586e-03,1.644818469774068969e-04,1.130506963792858761e-03
9.862670711253810341e-01,4.512189819530390382e-03,4.248610424224642280e-03,2.661273152025462013e-04,4.706001315661525151e-03
9.691771536415257904e-01,7.845183195163836845e-03,8.956950404678665559e-03,4.520867057902277835e-04,1.356862605284159772e-02
9.500414521936157985e-01,1.565625975776881174e-02,1.932529628988609999e-02,1.285233729619960578e-03,1.369175802910943714e-02
9.746392723762057342e-01,8.344994928904309051e-03,7.291549049498616611e-03,5.120144352865204588e-04,9.212169210104802566e-03
9.949569448734641997e-01,1.437957365342007422e-03,1.024828831552362755e-03,1.404111179038899742e-04,2.439857811737616931e-03
9.955362075121578780e-01,2.608544512530344087e-03,8.651809127911038854e-04,7.748144721720390152e-05,9.125856153034513562e-04
9.843758008675156379e-01,8.479566435920652887e-03,4.861574823403500348e-03,2.696306177380362662e-04,2.013427255421956948e-03
9.890960290037614788e-01,5.691644342954393226e-03,3.369072297749312050e-03,2.752842920811398621e-04,1.567970063453707043e-03
9.954986146686189974e-01,2.160921723163665344e-03,1.187580864029361876e-03,8.596879107944447847e-05,1.066913953108645672e-03
9.943364421632079342e-01,2.563896165752302045e-03,1.851512196156492995e-03,6.677184468157636751e-05,1.181377630201736230e-03
9.772167570645826640e-01,5.869843461040110191e-03,8.099507106416794361e-03,1.486532949988183432e-04,8.665239072961662681e-03
9.655214659065400884e-01,9.214101817616603476e-03,1.291532892691479341e-02,1.346347711399299458e-04,1.221446857778845166e-02
9.824658512219809348e-01,3.614007035011165651e-03,4.257275151415289630e-03,1.212206983343212048e-04,9.541645893258504998e-03
9.710853515596999941e-01,9.891202491296926733e-03,3.601779932498284584e-03,1.472459915372642991e-04,1.527442002496727340e-02
9.913479615845723902e-01,3.138381440614794633e-03,6.859336797545579874e-04,4.554326950889958685e-05,4.782180025549119702e-03
9.901980841738888817e-01,3.099921504823997115e-03,5.607759914196899526e-04,4.658581735286917254e-05,6.094632512514528214e-03
9.953687152029749852e-01,1.173713685869958324e-03,1.898320449470233384e-04,2.827703214046722906e-05,3.239462034067573659e-03
9.917670757136270998e-01,2.127163122267251502e-03,9.243975673562811841e-04,6.575196308698845623e-05,5.115611633662367312e-03
9.925297436415558838e-01,1.854872682378836410e-03,1.994439506660379644e-03,1.200537557593889059e-04,3.500890413645623388e-03
9.940868566289303709e-01,1.454184491339658488e-03,1.506305153036742017e-03,1.802629191504435176e-04,2.772390807542701990e-03
9.975977109290818934e-01,1.004232596077299800e-03,5.632768007228208720e-04,7.051819977481624203e-05,7.642614743430981320e-04
9.963991593741361452e-01,1.004033604713428516e-03,1.432351918104521121e-03,4.195512463348133282e-04,7.449038567111042862e-04
9.902465056231726237e-01,2.233229953761023921e-03,3.660112436490818837e-03,8.276649552310681637e-04,3.032487031344355006e-03
9.849226763814187269e-01,3.139658692682240591e-03,4.228536356128688792e-03,6.957206716443376264e-04,7.013407898125970444e-03
9.843855613567059626e-01,3.568223276800950791e-03,6.077382496047971025e-03,7.420070124323415459e-04,5.226825858012665305e-03
9.406225375022525537e-01,1.172912396784526676e-02,3.119232157217446261e-02,3.997713003551378770e-03,1.245830395417611182e-02
9.388261994499885743e-01,1.541446417088110366e-02,3.024515510353222719e-02,2.942685443569326240e-03,1.257149583202875863e-02
9.306023147746328439e-01,1.024154992924443917e-02,3.032811299183008416e-02,3.543116757428682942e-03,2.528490554686397065e-02
9.229355475830317568e-01,1.067217251976270223e-02,2.086346215610763999e-02,3.588338158235560883e-03,4.194047958286219180e-02
9.003022339227303439e-01,1.572073027054724306e-02,1.357135930294030811e-02,1.948745986541802451e-03,6.845693051724043021e-02
8.905759191868813929e-01,2.681373041227281054e-02,2.726015194650180037e-02,2.787923766656667714e-03,5.256227468768742694e-02
8.620869314773942360e-01,3.426124943223422120e-02,3.536359870857427173e-02,2.988597978903420084e-03,6.529962240289387265e-02
8.066570904875273174e-01,3.669800657539542404e-02,6.979650504332836347e-02,5.743519516030937480e-03,8.110487837771791775e-02
8.725160632897667190e-01,1.933424975057910014e-02,2.806356087433533805e-02,2.239608017770997918e-03,7.784651806754781800e-02
8.991187634199641066e-01,4.273931796531609678e-03,5.738558800563891595e-03,7.404800085063226655e-04,9.012826597443411580e-02
9.693272584992005392e-01,6.088855222472247877e-03,4.610777237322785486e-03,3.525279014288528346e-04,1.962058113957552280e-02
9.068432788346432183e-01,1.836818840585968324e-02,9.968244879108932588e-03,4.578033767649575649e-04,6.436248450362314077e-02
9.086142361369844433e-01,1.093582816707818796e-02,3.634171519664704340e-03,2.041295283392434998e-04,7.661163464793344091e-02
8.887379458145295841e-01,1.025952795860747731e-02,3.851348922989729449e-03,3.009846635796812925e-04,9.685019264029356978e-02
8.230320200390506269e-01,1.795836585682731787e-02,7.063819909187274773e-03,3.912253681112715900e-04,1.515545688268235269e-01
7.762576217113904553e-01,2.345014857037843597e-02,1.340809126164027067e-02,5.229635164932160216e-04,1.863611749400975459e-01
7.613188951620861733e-01,3.284526064245772009e-02,2.721727736418283472e-02,1.115810211207301280e-03,1.775027566200661211e-01
7.033904791239335985e-01,4.549541568659702662e-02,3.571928094160220502e-02,1.302942109820060890e-03,2.140918821380471682e-01
7.220990838492127306e-01,4.307707911485840480e-02,7.894519540097381938e-02,2.968366210303170338e-03,1.529102754246517981e-01
8.990787868007233952e-01,1.687547335956487982e-02,3.726309116016401218e-02,1.571226566203594646e-03,4.521142211334408523e-02
8.589403908381504360e-01,1.654533744089766931e-02,2.633403313593891265e-02,8.645889676111257827e-04,9.731564961740203634e-02
9.226239130516462605e-01,7.697245826636910093e-03,8.768559002414610601e-03,4.793936954963496895e-04,6.043088842380583969e-02
8.179823527024612240e-01,2.055825071564027981e-02,2.037782182551952162e-02,8.010187873608363811e-04,1.402805559690181170e-01
7.111452546894536653e-01,3.797628029399074262e-02,1.052542555393937290e-01,2.919331628897490344e-03,1.427048778482644109e-01
7.191844340340687314e-01,5.377332771578306747e-02,1.018445750140913736e-01,1.981239056293983020e-03,1.232164241797629317e-01
8.280688679837235888e-01,2.860862210339156289e-02,2.458210842063757520e-02,5.749703935763229596e-04,1.181654310986711420e-01
8.515526263452033451e-01,2.081631531739164265e-02,2.511092794612949236e-02,8.622717114948571290e-04,1.016578586797805411e-01
7.396897798161927717e-01,3.418372269196507524e-02,4.178458696980008602e-02,1.186595888151131557e-03,1.831553146338908422e-01
6.834885976909147454e-01,3.132095975729329296e-02,3.541919006469992220e-02,1.079248899890068811e-03,2.486920035872021151e-01
6.626048391820742456e-01,2.175588841802471654e-02,2.886223711913180057e-02,7.738805265147957486e-04,2.860031547542546959e-01
5.219214871421330448e-01,3.080506809202810878e-02,5.719118687239454352e-02,1.232207056349831622e-03,3.888500508370945075e-01
7.453357373492506266e-01,2.298748438924546472e-02,3.043422845755038714e-02,7.677890376428986221e-04,2.004747607663107389e-01
6.393851211115473276e-01,2.136867725229114542e-02,3.804856911978416606e-02,1.197271239665483608e-03,3.000003612767118133e-01
6.040949444485502751e-01,2.177632032990939326e-02,8.040212065437539468e-02,2.061110501019442192e-03,2.916655040661456089e-01
5.842530764021764966e-01,2.056745564836935311e-02,5.881199658501805316e-02,1.822698815553631989e-03,3.345447725488824853e-01
6.077603152935346920e-01,1.339185681636455294e-02,2.120816177693451987e-02,1.141483379637507189e-03,3.564981827335286235e-01
9.029669240053674883e-01,5.782044101352134223e-03,2.577257727343675638e-03,1.688262397645847184e-04,8.850494792617215334e-02
8.361627272900761243e-01,1.277555095391954762e-02,1.011013077124809159e-02,5.522036789671633337e-04,1.403993873057890751e-01
8.367429499925193026e-01,6.839814486501979811e-03,6.033762362234781906e-03,3.484145765435709297e-04,1.500350585822004534e-01
8.901236133078099799e-01,6.035726767591052290e-03,1.381486662529707657e-02,8.430282743242617722e-04,8.918276502497737845e-02
7.330444955922454930e-01,1.997687483475641540e-02,1.883543646231158192e-02,7.351968042480271429e-04,2.274079963064385423e-01
7.094903595098061011e-01,2.567882925645644313e-02,5.607276933862538615e-02,2.145055378428886196e-03,2.066129865166831947e-01
7.550873895134647684e-01,1.235778246942495495e-02,1.982453108586068255e-02,1.117540236026924550e-03,2.116127566952226702e-01
6.406670724430975072e-01,2.566109463077043823e-02,2.489551734299693883e-02,1.249724247415314815e-03,3.075265913357197456e-01
6.536621111745827273e-01,2.418634220016396136e-02,3.031721007357673220e-02,1.494445703188693100e-03,2.903398908484879359e-01
4.579314604074491979e-01,5.097845368475579370e-02,1.793882318210223425e-01,3.305145496061655946e-03,3.083967085907109995e-01
8.221410905576613803e-01,1.084706482659814585e-02,2.063993497835111407e-02,1.275989273982504595e-03,1.450959203634069605e-01
8.526726534904878196e-01,1.643026353882749008e-02,3.011330932620097378e-02,1.763649911091564985e-03,9.902012373339215412e-02
8.075961167140660590e-01,8.933290516369514836e-03,7.965176024268806609e-03,5.985564270852218767e-04,1.749068603182102055e-01
8.417972257695596205e-01,1.480601039304273690e-02,9.411001868471623177e-03,5.917852179013675766e-04,1.333939767510246288e-01
6.596987625504147079e-01,2.493698638592146966e-02,3.526897530129025071e-02,1.611755879117364064e-03,2.784835198832562586e-01
6.883479466220847609e-01,4.376963751750238135e-02,1.160611352474761188e-01,3.685082283946764653e-03,1.481361983289899431e-01
9.432908935058622601e-01,1.054584291233372044e-02,1.711577442482426284e-02,1.614012173775876456e-03,2.743347698320403732e-02
8.297336337165031050e-01,3.021920589737785851e-02,4.565694388008575272e-02,2.899167376307337091e-03,9.149104912972574888e-02
8.102318823017577998e-01,2.336388360715106749e-02,3.516113551635696027e-02,2.347660538085587483e-03,1.288954380366486574e-01
5.432972012133743256e-01,4.514769416344519004e-02,8.647738602159893428e-02,5.504683660557571113e-03,3.195730349410240145e-01
4.965254244904033776e-01,3.688458040354465617e-02,1.868087093003533705e-01,1.289948506116120677e-02,2.668818007445373786e-01
7.823738151986123768e-01,8.348028624809876105e-03,1.962840750905442064e-02,2.980858323263165226e-03,1.866688903442601799e-01
5.969687157114995646e-01,1.439459511695866979e-02,2.723699660261443348e-02,2.598228947154033758e-03,3.588014636217731756e-01
6.267773794235660390e-01,1.704324158702424583e-02,3.163257558547866166e-02,2.620234983318385849e-03,3.219265684206127909e-01
5.412290522074099108e-01,2.392027378263017479e-02,1.760463218221693937e-01,1.304398009982570862e-02,2.457603720879649456e-01
4.125676464710567592e-01,2.851212537531182603e-02,1.481808124372904767e-01,7.245218881018293360e-03,4.034941968353226716e-01
3.445247935546246199e-01,3.169636414424679277e-02,2.486618330961394008e-01,1.550741790789612363e-02,3.596095912970929676e-01
4.382003729531178671e-01,3.222753951700982333e-02,8.164927499467017347e-02,3.897993017953971413e-03,4.440248195172481482e-01
3.877486904747777796e-01,3.556893641266006822e-02,2.529056753290053750e-01,1.799492607441846581e-02,3.057817717091383947e-01
2.428068655734451908e-01,3.234200545523490539e-02,5.398533437049374273e-01,2.609166764563123492e-02,1.589061176207512971e-01
4.619902340819527220e-01,4.304880229518844026e-02,2.350811509246888698e-01,1.209222355490897557e-02,2.477875891432609889e-01
8.648407289598430969e-01,1.036703376128827840e-02,1.601614732769025828e-02,1.880847774992312673e-03,1.068952421761861088e-01
8.423561825671738168e-01,8.636790624423098389e-03,9.076562977730014831e-03,1.086380354633323430e-03,1.388440834760399367e-01
6.653740690007956537e-01,1.156705804288109089e-02,4.527600199061754260e-02,5.674325931164935985e-03,2.721085450345407941e-01
5.042842243791263446e-01,1.130551121317007086e-02,5.193505564642088290e-02,7.312600387818859321e-03,4.251626083734637573e-01
5.499319103163242684e-01,1.462667113512200641e-02,2.474067014671236381e-02,3.215677615103001204e-03,4.074850707867382349e-01
6.584194571589697675e-01,1.017753453879927106e-02,3.384794276879764252e-02,8.135983169204077242e-03,2.894190823642291410e-01
6.111963820088982535e-01,1.027680041094039369e-02,6.593223345900568744e-02,2.029351520050732063e-02,2.923010689206484436e-01
5.665922705130725934e-01,5.786801844033462316e-03,6.288832345724305883e-02,2.100961054078634427e-02,3.437229936448645828e-01
4.570515828833465743e-01,8.943974399089997529e-03,6.918306463566964437e-02,1.865292190731423355e-02,4.461684561745795641e-01
4.634932178005460868e-01,1.423963589247285652e-02,1.328717756344360290e-01,2.959611147788683214e-02,3.597992591946582164e-01
6.355704932697254783e-01,8.939387375601601932e-03,9.975917363500702573e-02,2.590046165357831262e-02,2.298304840660876369e-01
5.579826040287833022e-01,9.468418938430618950e-03,1.043598707237159556e-01,2.623202856602893304e-02,3.019570777430412023e-01
6.441708623909393472e-01,6.572870720103544256e-03,4.515905987214603734e-02,6.767407414373009453e-03,2.973297996024379941e-01
