5.730085397704925976e-01,1.577242650476023619e-02,1.488669712033734334e-02,3.194186429143473695e-03,3.931381501752663210e-01
9.802612511636860093e-01,3.595171531240518893e-03,2.377896790787588192e-03,1.073711406329686240e-03,1.269196910795625070e-02
9.680556443834535951e-01,2.267922834506285162e-03,9.368693202508149992e-03,1.715025658646816831e-02,3.157482993063777128e-03
9.864988182535564532e-01,7.191601439142310780e-03,3.953780714840880554e-03,1.198724908107766905e-03,1.157074684352593381e-03
9.932743159832760904e-01,5.683807966255804457e-03,6.985964802710578452e-04,7.030530054473924074e-05,2.729742696521762313e-04
9.889999479760651635e-01,9.276419746937873689e-03,1.288442702118440097e-03,6.456667258133261971e-05,3.706229022973790417e-04
9.893963380138142139e-01,8.989666561232498299e-03,9.431736295103142686e-04,4.344337872466885801e-05,6.273784167182660642e-04
9.911495289553997612e-01,7.561972030662108407e-03,8.746356930439387698e-04,2.812982617656387629e-05,3.857334947177435249e-04
9.888673148256852397e-01,9.741189101072762063e-03,1.112542226063436201e-03,3.024932574467939370e-05,2.487045214339346955e-04
9.935581439362152212e-01,5.489202064767055751e-03,7.219751530759822540e-04,3.075325435112524660e-05,1.999255915904717812e-04
9.963734965734669657e-01,2.999782892714030619e-03,4.233522542874644523e-04,2.176104248956612630e-05,1.816072370420860986e-04
9.953627071034951701e-01,3.703809175124963323e-03,7.695342407194019803e-04,3.900987734489026531e-05,1.249396033155332920e-04
9.947612203168406664e-01,4.000456275164116643e-03,1.072598803715436346e-03,6.467896856479383181e-05,1.010456357149402626e-04
9.764420857434644718e-01,1.894076477281564710e-02,4.251868341002027624e-03,1.143441812817078541e-04,2.509369614361086753e-04
9.431452307494717635e-01,4.904662184698966448e-02,7.205332474573384986e-03,1.517656407604867650e-04,4.510492882045632123e-04
9.401033148684656560e-01,5.324862357035370364e-02,6.199944400603589131e-03,9.542988558201498449e-05,3.526872749950952374e-04
9.292477311975115839e-01,5.855185079310018526e-02,1.163640972012462867e-02,2.311661435093544537e-04,3.328421457543522411e-04
8.742317530654025726e-01,1.041161186361310442e-01,2.073941780136578233e-02,1.999332284211997998e-04,7.127772686793577839e-04
7.745555691578355217e-01,1.947344825895092613e-01,2.954580756922966372e-02,2.245912142528189420e-04,9.395494691727127512e-04
7.156973770846601912e-01,1.942690853825734254e-01,8.826326406919134115e-02,1.014922994397284917e-03,7.553504691779714406e-04
3.591240299551487491e-01,4.468027191412258792e-01,1.908063396274710388e-01,1.393170562336178706e-03,1.873740713818150029e-03
4.965108927325365684e-01,2.858060115236876197e-01,2.137665426766957588e-01,1.628469140342382691e-03,2.288083926737481243e-03
9.069764049142825524e-01,5.928708769281927637e-02,3.239749271984816020e-02,3.656859460862388442e-04,9.733287269637547938e-04
9.949964110766450487e-01,3.215043017996818339e-03,1.532557463309164401e-03,5.918309903261225569e-05,1.968053430162300681e-04
9.959133626716585308e-01,2.862047715557968289e-03,7.658252078668521291e-04,4.501235860046934870e-05,4.137520463162302348e-04
9.954682810394718251e-01,3.337914515888946131e-03,7.046787142565755745e-04,3.431961950775149584e-05,4.548061108748574000e-04
9.855184186351503284e-01,1.125199491130038192e-02,2.296746275186270590e-03,7.869941192204507119e-05,8.541407664410595761e-04
9.973013685328356859e-01,1.910156759514244559e-03,4.029084613802195102e-04,2.671684381542354693e-05,3.588494024543334828e-04
9.971019431541575662e-01,2.136393256312444245e-03,4.498368342512405792e-04,2.518275308653080926e-05,2.866440021924117408e-04
9.981073255133623423e-01,1.379277951436183461e-03,3.390909243641699591e-04,1.800192622677218956e-05,1.563036846104286746e-04
9.950960410073098616e-01,3.805045523859040303e-03,8.224949876340831344e-04,3.182693932535568055e-05,2.445915418717508694e-04
9.956931049267928602e-01,2.949984167138978118e-03,1.165222314883492807e-03,4.275137094842079537e-05,1.489372202361941098e-04
9.973524505462151302e-01,1.684624498029246116e-03,7.658836794713201092e-04,4.043025515476988220e-05,1.566110211296182597e-04
9.985082594826368840e-01,7.346992568826497079e-04,4.506846434766765891e-04,3.359411720123319916e-05,2.727624998026042667e-04
9.973283825490210086e-01,1.426618061564670185e-03,9.210042593494813506e-04,4.836395592172588125e-05,2.756311741430262025e-04
9.966331395028453777e-01,2.000851213909366887e-03,9.127194352438147175e-04,5.633440854422363132e-05,3.969554394572777476e-04
9.960750886883105171e-01,2.243658090051638392e-03,1.135537099332352721e-03,5.022582347143118847e-05,4.954902988339500046e-04
9.975636644200043257e-01,1.107844057219780536e-03,9.866081414442832986e-04,5.827808278184912465e-05,2.836052985498456859e-04
9.962438978539714940e-01,1.521075203429959714e-03,1.124942247644691298e-03,6.585119263817245294e-05,1.044233502315601754e-03
9.975831100525941464e-01,1.236998917707820981e-03,8.064246617726869180e-04,3.865082226600562794e-05,3.348155456593233611e-04
9.979042541539945299e-01,1.030731785173405034e-03,6.056650682538896506e-04,4.269635866327187862e-05,4.166526339150094008e-04
9.982589454749313251e-01,5.294587468851087849e-04,7.068819561388221123e-04,4.807551069336925601e-05,4.566383113513789111e-04
9.833646634051615987e-01,3.778494289975848752e-03,1.031103467266668815e-02,8.032132397324648863e-04,1.742594392463265316e-03
9.930703364052914095e-01,2.051270506448790460e-03,3.053104580166646556e-03,2.289191033012589940e-04,1.596369404791894491e-03
9.883243881781058615e-01,4.175753784062504088e-03,5.864248726465252394e-03,3.658280287708912766e-04,1.269781282595485632e-03
9.958963340372551931e-01,1.672189813486627159e-03,1.935048045004226884e-03,1.444424733536880576e-04,3.519856309003835024e-04
9.936607137026515213e-01,3.138202811932166124e-03,2.604855152014811433e-03,1.837121370164463037e-04,4.125161963849669692e-04
9.821443471638607869e-01,6.022120867432700919e-03,9.827729422742851467e-03,1.055797546546679471e-03,9.500049994170835493e-04
9.009812867663613556e-01,9.347862752315383786e-03,7.496286517487442402e-02,1.290550366000901665e-02,1.802481646439929239e-03
8.507693243247433923e-01,1.595918195890691504e-02,1.154697557721769269e-01,1.422301111585108808e-02,3.578726828321528077e-03
8.157883655525032252e-01,1.994321685416201168e-02,1.449791134941544879e-01,1.410132235750034824e-02,5.187981741679974744e-03
7.466230228636633326e-01,1.615326399134153421e-02,2.076861881725081682e-01,2.526663815714651207e-02,4.270886815340419092e-03
9.210505969387744463e-01,5.103137190711908716e-03,5.791658438609745968e-02,1.192456567361662584e-02,4.005115810799491846e-03
7.542251419485259678e-01,1.459441717988723200e-02,1.878547214490730310e-01,3.871999677033544779e-02,4.605722652178434115e-03
9.430995704219974352e-01,5.555344905545115709e-03,3.897766666133872793e-02,8.805182040754956641e-03,3.562235970363641403e-03
9.338552575550679302e-01,1.255787824659292465e-02,3.938739783286730745e-02,6.845993808859398601e-03,7.353472556612353217e-03
8.042922925054223349e-01,3.216978017187559213e-02,1.414013810793725290e-01,1.420421868139758008e-02,7.932327561931932711e-03
6.829742886598473284e-01,2.961530757696788363e-02,2.478575394322900805e-01,3.387310753417087372e-02,5.679756796723953519e-03
8.690627246709129450e-01,1.391649447262497535e-02,9.421751370630240818e-02,1.183574096012084478e-02,1.096752619003878507e-02
9.042054539821802184e-01,1.044446873313987882e-02,6.506544105910050391e-02,8.679720116352837231e-03,1.160491610922665014e-02
9.208505589283335624e-01,8.589422981304462371e-03,5.227557560594416064e-02,6.776531870068908114e-03,1.150791061434902271e-02
9.492492517461009749e-01,2.940423213485482065e-03,3.846126646010501055e-02,6.701155747552305086e-03,2.647902832756250397e-03
9.408349734817434973e-01,4.945411319929404401e-03,4.694959200018286594e-02,4.870896388079445742e-03,2.399126810064803553e-03
9.561154020383746399e-01,4.474053304885026484e-03,2.819595381001709783e-02,3.132241434296819445e-03,8.082349412426513904e-03
9.473776048116471227e-01,1.009193435377414398e-02,2.710488819089666712e-02,2.193142117201202224e-03,1.323243052648071308e-02
9.356096389930393942e-01,8.902392564598961625e-03,4.789844216094232138e-02,1.957978063037101122e-03,5.631548218382288924e-03
9.632962125850521584e-01,5.001747415605595042e-03,2.880849230354780993e-02,1.152901283220136158e-03,1.740646412574210246e-03
9.948780699828267959e-01,8.830067565012008571e-04,3.240734224581169089e-03,2.289990741330698754e-04,7.691899619577312287e-04
9.774355231193301297e-01,5.757820881991767246e-03,1.228632597071471592e-02,6.761283693044634361e-04,3.844201658659002121e-03
9.848071012600275731e-01,5.271707334344228994e-03,5.628973848007047184e-03,3.015285280050121258e-04,3.990689029616211782e-03
9.859125898183218606e-01,6.070450064617318245e-03,4.595623908011956492e-03,2.180940759508797570e-04,3.203242133098000311e-03
9.653249927159710531e-01,1.121021694595858431e-02,2.084679039403582873e-02,7.393953391394761637e-04,1.878604604895030197e-03
9.367546847929458798e-01,1.631277533116523223e-02,4.335605993851208984e-02,1.473884594337679724e-03,2.102595343039099368e-03
9.485233299735336132e-01,1.433004123934744460e-02,3.387174796615263772e-02,1.005310822723670368e-03,2.269569998242603522e-03
9.313594029819418640e-01,2.121051592289628293e-02,4.174229322063977704e-02,1.534562230990341386e-03,4.153225643531800737e-03
9.699887687141427461e-01,1.099465741321629594e-02,1.639793347300488868e-02,6.719260734273504532e-04,1.946714326208753149e-03
9.819808701900926140e-01,5.953063639488114130e-03,1.106658442500602774e-02,5.518264836126770840e-04,4.476552618006648964e-04
9.745453843146977269e-01,7.070444738290992959e-03,1.733929535165984123e-02,7.818792683030534665e-04,2.629963270483574585e-04
9.869421449039035288e-01,5.362031744851052106e-03,6.859771386576098140e-03,3.917873778950082490e-04,4.442645867742157375e-04
9.725696075062514323e-01,1.155483771144864488e-02,1.392661163923940119e-02,5.328045277097340953e-04,1.416138615350548673e-03
9.537462029756789139e-01,1.665732553369339217e-02,2.646806376930352020e-02,7.620325970684625402e-04,2.366375124255566328e-03
9.959085446964842658e-01,1.767787002847918780e-03,1.912383719547346974e-03,1.175761765392054959e-04,2.937084045810438521e-04
9.916533195586579863e-01,3.758179595070420837e-03,3.851942158764042404e-03,2.059480869268971183e-04,5.306106005805469273e-04
9.900973322899431217e-01,4.634082841702764216e-03,3.913011300914513886e-03,2.268755691301030972e-04,1.128697998309341130e-03
9.885388160859499562e-01,5.141724391265777884e-03,4.312195597736838762e-03,2.416502899253605396e-04,1.765613635122029483e-03
9.642537832681891130e-01,1.577984194677240284e-02,1.746607188891222476e-02,7.071598022887873357e-04,1.793143093837315386e-03
9.898605754768258214e-01,3.568409914079339815e-03,6.015234972080144189e-03,2.732069629742986763e-04,2.825726740403619141e-04
9.578611897691395871e-01,1.946098808578400341e-02,1.999759041676837934e-02,5.700218858954429237e-04,2.110209842412435425e-03
9.528367742136715224e-01,1.936016526201876642e-02,2.556629425529116303e-02,6.516943590521781515e-04,1.585071909966213888e-03
9.921740080290853969e-01,3.866252405022853941e-03,3.259749028458630137e-03,1.659633432025823304e-04,5.340271942302947860e-04
9.953740394309728012e-01,2.580671898951862695e-03,1.803687357577736300e-03,7.273907629278197017e-05,1.688622362048589867e-04
9.990094144106616003e-01,5.505027092517759306e-04,3.578492129835578010e-04,2.314038534517774909e-05,5.909328175789792215e-05
9.950802819442277070e-01,2.928841081435352555e-03,1.480025171071226459e-03,8.503868508381906869e-05,4.258131181818724750e-04
9.826503730468548747e-01,1.062276380101236962e-02,5.686152179883868958e-03,2.291597010900941480e-04,8.115512711589016300e-04
9.950496864613680437e-01,2.565245086056714557e-03,1.991567170113706185e-03,1.044663397620201667e-04,2.890349426993890614e-04
9.944299717496591917e-01,3.292001725566371002e-03,1.949738810298703908e-03,1.109075290300597365e-04,2.173801854458291664e-04
9.789414226857851009e-01,1.133188382935316520e-02,9.023983439517916164e-03,2.930435988194678544e-04,4.096664465245595599e-04
9.743995230629152182e-01,1.447688682765889932e-02,1.013189961557729724e-02,3.186089430744920440e-04,6.730815507739332584e-04
8.915010121229426376e-01,5.437621193583421636e-02,5.177442730534472654e-02,9.062540955231446248e-04,1.442094540355313981e-03
9.589004818561015497e-01,2.549103964385135423e-02,1.471166884200145013e-02,3.307894016606733700e-04,5.660202563849373470e-04
9.697164136351593688e-01,2.029790574599271355e-02,9.377420948879401294e-03,2.381169504286791128e-04,3.701427195397288057e-04
9.824791062617261872e-01,8.947146400346861136e-03,8.025299032935981694e-03,2.975344446615633357e-04,2.509138603294470212e-04
9.913381798882989759e-01,4.440724842277240202e-03,3.892916291068628572e-03,1.589950513227472587e-04,1.691839270324183009e-04
9.879883542213819814e-01,5.874016922033864323e-03,5.388660963313227775e-03,3.261307947260326458e-04,4.228370985448501405e-04
9.783249563777802749e-01,1.189324338960730428e-02,8.703152108013183924e-03,3.319658151052215836e-04,7.466823094940950971e-04
9.701606437974329422e-01,1.215868520630436142e-02,1.638567584892402021e-02,6.509431215573551833e-04,6.440520257813111063e-04
9.847697275108905357e-01,5.131164172651655683e-03,8.485999294692634157e-03,5.601343600129238785e-04,1.052974661752296330e-03
9.975922181565353153e-01,1.208354388467599910e-03,7.486030736167712364e-04,8.141986982498231951e-05,3.694045115552266074e-04
9.989576764858133506e-01,6.441317856502557252e-04,2.087841193784672881e-04,2.285630724434977340e-05,1.665513019135860624e-04
9.995125122515942095e-01,2.377496901505056362e-04,7.823676323287716858e-05,1.100952382552451894e-05,1.604917711967742929e-04
9.997078974720690070e-01,1.721328523088922163e-04,4.894275099429886620e-05,6.203708018013546246e-06,6.482321660984250225e-05
9.996779946701338515e-01,1.745421517225596430e-04,4.975568087930928065e-05,6.949537130219214591e-06,9.075796013409469188e-05
9.993119261728298230e-01,4.679844614566596784e-04,7.832479468006782138e-05,7.569908398135582353e-06,1.341946626353799667e-04
9.996721766471893256e-01,2.324441165552457059e-04,3.519423715946130843e-05,3.470632270046274070e-06,5.671436682590608273e-05
9.992196873003157398e-01,6.025553276696335664e-04,8.032494552512607546e-05,7.041638349511641505e-06,9.039078814006295832e-05
9.989729491716815568e-01,6.907694209113656976e-04,8.675330222560679227e-05,8.493661089253324979e-06,2.410344440921557323e-04
9.970782311287768040e-01,1.916414523738108619e-03,2.049864848164551488e-04,1.600477089289229111e-05,7.843630917756950604e-04
9.863787065688012223e-01,1.134389655960972576e-02,1.279126518868802312e-03,4.597441531007726684e-05,9.522959374102823484e-04
9.932485632959311417e-01,5.790189636353132788e-03,6.959162689483575992e-04,2.004203986110152303e-05,2.452887589064045972e-04
9.495688913199250569e-01,4.136103421060718932e-02,8.372791338569877950e-03,1.751808479886224768e-04,5.221022829093271327e-04
8.454883863674228506e-01,1.262352896231136445e-01,2.704027384059211336e-02,3.027731336166930099e-04,9.332770352549063508e-04
9.954797224369945630e-01,3.506835236912116908e-03,8.705308090316894081e-04,3.361974641169678462e-05,1.092917706499281575e-04
9.973156214089522464e-01,2.074310746715070635e-03,5.236318657737316657e-04,2.573131681917918955e-05,6.070466173973550439e-05
9.968718156642806250e-01,2.626053765580472002e-03,3.881678111423325812e-04,2.543472151847325435e-05,8.852803747827892023e-05
9.956436628079873286e-01,3.435278792095168045e-03,6.320690940895514398e-04,5.122894742542216423e-05,2.377603584026097825e-04
9.972256474066193421e-01,2.207015520551301822e-03,3.729000042051850935e-04,2.568069696661158896e-05,1.687563716575314599e-04
9.968288599945326345e-01,2.831697112031070825e-03,2.031172796465124085e-04,8.790503840185615736e-06,1.275351099495868339e-04
9.955930722718586701e-01,4.118329012159907196e-03,1.834404598497756003e-04,6.109130420970523052e-06,9.904912571067784948e-05
9.955767051573338744e-01,4.172520227160089225e-03,1.768794156288092676e-04,4.612383221273441820e-06,6.928281665603412990e-05
9.970266690809697074e-01,2.804863877887624896e-03,1.212160429848830001e-04,3.387578874378567607e-06,4.386341928331754820e-05
9.872109070489486493e-01,1.232149073997146523e-02,3.882726095139425715e-04,6.877660480509292985e-06,7.245194108544108971e-05
9.949146832457047562e-01,4.855471440256725266e-03,1.829415033797379805e-04,3.807298695409764877e-06,4.309651196351405847e-05
9.886412126941963585e-01,1.090868725858441628e-02,3.789016199265390948e-04,6.447474887532810573e-06,6.475095240517641387e-05
9.825212090620257799e-01,1.682221578274437079e-02,5.702072316782343065e-04,7.726183706398121373e-06,7.864173984534341766e-05
9.886385804554777001e-01,1.082133746173961041e-02,4.649889554657464529e-04,7.099526912606601548e-06,6.799360040437844757e-05
9.867501307501697072e-01,1.261321275288792600e-02,5.615366924369710007e-04,8.209039743140989005e-06,6.691076476220318508e-05
9.860933301891777747e-01,1.329979752434759868e-02,5.387392652070488062e-04,7.396010476538107634e-06,6.073701079101402221e-05
9.741463538986094850e-01,2.467071832653765229e-02,1.087372651328285438e-03,1.183278100961616105e-05,8.372234251497414248e-05
9.710920921476109413e-01,2.740749387902806714e-02,1.412394057101036332e-03,1.383721184177718102e-05,7.418270441810949779e-05
9.825557768467202413e-01,1.654509879819181239e-02,8.305756034908887272e-04,9.844734317457049476e-06,5.870401727952613661e-05
9.886533674290107765e-01,1.081650800043590203e-02,4.734005690132512450e-04,7.212722141653002422e-06,4.951127939842998421e-05
9.838388086095783969e-01,1.535751896283022583e-02,7.398850125016618370e-04,9.245679968201445207e-06,5.454173512146694614e-05
9.837989386426752025e-01,1.536030745065730153e-02,7.752422206986872870e-04,8.667169665833598339e-06,5.684451630298840633e-05
9.847323033037201911e-01,1.453996293631493360e-02,6.468014562543674198e-04,8.070905120231806692e-06,7.286139859035536189e-05
9.898114959623601772e-01,9.668780520346162075e-03,4.595287968596669108e-04,6.307412296020882414e-06,5.388730813801141840e-05
9.950137337871624021e-01,4.697383095626572920e-03,2.518316125019852154e-04,4.637110131020591843e-06,3.241439457784763451e-05
9.914074379368469359e-01,8.124513972507806797e-03,4.183295504650569991e-04,6.771103581495705309e-06,4.294743659864155865e-05
9.744176674802810245e-01,2.438610628483089612e-02,1.103988804637828130e-03,1.246572751118353710e-05,7.977170273896329940e-05
9.738730786267709716e-01,2.504014828273995463e-02,1.002401502992333318e-03,1.004796649886729101e-05,7.432362099776750422e-05
9.507881542629642579e-01,4.740754905817402137e-02,1.666849373415795876e-03,1.347397582426288223e-05,1.239733296216819327e-04
9.535119838344012777e-01,4.448385800491744951e-02,1.862329822248803141e-03,1.425239469496399690e-05,1.275759437376211699e-04
9.407861338486857017e-01,5.683490103832461449e-02,2.182579717585038728e-03,1.704582711939036375e-05,1.793395682850842043e-04
9.507934807003499689e-01,4.742229949034177522e-02,1.641353571384453116e-03,1.351643851495461252e-05,1.293497994090380006e-04
9.435083861534473426e-01,5.423520280273825406e-02,2.073674166679525827e-03,1.708130494350926085e-05,1.656555721913669183e-04
9.547305844982389988e-01,4.333785672428916436e-02,1.727571736831900410e-03,1.463102058405794415e-05,1.893560200560486808e-04
9.366676689683302026e-01,6.098857370524247978e-02,2.097585233552497121e-03,1.546465266785270200e-05,2.307074402072447326e-04
9.018368031541985630e-01,9.440155788004024606e-02,3.438052872551467746e-03,2.310289861471014625e-05,3.004831945948640832e-04
8.889776669889066785e-01,1.046736486347720069e-01,6.008264175787875715e-03,3.371132238216253328e-05,3.067088781514023350e-04
8.137543966438540721e-01,1.731275931413987501e-01,1.271370296147736507e-02,5.885837250834449448e-05,3.454488807616500718e-04
9.358106918681191599e-01,5.980228276242227636e-02,4.167479818820324020e-03,2.620718287605825863e-05,1.933383677620488799e-04
9.674103863751455368e-01,3.047692046330739701e-02,1.968711649433043526e-03,1.714174122215673620e-05,1.268397708917643873e-04
8.762801172202975275e-01,1.182502821076492627e-01,5.091334060109899140e-03,3.078313560129963193e-05,3.474834763418782613e-04
9.004567917700390112e-01,9.226508261235789876e-02,7.008465100054265401e-03,3.655718320255587072e-05,2.331033343463435198e-04
9.317362768752481816e-01,6.397369692912582839e-02,4.019773535100456055e-03,2.831919408499936164e-05,2.419334664403815203e-04
8.943050464608033323e-01,9.788319380955735893e-02,7.491147453462105622e-03,4.453911758258771107e-05,2.760731585946211031e-04
6.083378342807466144e-01,3.567559814306339727e-01,3.437707434365600001e-02,1.232904512352474844e-04,4.058194937281090950e-04
7.427807477772473410e-01,2.342170747595442304e-01,2.248238911273852531e-02,9.836235444240506390e-05,4.214259960276241050e-04
8.830814650646943154e-01,1.050540101451900021e-01,1.158827044592788610e-02,6.626082986410306019e-05,2.099935143238734010e-04
6.883179962041056088e-01,2.927822975354101298e-01,1.847117136793684222e-02,7.701192615781844502e-05,3.515229663895157197e-04
8.758347744491475906e-01,1.155228593269318205e-01,8.370078901491740178e-03,4.242963718635103532e-05,2.298576852424842880e-04
8.260265389458462115e-01,1.653161972268176183e-01,8.311811161665681388e-03,3.736233217541845721e-05,3.080903334949848418e-04
6.159463632012230905e-01,3.671182579786033129e-01,1.628519092265568596e-02,5.049461629743206843e-05,5.996932812204486133e-04
6.346175567048752963e-01,3.401381633293063533e-01,2.436498271371674920e-02,7.303007066281409808e-05,8.062671814387042816e-04
5.864139985477782036e-01,3.885330453397353723e-01,2.412295637714250221e-02,6.485596468074083555e-05,8.651437706631346205e-04
3.173412618103575444e-01,6.312330713802610793e-01,5.033634749326109520e-02,1.006152490367606531e-04,9.887040670837421788e-04
2.326318971743890351e-01,6.646057754834734377e-01,1.016849633601898811e-01,1.859976852611630008e-04,8.913662966863230685e-04
6.719068820130312814e-01,2.755147295116088801e-01,5.191860823929053681e-02,1.247768215353881386e-04,5.350034145337117597e-04
4.781396776370051560e-01,4.638151118523199945e-01,5.729061408763431312e-02,1.552195269319566243e-04,5.993768961085442363e-04
2.421460695884351533e-01,5.769258754987750537e-01,1.799630548459341672e-01,2.868721956210818608e-04,6.781278712346179181e-04
4.415524860026978637e-01,4.578041005129765417e-01,9.974088201705363921e-02,1.743884170026760807e-04,7.281430502692077394e-04
1.912681907460435926e-01,6.113942419637619086e-01,1.964139980889333947e-01,2.626773569666919972e-04,6.608918442945018639e-04
5.798542762224361269e-01,3.381861985302735962e-01,8.103830723478520903e-02,1.738441315618814091e-04,7.473738809431337230e-04
2.290863426756813981e-01,6.081428564049002894e-01,1.616835552500919260e-01,2.640951565109931286e-04,8.231505128152307414e-04
1.513358851536950045e-01,6.924760499604045716e-01,1.551066188089485209e-01,1.748599309102981478e-04,9.065861460415346835e-04
3.189836540223726646e-01,5.210017208633852537e-01,1.588806926976708556e-01,2.763961389669049198e-04,8.575362776043339401e-04
2.280192076520730915e-01,6.431695642236123778e-01,1.274431620092469075e-01,2.311626935985610796e-04,1.136903421469034892e-03
1.888503444040934842e-01,5.910731374433028096e-01,2.183976002836025554e-01,5.135774794187687687e-04,1.165340389582344852e-03
7.955710628712150401e-01,1.583871575671814413e-01,4.523557818852266127e-02,1.774347264745513826e-04,6.287666466063341264e-04
6.587020574628374980e-01,2.822240675493755679e-01,5.838764036230435078e-02,1.779111073345237539e-04,5.083235181483508093e-04
5.559842443034648252e-01,3.659292636771991347e-01,7.715823401536599235e-02,2.533210322910061686e-04,6.749369716791886117e-04
3.434216584921365722e-01,5.425593902968686155e-01,1.128015952789481469e-01,2.922040115933050475e-04,9.251519204535295100e-04
3.981189470653154761e-01,4.907045621353018361e-01,1.096915360331566780e-01,3.047241177247323927e-04,1.180230648501284134e-03
2.047601187944960155e-01,6.387676312958228131e-01,1.549512369915998222e-01,3.235052703865848940e-04,1.197507647694863453e-03
3.530851051669288143e-01,4.950660858079911630e-01,1.498265751084444652e-01,3.705853431035432879e-04,1.651648573531870568e-03
2.888226146511751469e-01,5.382789444928203215e-01,1.713522367219347253e-01,3.542622107441094370e-04,1.191941923325572864e-03
1.296675759822703000e-01,6.600745320027445739e-01,2.079777598200645283e-01,4.506581274053277639e-04,1.829474067515219748e-03
3.018627923197900742e-01,5.014340500562834979e-01,1.945634959643862127e-01,4.513442826855788913e-04,1.688317376854647474e-03
4.813055035606554899e-01,4.275974241325180558e-01,8.977453372237056972e-02,1.861926425012879404e-04,1.136345941954568575e-03
6.421098316410784879e-01,3.042727546804104288e-01,5.238710300018677157e-02,1.622257705314677047e-04,1.068084907792669555e-03
6.705802452278201153e-01,2.797753920186474286e-01,4.859499683774612389e-02,1.378374979814884853e-04,9.115284178046428702e-04
3.291232306881078373e-01,6.042789036104775358e-01,6.464982843798075529e-02,1.309970357270870802e-04,1.817040227706806987e-03
5.911684707993276611e-01,3.624024525426693399e-01,4.458987971732814026e-02,1.224098763866808093e-04,1.716787064288237711e-03
7.147941878195654963e-01,2.533306462745332777e-01,3.047023440775561282e-02,9.024178167286774218e-05,1.314689716472796201e-03
7.792904810534561078e-01,2.015603846914537922e-01,1.816151664459990378e-02,5.610939939134830946e-05,9.315082110988128546e-04
4.549547712447151726e-01,5.111012184190253382e-01,3.206464858334050205e-02,5.330997551383699385e-05,1.826051777405018591e-03
6.272267004209093333e-01,3.350262449201503179e-01,3.620810728134109951e-02,7.407682539554282127e-05,1.464870552203560066e-03
3.407315673937835743e-01,6.044389472171058930e-01,5.342832781700784794e-02,8.427342233096102634e-05,1.316884149771709077e-03
1.730687184083923302e-01,7.136391850780496870e-01,1.117213210100851672e-01,1.474002903562576512e-04,1.423375213116600917e-03
2.686149145337665134e-01,6.129213249424556587e-01,1.165254657104156516e-01,1.613279169048927866e-04,1.776966896457270011e-03
4.362299056593870739e-01,4.761498806495454983e-01,8.545797558014311956e-02,1.504387329825158004e-04,2.011799377941840029e-03
7.927629535207530997e-01,1.810185166171002502e-01,2.510555785893937852e-02,6.537136546918461398e-05,1.047600637738040638e-03
4.910254119449631860e-01,4.727682224988832282e-01,3.330796663577780675e-02,7.654691212529167368e-05,2.821852008250504140e-03
3.258429814346942566e-01,6.034218355372173992e-01,6.767134105507807695e-02,1.167660884948121453e-04,2.947075884515551036e-03
1.725390617382218661e-01,6.950329204414704698e-01,1.293302470060258003e-01,1.931338542145678502e-04,2.904636960067207962e-03
5.200276980694598095e-01,3.846042771412025996e-01,9.334194083682059717e-02,2.009597278284517619e-04,1.825124224688625578e-03
3.677564092754786462e-01,5.314809752662772446e-01,9.839424759277960730e-02,2.213807872577459163e-04,2.146987078206765223e-03
1.612545025334771454e-01,6.643195357966751313e-01,1.719055804213508731e-01,2.411827701080458512e-04,2.279198478388914494e-03
8.132083593439590752e-01,1.422582741806114881e-01,4.142122754803922308e-02,1.970709786576246478e-04,2.915067948732746796e-03
9.580767443148107132e-01,3.283961255546112568e-02,8.257347296328510292e-03,1.081717556291269828e-04,7.181240777703756404e-04
9.882609112321909528e-01,9.399603899058903145e-03,2.059155694002197737e-03,6.461086968162811097e-05,2.157183050664022040e-04
9.827270588816855446e-01,1.553754378664223834e-02,1.554004490821785014e-03,3.169627649035964271e-05,1.496965643600204655e-04
9.978509875884884472e-01,1.868310794686745208e-03,1.949435696920457826e-04,8.185423858485939787e-06,7.757262327422752605e-05
9.969185128280829700e-01,2.530932312534230327e-03,3.208216798977512143e-04,1.729228542899528541e-05,2.124408940560602974e-04
9.952864856605048161e-01,4.059659772940933664e-03,4.089102039202398113e-04,1.741070237660868482e-05,2.275336602572481856e-04
9.966583414151909404e-01,2.868627214757725388e-03,2.930681734942318459e-04,1.593407965216272766e-05,1.640291169049164363e-04
9.890252111011536007e-01,9.847446433423856851e-03,6.200082628034343053e-04,1.992099805154550125e-05,4.874132045675680347e-04
9.868301758178978922e-01,8.547629140839447040e-03,6.530495276189651754e-04,3.161768847983159570e-05,3.937527825163728706e-03
9.949124201436319037e-01,1.793510074459304503e-03,2.981474537567556566e-04,2.592791730116899106e-05,2.969994410850624027e-03
9.930052550652774812e-01,2.163519276369002802e-03,3.518448324960721067e-04,2.625772006075978654e-05,4.453123105796727953e-03
9.924220443745126463e-01,2.107845534576766218e-03,6.175318536748510174e-04,5.473677179132979210e-05,4.797841465444392835e-03
9.911383277640057887e-01,6.194412617660155496e-03,1.278865658071362717e-03,4.794446685273875952e-05,1.340449493409977006e-03
9.979534975701479516e-01,9.916614148433838382e-04,3.232509577942039442e-04,2.474796949105228695e-05,7.068420877235103740e-04
9.984333512910799069e-01,3.928228596116985281e-04,1.151766406793954645e-04,1.589029552020202412e-05,1.042758913108755023e-03
9.988048082269770367e-01,3.352605350456341936e-04,1.080243629042465514e-04,1.338888806138098148e-05,7.385179870117077744e-04
9.995870433266802468e-01,2.589050058820195643e-04,4.185238242780995157e-05,3.306218303127029749e-06,1.088930667067875842e-04
9.992288700782520072e-01,5.211439031751332685e-04,7.616281325601792843e-05,6.512681002684399905e-06,1.673105243139875672e-04
9.991460240019871542e-01,4.496679366831221819e-04,9.775961739513269581e-05,1.108975469264618415e-05,2.954586892420851883e-04
9.984001564581401755e-01,6.424597114278953911e-04,1.505406159504448155e-04,1.962603042724185348e-05,7.872171840541378109e-04
9.949799205764571219e-01,3.256229302840789579e-03,4.986869437699306164e-04,3.156741785915502399e-05,1.233595759073177669e-03
9.963643798583996514e-01,1.168022234546590814e-03,3.074231413701938452e-04,2.867712985743514162e-05,2.131497635826003385e-03
9.941522112673552014e-01,9.980273226795244486e-04,3.454720166402293845e-04,3.715941410022520768e-05,4.467129979224815188e-03
9.986586820083358518e-01,4.068316628868643998e-04,1.514305139012122800e-04,1.605611007898325175e-05,7.669997047971204929e-04
9.994189255128507199e-01,1.869077662794614786e-04,6.506333506081600341e-05,1.119531031560323953e-05,3.179080754933889309e-04
9.992527118317856560e-01,2.783974565982548087e-04,9.178929240318103909e-05,2.000738496007544410e-05,3.570940342530225307e-04
9.972971397730091558e-01,9.877166324570147392e-04,1.969559558579904023e-04,3.693143237932235785e-05,1.481256206296476452e-03
9.984553719087057022e-01,4.113674620432664335e-04,1.174967605080026029e-04,2.671442750242560230e-05,9.890494412405756355e-04
9.995527599218074766e-01,2.148110359369796295e-04,9.761688558533372520e-05,1.127222224322570776e-05,1.235399344269144369e-04
9.995892819392828699e-01,1.044345885900597310e-04,6.862313065919393735e-05,9.297353980796266504e-06,2.283629874870752848e-04
9.993835594868831773e-01,1.504231060651490745e-04,1.314176284381868981e-04,1.522281344974395597e-05,3.193769651639456319e-04
9.984895666493927013e-01,3.257946667353288578e-04,2.381511833200464028e-04,2.515186975017584856e-05,9.213356308017835433e-04
9.989454844224935348e-01,1.887987506481049579e-04,1.993245914862820092e-04,1.900190267162486232e-05,6.473903327005604271e-04
9.978724297256256204e-01,4.351744914225007602e-04,3.404678947951420660e-04,3.318834726565475751e-05,1.318739540890963942e-03
9.984839516508957624e-01,5.347670580707972058e-04,3.149669536435618705e-04,1.942754076667517143e-05,6.468867966231885841e-04
9.988954699648604496e-01,3.374735431753017470e-04,2.519296935244194993e-04,1.814930520297640542e-05,4.969774932369618080e-04
9.985701384911479517e-01,4.101275026410850432e-04,2.384884573970186413e-04,1.902701306030752764e-05,7.622185357535951871e-04
9.983311413741341456e-01,3.147235649119561234e-04,2.900087695998971216e-04,2.257732087495835927e-05,1.041548970479017240e-03
9.977269246044213613e-01,5.039956993561833451e-04,4.149246260027461141e-04,2.730555853925427970e-05,1.326849511680509115e-03
9.988207156890663851e-01,2.178949539115846486e-04,1.827491611044367655e-04,1.426339160502023692e-05,7.643768043126696228e-04
9.968967027567247063e-01,6.047683826462939847e-04,1.203392045316837916e-03,1.235063275784244077e-04,1.171630487733711168e-03
9.962816556324328721e-01,6.250550153798519176e-04,1.044384095137914237e-03,9.726335730719401181e-05,1.951641899742061941e-03
9.911296750904340369e-01,1.403639747207079775e-03,1.173706666821411728e-03,1.021408500977524130e-04,6.190837645439717547e-03
9.803702123467329388e-01,4.700322372469303497e-03,1.065194003155934578e-02,3.792627650764097253e-04,3.898262484161942303e-03
9.219990122050284453e-01,2.498979951833801144e-02,4.506146766409339227e-02,9.611989009368363326e-04,6.988521711603473338e-03
8.898065548204187047e-01,3.249369268630940971e-02,6.986808411482288428e-02,9.979869363652212229e-04,6.833681442083672057e-03
9.134778282138572569e-01,1.923489657575420952e-02,6.201779151947602042e-02,8.162909375147057393e-04,4.453192753397746013e-03
8.618889302396772756e-01,4.090688969689472432e-02,8.677752650599061812e-02,1.274147258160031760e-03,9.152506299277312490e-03
9.657651594110916449e-01,9.990201758953176983e-03,2.097668014304224574e-02,4.735475412338451201e-04,2.794411145679145513e-03
9.860666687476721259e-01,2.893154656450108025e-03,7.480775998785896275e-03,2.794419304512107721e-04,3.279958666640585101e-03
9.936775084167631666e-01,1.321473162382878286e-03,2.660436998165832071e-03,1.290746242362206481e-04,2.211506798451779322e-03
9.813538107972996638e-01,4.256238614201879322e-03,1.178746291856683399e-02,3.803665018273597606e-04,2.222121168104184731e-03
9.863442526974290914e-01,4.059531173542176193e-03,6.241576490047275744e-03,2.365638414168358557e-04,3.118075797564694076e-03
9.913168381981869448e-01,1.873656613400905176e-03,4.205817614404034309e-03,2.578045023937159709e-04,2.345883071614289581e-03
9.767783471690012487e-01,6.190013580154578310e-03,1.209219060330212793e-02,4.401057244095631939e-04,4.499342923132560769e-03
9.919172034758941825e-01,1.970108645266364141e-03,3.471971510942630998e-03,1.750819327377568498e-04,2.465634435159087985e-03
9.779684143006922570e-01,7.539072584747812632e-03,9.598033419012556161e-03,3.955381998650003839e-04,4.498941495682445835e-03
9.432193880221469984e-01,2.338980189675890151e-02,2.820814107476909277e-02,6.609418834347914259e-04,4.521727122890320007e-03
9.804939521023112725e-01,8.858192842920113025e-03,7.247695463488794398e-03,2.433368763674023964e-04,3.156822714912271843e-03
8.665315909967667984e-01,2.941589668531746291e-02,9.870514385488546316e-02,2.588775901803499254e-03,2.758592561226729835e-03
9.689682407247989238e-01,5.923223836058850653e-03,2.038320831419823329e-02,8.931331932266399314e-04,3.832193931717334592e-03
9.922940015743555442e-01,1.878100523629078417e-03,3.913256210983420344e-03,2.236613970703468161e-04,1.690980293961586323e-03
9.863505867082341672e-01,3.369339145360059334e-03,7.059767035144843411e-03,3.887612669960243024e-04,2.831545844264742300e-03
9.510976274383298179e-01,1.060196817411157393e-02,3.411618898831191016e-02,1.128018192656455188e-03,3.056197206590300502e-03
9.199897897313914497e-01,2.132025029310718328e-02,5.362072599646264953e-02,1.513206217124517814e-03,3.556027761914194729e-03
9.592034297958844657e-01,1.263119133299919761e-02,2.473073852536710956e-02,9.631880133880521902e-04,2.471452332361314969e-03
8.866489897945000198e-01,4.295001262521917773e-02,5.724139202645488894e-02,1.457382451407450603e-03,1.170222310241858001e-02
9.597515534479627020e-01,1.167560662303675743e-02,1.589153307095351325e-02,7.275038939308222730e-04,1.195380296411635915e-02
9.576035353002341211e-01,1.401205280175390339e-02,2.229596825601059748e-02,7.114702334096817361e-04,5.376973408591657205e-03
9.777308329867390180e-01,4.891506938119889389e-03,1.377347241847206444e-02,6.343340964810981371e-04,2.969853560187757455e-03
9.175391409321105307e-01,2.716084097641532566e-02,4.444308230558941669e-02,1.305900435579431060e-03,9.551035350305298044e-03
9.312968661815475002e-01,2.150194707229607233e-02,4.263277216810331532e-02,9.813887049365133813e-04,3.587025873116658596e-03
9.736812405694099670e-01,7.455550479786422421e-03,1.526046521811735487e-02,5.649249617918255043e-04,3.037818770894352982e-03
9.867650149689385364e-01,2.665143843258241472e-03,7.865898656231206168e-03,4.273089882944143460e-04,2.276633543277787903e-03
9.829090347802990069e-01,3.565471999547358689e-03,1.024676454885814665e-02,4.788053460306324321e-04,2.799923325264841271e-03
9.728931782695203756e-01,7.009120186866830797e-03,1.626808952998506572e-02,8.166157152863692250e-04,3.012996298341434013e-03
9.692799943208441071e-01,9.508287223987357123e-03,1.508594640476560063e-02,6.245165093172004838e-04,5.501255541085875791e-03
9.507734374419452017e-01,2.039103386489721920e-02,1.968227050126241523e-02,5.842152520953253171e-04,8.569042939799952074e-03
9.378560680857997989e-01,2.758102378740674709e-02,2.975576670166508314e-02,7.656552578073732825e-04,4.041486167320858941e-03
9.608233775157409839e-01,1.709331173676316429e-02,1.774667611694308658e-02,7.435748605807003357e-04,3.593059769971983751e-03
8.304443611452501095e-01,4.523945645274526917e-02,1.168604398386320908e-01,3.460023076627327752e-03,3.995719486745231801e-03
7.764717844148469883e-01,5.302205101371849916e-02,1.614917150622203201e-01,3.930068699877119036e-03,5.084380809337036081e-03
8.526451811099965417e-01,2.912568545818558854e-02,1.091876133699776069e-01,3.799241953243256975e-03,5.242278108596920908e-03
8.908999963270667344e-01,2.262045386316417078e-02,7.312221244714375845e-02,2.485957756186906505e-03,1.087137960643851965e-02
9.816977570499871852e-01,2.829954877711792979e-03,8.787643989129218999e-03,5.625287322615982188e-04,6.122115350910107417e-03
8.950218901859064990e-01,1.801361390841888996e-02,7.747016018365263101e-02,2.740002942349790277e-03,6.754332779672198375e-03
9.668247315991574942e-01,6.967248464878690768e-03,2.093701865763829620e-02,9.739504474749608506e-04,4.297050830850607239e-03
9.621268368871301879e-01,6.950048303280966649e-03,2.774455068620681683e-02,1.191822307430576156e-03,1.986741815951582110e-03
9.840192718777565073e-01,3.259575447337597753e-03,9.760196667370204734e-03,5.514167675107501526e-04,2.409539240024882387e-03
9.678225824591831783e-01,7.239065677088169642e-03,2.081478588456489587e-02,8.490770036598942758e-04,3.274488975503751439e-03
9.654129801767207253e-01,1.101319050145206646e-02,1.622357850890567346e-02,6.495457331011754301e-04,6.700705079820432758e-03
9.624025367288449040e-01,9.246699155624116609e-03,2.540445073575384530e-02,1.003782567851494714e-03,1.942530811925744557e-03
9.574805076844130625e-01,1.125590246766692074e-02,2.877338217990026148e-02,9.904149964839478824e-04,1.499792671535912390e-03
9.890876330210778278e-01,3.000877764844855737e-03,6.227179516875644937e-03,3.213446319104778745e-04,1.362965065291159468e-03
9.755894795072820314e-01,6.724766026725397146e-03,1.449773119066139968e-02,6.991832669276168682e-04,2.488840008403585963e-03
9.749754579568268298e-01,7.187720821251211006e-03,1.455271886693901805e-02,6.348946460333903001e-04,2.649207708949436260e-03
9.893051420061431678e-01,3.134729859544612297e-03,5.792676545059082145e-03,3.052430021288059930e-04,1.462208587124495286e-03
9.409304061052308210e-01,2.312198873088594162e-02,2.685036290567617209e-02,9.411582933074363801e-04,8.156083964899729297e-03
9.622327304267963566e-01,1.443884612361013946e-02,1.818497906921355545e-02,6.288881899712981055e-04,4.514556190408705594e-03
9.777951300950826763e-01,7.042968881262282044e-03,1.002729479764191516e-02,3.619212859479446504e-04,4.772684940065195953e-03
9.610853174093818563e-01,1.346334532550074944e-02,2.059196163888226544e-02,5.796745510203218932e-04,4.279701075214923170e-03
9.899224308898767477e-01,2.433568375964971497e-03,5.747826679736516356e-03,2.224377555602912782e-04,1.673736298861515284e-03
