1.464125389251376141e-01,1.517195266668365516e-01,5.066039908550842297e-01,1.599806961258472965e-02,1.792658739403570067e-01
4.462755268224258831e-01,4.746504030148763348e-02,1.406342763689925057e-01,7.340487640951937932e-03,3.582846688661419643e-01
8.724367676064219701e-01,1.052723752842714584e-02,2.066269763112165911e-02,3.747313794426776045e-03,9.262598343960240510e-02
6.829364809339014686e-01,2.373851163940522008e-02,1.112269291989128640e-02,8.282821551249290246e-04,2.813740323516771280e-01
4.545426443555035667e-01,4.252995069504392905e-02,1.168425753659591004e-02,3.635323681255632510e-04,4.908796150447311546e-01
7.499842806559171571e-01,5.768235854702192383e-02,7.245208428466413768e-03,1.348031077925315366e-04,1.849533492608019802e-01
7.627407064272470061e-01,8.015157274724396541e-02,1.785857115762307101e-02,3.247763536579686148e-04,1.389243733142279946e-01
8.522591952865601339e-01,5.189715679489331074e-02,1.297131416058846555e-02,2.565027230914772977e-04,8.261583103486669355e-02
8.530486103175329848e-01,4.292633384542410280e-02,1.508681154586781134e-02,3.240393562593009555e-04,8.861420493491577177e-02
6.069734798716489577e-01,1.009321179184608647e-01,3.207209237691606429e-02,4.191704580862864191e-04,2.596031393748877703e-01
4.341737045774105574e-01,2.692508052570145027e-01,1.162644156604712431e-01,8.596268074883893582e-04,1.794514476976153960e-01
3.870354469229361771e-01,3.790681100516851698e-01,1.517722221545396155e-01,8.651858670156171559e-04,8.125903500382332389e-02
4.533467382670477996e-01,3.823009085253710193e-01,7.871721810904876160e-02,4.351565618236545130e-04,8.519997853670877030e-02
4.406979457446286164e-01,5.432661851535845743e-02,3.538659275322731529e-02,5.967285406772114813e-04,4.689921144461082769e-01
8.586661109089687161e-01,1.382873663538630553e-02,7.189292274572836594e-03,1.923876170158656733e-04,1.201234725640564216e-01
7.615791986677853398e-01,2.359849299900646652e-02,1.252803914091039743e-02,2.918860756966886534e-04,2.020023831166012362e-01
4.759357924100886539e-01,3.599879495545817154e-02,1.624821465865156425e-02,2.993157969358032949e-04,4.715178821788658658e-01
6.200594810693371706e-01,4.560967630705752701e-02,2.119455368376513965e-02,3.847303832475731196e-04,3.127515585565924794e-01
4.953608128077697237e-01,2.409746075448541275e-02,1.249166787199959029e-02,4.344093640513471948e-04,4.676156492016939614e-01
5.695862689419769476e-01,1.144309472610132855e-01,3.226149207259513402e-02,5.003982884774769210e-04,2.832208934359372043e-01
4.740049716834096594e-01,1.195883658485739770e-01,3.238286490312781291e-02,4.280859106292266253e-04,3.735957116542593104e-01
5.439070696319223686e-01,1.803625465333634215e-01,5.134534299917746514e-02,4.940253394420495965e-04,2.238910154960946919e-01
5.927765526528629980e-01,1.661758579644310452e-01,3.874989214718965042e-02,3.605578174261781887e-04,2.019371394180899115e-01
6.212567656362693036e-01,2.187479972510989190e-01,5.325496947148269933e-02,4.385555231888720864e-04,1.063017121179603008e-01
6.996657346198720262e-01,1.705830527401796248e-01,5.397792093748517150e-02,4.186303601363284958e-04,7.535466134232682300e-02
6.037812437884314543e-01,2.271086094249826492e-01,1.014544700229925295e-01,5.928250007407630858e-04,6.706285176285263494e-02
7.096597771988039094e-01,1.098394250076270701e-01,4.652298757826708875e-02,4.974807149091964179e-04,1.334803295003927359e-01
6.886238902860037925e-01,7.579150464858891434e-02,2.879759311834443128e-02,3.259025980637661924e-04,2.064611093489991112e-01
6.524256460863542273e-01,1.091469953638894569e-01,3.379299843307317919e-02,2.948851756568066388e-04,2.043394749410262778e-01
4.959825844853176791e-01,2.654389888904489792e-01,9.220303227394523182e-02,4.861447631445124130e-04,1.458892495871435546e-01
5.780682459737137568e-01,2.157420182959953192e-01,7.718958903463542243e-02,5.326206426823746915e-04,1.284675260529733187e-01
5.469155539817068812e-01,1.213589477447236109e-01,4.374321445865242408e-02,6.743459377963657592e-04,2.873079378771206671e-01
4.502740954553647312e-01,1.512071754435103110e-01,4.106239776093746630e-02,4.104564563735958304e-04,3.570458748838138963e-01
3.837949780942550015e-01,4.877837614228693053e-02,4.754794762873176123e-02,5.676364897079246540e-04,5.193110616450183903e-01
4.527577290264873655e-01,8.782523212440232485e-02,4.791618597180044570e-02,5.908095948515190363e-04,4.109100432824582816e-01
6.292000308925695951e-01,6.342723374734750286e-02,4.464026780764038249e-02,8.547406621956514950e-04,2.618777268902471866e-01
5.766701057751182358e-01,1.276304614515625380e-01,8.814073647453964100e-02,1.061078469703375391e-03,2.064976178290762743e-01
5.319257418799121506e-01,1.964778763410399420e-01,1.599364198193569120e-01,1.440190572666775592e-03,1.102197713870241708e-01
5.990080234345178667e-01,1.732985833757199334e-01,1.739813862830299207e-01,1.583348040053319215e-03,5.212865886667903542e-02
8.654415524328680220e-01,1.568518524730176320e-02,2.257471403897205742e-02,5.248557445144709770e-04,9.577369253634368529e-02
9.078970152426965035e-01,1.656317220448547817e-02,2.033588026757274236e-02,8.526037558575156380e-04,5.435132852938765607e-02
9.129378975454534029e-01,2.782436526568436361e-02,3.176562109523592414e-02,9.284332422052937912e-04,2.654368285142096398e-02
8.904931112247909120e-01,1.939340023598180515e-02,1.423995047598687613e-02,4.102451700184708188e-04,7.546329289322209477e-02
9.741763930040264752e-01,8.735607549114118159e-03,3.277058176292313874e-03,1.378719861928242847e-04,1.367306928437427710e-02
9.826261220770201588e-01,9.265781168608336338e-03,1.741675183031381972e-03,7.741866399216113643e-05,6.289002907348022371e-03
9.773972896313521952e-01,1.174816524964766851e-02,1.833752978285299248e-03,6.690542348398878601e-05,8.953886717230685743e-03
9.523938311472958107e-01,2.243734608906232733e-02,2.843484449537452691e-03,8.955538265314417546e-05,2.223578293145117915e-02
9.308365173568632356e-01,4.232418556923514541e-02,5.249957342719509430e-03,1.243482112836532887e-04,2.146499151989856094e-02
9.208210756294101795e-01,3.708105563363873342e-02,9.638491875721683436e-03,2.537924460700240973e-04,3.220558441515928433e-02
9.582252013878865826e-01,1.115219471791097441e-02,4.040549622479423092e-03,1.605236689059387305e-04,2.642153060281704491e-02
9.486946617111763347e-01,1.459936731986515024e-02,9.217430580279198371e-03,4.170170831966656978e-04,2.707152330548264971e-02
9.697379939192216636e-01,1.084287838401364751e-02,7.228382914465238118e-03,2.938095221940570032e-04,1.189693526010532007e-02
9.157482969312100707e-01,3.399606391546142192e-02,1.603913525408874607e-02,4.512882902187479524e-04,3.376521560902104313e-02
8.847716418581872411e-01,5.274028071950842556e-02,2.392116262737910282e-02,4.220696803821896216e-04,3.814484511454296206e-02
9.183654565571749417e-01,2.737303098332128509e-02,1.425333914789044670e-02,4.066607752061706716e-04,3.960151253640722957e-02
8.900904639849691602e-01,3.196990597254051325e-02,1.855277354049706534e-02,4.211098069794209724e-04,5.896574669501381677e-02
9.614848885206863649e-01,1.735633315834494636e-02,5.443189293143814965e-03,1.328222634390064457e-04,1.558276676438592745e-02
9.162072576801080226e-01,3.997366702039735487e-02,1.464993278236815556e-02,3.198190919864070392e-04,2.884932342513998882e-02
8.671425537092177782e-01,6.567041701638635931e-02,2.558563688638576181e-02,4.620280338443887871e-04,4.113936435416579857e-02
8.254454525428278622e-01,8.895363337387668379e-02,2.861082153729908178e-02,5.955372341166053751e-04,5.639455531187980569e-02
7.939595668451731036e-01,1.045511550071083484e-01,4.261425857705840314e-02,9.786760982682628229e-04,5.789634347239198259e-02
6.828479994724290236e-01,1.828239032529252739e-01,7.922162975497325232e-02,1.415425650897906423e-03,5.369104186877454721e-02
5.444273770848349070e-01,2.408794883638131767e-01,1.859715075766170955e-01,2.345576888125885159e-03,2.637605008660901668e-02
5.652142827282475857e-01,2.200357467701389846e-01,2.001653086089591749e-01,1.605763510376722724e-03,1.297889838227756290e-02
6.097929709848747271e-01,1.945769769678913352e-01,1.819401461737012449e-01,1.798301622570401027e-03,1.189160425096208451e-02
7.461672969025096025e-01,1.435075345502036526e-01,1.000908008935472854e-01,1.369440443198789064e-03,8.864927210540532801e-03
8.214757572429707277e-01,1.105223083205109924e-01,5.891756986300013266e-02,1.119262930913972201e-03,7.965101642604235921e-03
7.735907107892762147e-01,1.374319975951474593e-01,7.556752550890544207e-02,1.337459695116455976e-03,1.207230641155443082e-02
8.968112730294063306e-01,6.894223282772618533e-02,2.890519487628681258e-02,5.417515546963917218e-04,4.799547711884261103e-03
9.245974124524853899e-01,4.757347740618753096e-02,2.260297849860526745e-02,5.927763273343161646e-04,4.633355315387470072e-03
9.217232598277842470e-01,5.196565756331803648e-02,2.263835477016203079e-02,4.109163281420524783e-04,3.261811510593801058e-03
9.655903573537861773e-01,1.799387652618867142e-02,1.224433662348419979e-02,4.223514987707691071e-04,3.749077997770227516e-03
9.938568953256239347e-01,4.166623122529269224e-03,1.264666290786395191e-03,4.201253757754996995e-05,6.698027234828095181e-04
9.752733531036356096e-01,1.698876675995335261e-02,4.324877000726055909e-03,1.068466568870886959e-04,3.306156478797817131e-03
9.837872760435896202e-01,6.373210529361273378e-03,1.899412117447670141e-03,8.616773255824837269e-05,7.853933577043161959e-03
9.653201207763316694e-01,1.468952459741449876e-02,7.280719474416896125e-03,1.988029284065454471e-04,1.251083222343033104e-02
9.683273985628588765e-01,9.748310663843023569e-03,3.256331515551259565e-03,1.341998081351746582e-04,1.853375944961159830e-02
9.873019462937228097e-01,3.307641013658242559e-03,9.354691745639771763e-04,4.746070033047218573e-05,8.407482817724361290e-03
9.775337370687082750e-01,8.704692469060007834e-03,3.181741464763762281e-03,1.292593461684585937e-04,1.045056965129948293e-02
9.792197937509771188e-01,8.491805596475611798e-03,4.319853539465574876e-03,1.102375451153097928e-04,7.858309567966447265e-03
9.445318161677086488e-01,2.896882361751559193e-02,2.068668150271859782e-02,3.964404702052492678e-04,5.416238241851949360e-03
9.702558683498011538e-01,1.428186551436949267e-02,1.241528547510712191e-02,3.593182650391052641e-04,2.687662395683266484e-03
9.655771300136546387e-01,1.642149834227404903e-02,1.316770518076405480e-02,3.814970399759688886e-04,4.452169423331398326e-03
9.323778897277148481e-01,2.125199578333730396e-02,3.963886059202591239e-02,1.194800959402203067e-03,5.536452937519624300e-03
9.529153456408017142e-01,7.811988052219456802e-03,1.572163325064116629e-02,8.217060679182754514e-04,2.272932698841944460e-02
9.601315565595195389e-01,3.967692579645155752e-03,4.012365797620010346e-03,2.547947285049211291e-04,3.163359033471035975e-02
9.709538437478704154e-01,6.515882365447467177e-03,6.255071341991288655e-03,3.939045010557510771e-04,1.588129804363520511e-02
9.603333992686261533e-01,7.824012972279258821e-03,6.560196143470847958e-03,4.997964664085693693e-04,2.478259514921527309e-02
9.513851486627853404e-01,7.170713105556827602e-03,6.100390060712874638e-03,4.681899063871561252e-04,3.487555826455789043e-02
9.855235763711177599e-01,3.643051080679606674e-03,2.694225800856094727e-03,2.062753002523020653e-04,7.932871447094202999e-03
9.936269067536819266e-01,2.871687492718778042e-03,8.680441604121804993e-04,4.995775252422583827e-05,2.583403840662710192e-03
9.720823630560884165e-01,8.598609967476456700e-03,2.215023534808310043e-03,1.140790513774362578e-04,1.698992439024910386e-02
9.469229232709928112e-01,1.973105402402652864e-02,6.797374382478465690e-03,1.925646872971150216e-04,2.635608363520521719e-02
9.789428226028792368e-01,4.569514889754988651e-03,1.736656097548824971e-03,7.970989364918017401e-05,1.467129651616776512e-02
9.978731151862793025e-01,6.826953138845018136e-04,1.148913360051733866e-04,7.459006127583175367e-06,1.321839157703567436e-03
9.990717463463083536e-01,5.830502201835849026e-04,6.358975546866348809e-05,4.082478635913186205e-06,2.775311994033801159e-04
9.994039210657835737e-01,3.979669760582178425e-04,3.806303516714906407e-05,2.952985219183822027e-06,1.570959377720177808e-04
9.992958171069545870e-01,4.879611670725310748e-04,6.322885021771663613e-05,4.737159339163859510e-06,1.482557164159982173e-04
9.990628632697352574e-01,6.773447073513017436e-04,8.167250993423313152e-05,5.895247173415438982e-06,1.722242658056455161e-04
9.973832934876345480e-01,2.122795867959660111e-03,2.351527307854911226e-04,1.323873212320251937e-05,2.455191814971856941e-04
9.987408931809172996e-01,8.683943943695316943e-04,1.223235170561354842e-04,9.910096074560929933e-06,2.584788115823321826e-04
9.988803424468600811e-01,6.489571485125509177e-04,7.674703854296074967e-05,8.364940938556017210e-06,3.855884251459812135e-04
9.980972529494622769e-01,1.285460491741664303e-03,1.325062264344286701e-04,1.147424617354702729e-05,4.733060861880335419e-04
9.953257108726426550e-01,3.121111095584116774e-03,2.745906822101359967e-04,1.874809366788460322e-05,1.259839255895368057e-03
9.936608907764483689e-01,4.140697794966487211e-03,5.781223183083832647e-04,3.362804460471468084e-05,1.586661065672045770e-03
9.975678635804773320e-01,1.699895213275325447e-03,1.609036332188760435e-04,1.000940096926525076e-05,5.613281720593239722e-04
9.957411315055209045e-01,3.440661768813478832e-03,2.008645309333032967e-04,9.658732540136234491e-06,6.076834621919085817e-04
9.989651865663699004e-01,8.766246985370499279e-04,4.763316649487942997e-05,2.638367055920253060e-06,1.079172015422247125e-04
9.985458037795017505e-01,1.276924971790999262e-03,5.450901458621099208e-05,2.977498430314261396e-06,1.197847356907616510e-04
9.941913154717183509e-01,5.294298362486754388e-03,2.238000357287876232e-04,7.287872732949542470e-06,2.832982573331638623e-04
9.934411579110031809e-01,5.981388803373750146e-03,2.878637942177988593e-04,7.463433469641426446e-06,2.821260579357232783e-04
9.871524202699109019e-01,1.126408057018178643e-02,3.742779727074520280e-04,8.615060382740094582e-06,1.200606126817210274e-03
9.958286033209674537e-01,3.543866639171455030e-03,1.391581109939137246e-04,4.409286075903111466e-06,4.839626427911762965e-04
9.833755198932591091e-01,1.511675006061976440e-02,6.839327983293561238e-04,1.347337372961916280e-05,8.103238740620928322e-04
9.957683677775827080e-01,3.709091833136479808e-03,2.161808255725385889e-04,5.993561909812426026e-06,3.003660017982951185e-04
9.957410946433115084e-01,3.839190618408448285e-03,2.324331974838216291e-04,6.586574376825770702e-06,1.806949664193474494e-04
9.969747523852139359e-01,2.733730535994698899e-03,1.764808274448105498e-04,5.070525207405122782e-06,1.099657261389613871e-04
9.958351225097046289e-01,3.701634666896547188e-03,2.978453871655590310e-04,8.143953842991604039e-06,1.572534823903228571e-04
9.914921183114909775e-01,7.718861576343337243e-03,5.170656153255775295e-04,1.031838468455986177e-05,2.616361121554083738e-04
9.896604598998874902e-01,9.385668530514257313e-03,6.859190402411268405e-04,1.206328839911861016e-05,2.558892409579862867e-04
9.908545953075744706e-01,8.363694829221704832e-03,5.317742126078059753e-04,1.000905203988866441e-05,2.399265985562772487e-04
9.808671375122367531e-01,1.755134751453518369e-02,1.226300025069728891e-03,1.806197526602093176e-05,3.371529728922365130e-04
9.860445308411707188e-01,1.279002444579592501e-02,8.477953529187857041e-04,1.259615546558518659e-05,3.050532046489667264e-04
9.677045822189939139e-01,2.969123672858670071e-02,1.800620720281148049e-03,2.388001951176819981e-05,7.796803126264634969e-04
9.895814961355371420e-01,9.507210516189086580e-03,4.513487805277358305e-04,9.746705556871705783e-06,4.501978621892443696e-04
9.952588019511731110e-01,4.223148389102406031e-03,2.326218475743405947e-04,6.644012561984765137e-06,2.787837995880722980e-04
9.881893985728128493e-01,1.078475027560795406e-02,6.788168558920274452e-04,1.317412899618191000e-05,3.338601666909384014e-04
9.877700877534055790e-01,1.116834589614004725e-02,7.034503383889617037e-04,1.194182692501045737e-05,3.461741851405474068e-04
9.898564183583518084e-01,9.134722462366870119e-03,5.371274105645895778e-04,1.106402285200177090e-05,4.606677458645807091e-04
9.955790799065761254e-01,3.855524094047274239e-03,2.361467222646347229e-04,5.827392108021058147e-06,3.234218850039064820e-04
9.962256093547756652e-01,3.351798506396717545e-03,2.155518388806563969e-04,5.731818423547718960e-06,2.013084815232682847e-04
9.971248975327197117e-01,2.458565021578894283e-03,1.409755401239288705e-04,4.697194510899614520e-06,2.708647110666748885e-04
9.917904843808469373e-01,7.202886696536003712e-03,4.131154747697015576e-04,9.888755846810241444e-06,5.836246920006374914e-04
9.956867141278047395e-01,3.789883260317654986e-03,2.765524286088932816e-04,7.296987329248919122e-06,2.395531959394461613e-04
9.922009844997450312e-01,6.997673042689721810e-03,5.099701796846739304e-04,1.174353177458968543e-05,2.796287461059270138e-04
9.538362093332317659e-01,4.289304492189349727e-02,2.615237297091002264e-03,2.949035588737073819e-05,6.260180918963246383e-04
9.240280351862640851e-01,6.984836017460806235e-02,4.418892521199043778e-03,4.307564092993644008e-05,1.661636476998653005e-03
8.840670263887733249e-01,1.057431606153643178e-01,8.073752275487533839e-03,6.467104850741198620e-05,2.051389671867352368e-03
9.766708488172461955e-01,2.028138797918863784e-02,2.500521928939022399e-03,2.884834561241278908e-05,5.183929290136899846e-04
9.933211897752383113e-01,5.731526167469782641e-03,7.403992899150704495e-04,1.525076591398985548e-05,1.916340014628190849e-04
9.922827956853818021e-01,6.690881778107414524e-03,8.408883223219765397e-04,1.822876944661952009e-05,1.672054447421941314e-04
9.732081788566180336e-01,2.389358061979815831e-02,2.559603436997053266e-03,3.643630627624233858e-05,3.022007803105768143e-04
9.735428286181799784e-01,2.267918206790000071e-02,3.423627332212206362e-03,4.323347320368704094e-05,3.111285085041611215e-04
9.814390383342243007e-01,1.617039589023964302e-02,2.139121592279628892e-03,2.562783507006729172e-05,2.258163481864232098e-04
9.829497845568841985e-01,1.496886409072377758e-02,1.810850382165446124e-03,2.303409899015948040e-05,2.474668712365639097e-04
9.715098689648885566e-01,2.442293042991055055e-02,3.689842337588769040e-03,4.097213895665343482e-05,3.363861286557028865e-04
9.766372525682672778e-01,2.056241780606660186e-02,2.288093834227821529e-03,2.820928278935439984e-05,4.840265086489918263e-04
9.821921504484680820e-01,1.561712979268762777e-02,1.618447231754900281e-03,2.045816265575943260e-05,5.518143644337660143e-04
9.919353579146128475e-01,7.167647623165145435e-03,6.032473605740131450e-04,9.772716602242891275e-06,2.839743850456995233e-04
9.645404264286772111e-01,3.067910969890472878e-02,1.526508287180965628e-03,1.807133355452713195e-05,3.235884251682557677e-03
9.528852603610815653e-01,1.935151247036667396e-02,1.414039968282352700e-03,2.348668505709161197e-05,2.632570051521253979e-02
9.831143796883158315e-01,6.513457429705460724e-03,3.998649565138595922e-04,1.046916235917327669e-05,9.961828763105700854e-03
9.922977924186917598e-01,4.323708035084821225e-03,2.189944867857544439e-04,5.669578029781172456e-06,3.153835481407897719e-03
9.967339790620616258e-01,2.234673555866572344e-03,9.869914430002944307e-05,3.397454967887528630e-06,9.292507828038486066e-04
9.818534688468795180e-01,1.262772847275861129e-02,5.450455150637702499e-04,1.059519238596792278e-05,4.963161972912192438e-03
9.699353902352568779e-01,1.126325161784789280e-02,6.198792009046715261e-04,1.357872128957579240e-05,1.816790022470097035e-02
9.916352047265079017e-01,5.233459863358387587e-03,2.632080992786184933e-04,6.074276440149984651e-06,2.862053034414869645e-03
9.757680491858292671e-01,1.550631330039886450e-02,6.654963875258247024e-04,1.127977445279473719e-05,8.048861351793423421e-03
9.891392656298109154e-01,7.410553789743629279e-03,3.279647136289844437e-04,6.022610393104192310e-06,3.116193256423457729e-03
9.177760034809079315e-01,5.275178649110048162e-02,1.835226838012178445e-03,2.232500040842282817e-05,2.761465818957088009e-02
9.769082464566950508e-01,5.209921382150033142e-03,3.117116877449445963e-04,9.467923399717337256e-06,1.756065255001029030e-02
9.766596769267882339e-01,6.092622680090382242e-03,3.250451974851109897e-04,9.421543032944723538e-06,1.691323365260336692e-02
9.920803719452777614e-01,3.021426125847987212e-03,1.391348107941937874e-04,5.226030973211579553e-06,4.753841087106834735e-03
9.792722480990443401e-01,1.037246064895681885e-02,7.010663660429006065e-04,1.642221017357574399e-05,9.637802675782415271e-03
9.829065338983803413e-01,5.927811015294955251e-03,3.252435333907927593e-04,8.583190205939224206e-06,1.083182836272820158e-02
9.958189705310565021e-01,1.701424843657894188e-03,8.109381179611351703e-05,3.196809199787668699e-06,2.395314004289809777e-03
9.974113219389466600e-01,1.411455483930892799e-03,5.789344257500181638e-05,2.745399776596469207e-06,1.116583734770740764e-03
9.981885987003302763e-01,1.106018693121213481e-03,4.398646004877990949e-05,2.201970760333230458e-06,6.591941757395151620e-04
9.993707487219988250e-01,4.030373151654474207e-04,2.116367753604063911e-05,1.093549066605427064e-06,2.039567362331556682e-04
9.992000960280145172e-01,5.421591211175602739e-04,2.718921953991636038e-05,1.659363537870208533e-06,2.288962677903227927e-04
9.983402953482014563e-01,8.919451411564374493e-04,3.740629471159329198e-05,3.021444521559198470e-06,7.273317714088699476e-04
9.983977486278998725e-01,9.988806075511863936e-04,4.799209772994106007e-05,3.072523943130579813e-06,5.523061428758793343e-04
9.987409079282726365e-01,9.202061758407942011e-04,5.774887409419733554e-05,2.886418322182036045e-06,2.782506034702311032e-04
9.989401218117788250e-01,8.373257348094688976e-04,5.281084457349731075e-05,2.175484297487934883e-06,1.675661245407892902e-04
9.995048934706431965e-01,3.980285516623022430e-04,2.219771146987675457e-05,1.253555304288923595e-06,7.362671092032060786e-05
9.993895363393262565e-01,4.241288746580211566e-04,2.101008523028225067e-05,1.427454354823600739e-06,1.638972464305505326e-04
9.993790968087011839e-01,3.555672961768321840e-04,1.607538436128136294e-05,1.306562598897694380e-06,2.479539481617487433e-04
9.991618157477174522e-01,5.422684155875414237e-04,2.028633059027487009e-05,1.631444355618669289e-06,2.739980617491677515e-04
9.977086573829243576e-01,1.024305697328443563e-03,4.174683160892075375e-05,3.426918983186105950e-06,1.221863169155047073e-03
9.982876905903377285e-01,5.925614501222355125e-04,2.672580879612917689e-05,2.614852335558755599e-06,1.090407298408299424e-03
9.821386445596383963e-01,7.201308427978993405e-03,2.201743154780872944e-04,9.859277672570935879e-06,1.043001341923207800e-02
9.878141072311099613e-01,7.289618725492033949e-03,2.228815380002055252e-04,6.654428596092561378e-06,4.666738076801605142e-03
9.973325861231228107e-01,1.827545630378210433e-03,6.481121795786693764e-05,2.193035210967373503e-06,7.728639933301638268e-04
9.981542591415840660e-01,9.018224583359210145e-04,3.494595687653106629e-05,1.812142072154702228e-06,9.071603011313210049e-04
9.949530957868515380e-01,3.202763690002198137e-03,8.862463308684531444e-05,3.811033363625600347e-06,1.751704856695892373e-03
9.981082805717603756e-01,1.232646712396997732e-03,5.559127589398188537e-05,2.195402497944746069e-06,6.012860374507817633e-04
9.982017749005998031e-01,9.952542222827782253e-04,6.197868607654068054e-05,3.454936411256017187e-06,7.375372546296486611e-04
9.983411699579077814e-01,1.199714568840922879e-03,8.521094017104036394e-05,4.749373817399445491e-06,3.691551592628524434e-04
9.973483079759927206e-01,1.701087736951714061e-03,1.499635910345547402e-04,9.941567092899871163e-06,7.906991289280929872e-04
9.991233134329772225e-01,5.166498006523421614e-04,4.747452373104420989e-05,3.820447960068271067e-06,3.087417946792372545e-04
9.992215386693504842e-01,5.421124359932201269e-04,4.521236475820651553e-05,3.016761217151927525e-06,1.881197686809867205e-04
9.990876044513923304e-01,4.786329347763308793e-04,3.791642116311433997e-05,3.077934013484749153e-06,3.927682586548601621e-04
9.967538664804302950e-01,9.099265962508467937e-04,7.764024988769547859e-05,8.122908167721346238e-06,2.250443765263301921e-03
9.988429041758332128e-01,3.703011399243638343e-04,4.010556302978893222e-05,4.031028130600001086e-06,7.426580930819140199e-04
9.979177429446771663e-01,8.558855464145516487e-04,9.982379035015975842e-05,9.684188497243156535e-06,1.116863530060936823e-03
9.984100722171389553e-01,3.501361435807271382e-04,7.456019061794898770e-05,1.145507902804828720e-05,1.153776369634255082e-03
9.986716820285072016e-01,3.282981020878556182e-04,5.209547166905623112e-05,6.763087609839733999e-06,9.411613101261537447e-04
9.958088292263198582e-01,5.724378390382738307e-04,8.957251935808225891e-05,1.192111602147430169e-05,3.517239299262301701e-03
9.979827059511673371e-01,7.686581540597747829e-04,1.207569067615016394e-04,9.842613221814528905e-06,1.118036374789488927e-03
9.957659945250979527e-01,8.573274979865989649e-04,1.404762233174757598e-04,1.643950444556171057e-05,3.219762249152282284e-03
9.986987020080110300e-01,3.808953557677711098e-04,7.859798468531510444e-05,1.271774171055968731e-05,8.290869098254292262e-04
9.987645838617771332e-01,4.437102233708069775e-04,9.635298964521418178e-05,1.298831609548195609e-05,6.823646091114203473e-04
9.983619030410333384e-01,5.915735152792790663e-04,1.901419633706960229e-04,2.988961607964095795e-05,8.264918642370738854e-04
9.993674222574173704e-01,3.542840254110393326e-04,6.369274428367351049e-05,7.217597981841702912e-06,2.073833749060256066e-04
9.944164655870609826e-01,3.514744811044601038e-03,4.262232257710502265e-04,2.120257391417956856e-05,1.621363802209010822e-03
9.904347191369621273e-01,5.253682255785198547e-03,7.368136558435485310e-04,2.974359309234545144e-05,3.545041358316729230e-03
9.820436978746787116e-01,1.334494477645824760e-02,1.131196423693598329e-03,2.916111153556715993e-05,3.450999813633937735e-03
9.752879326995591569e-01,1.658783713417390573e-02,1.312516618658695353e-03,2.832396068739719027e-05,6.783389586920764505e-03
9.581823860567291185e-01,2.391459404553785556e-02,1.691089671896739638e-03,4.607285421730673440e-05,1.616585737161907801e-02
9.453372745955551659e-01,1.658469151443549630e-02,1.686167770590194003e-03,4.907198228986619880e-05,3.634279413712943746e-02
9.257224673930176673e-01,7.716958775740467846e-03,1.402358474666959851e-03,4.498285328870171092e-05,6.511323250328615586e-02
9.355665899371441441e-01,1.537680539348256110e-02,2.013583771507755030e-03,4.826252697320574715e-05,4.699475837089217567e-02
9.070142900857426360e-01,3.626408998135791095e-02,4.273856715247681751e-03,8.651489583794786872e-05,5.236124832181392880e-02
9.208081432824327672e-01,4.965377785515750347e-02,7.954003247406787186e-03,1.427804879316114679e-04,2.144129512707129009e-02
8.684913642314204818e-01,8.636363559114924870e-02,9.706743263733120727e-03,1.336803162528259095e-04,3.530457659744431348e-02
8.717558987838667228e-01,8.457915014023514866e-02,1.045494118912389421e-02,1.361325688517166981e-04,3.307387731792239827e-02
8.855561638474629405e-01,1.505781737072956449e-02,3.997542838953567837e-03,1.364076840709916758e-04,9.525206825878280992e-02
8.690381454954015927e-01,2.470224095489473651e-02,8.935571255182414921e-03,3.501822257445697277e-04,9.697386006877660447e-02
9.746088258016241124e-01,7.665927169113935860e-03,3.074883854616820063e-03,1.806396011298779067e-04,1.446972357351540041e-02
9.844718163097744279e-01,8.197319040640178509e-03,3.438134729092564776e-03,1.855938721879800250e-04,3.707136048304901076e-03
9.907803325117099380e-01,3.471078521625120972e-03,1.864035021165971317e-03,1.677551328098264864e-04,3.716798812689101669e-03
9.866018792748230126e-01,4.572238606917827797e-03,2.794991336835272490e-03,2.807661819865149436e-04,5.750124599437274678e-03
9.883477351133281852e-01,3.301153003317028323e-03,1.861664261606168873e-03,2.361047368351317833e-04,6.253342884913569780e-03
9.774659349461105595e-01,6.909058590766816582e-03,4.334522959943363889e-03,4.343599675356895804e-04,1.085612353564342596e-02
9.671345297440857580e-01,5.670720350566156587e-03,2.933552655641034814e-03,3.782125125356354100e-04,2.388298473717124018e-02
9.630341200803715918e-01,5.910037454172966526e-03,3.261572652211615353e-03,3.729602370022308631e-04,2.742130957624146562e-02
8.915242530411502386e-01,1.337892873426309651e-02,1.022833347125465080e-02,1.041657997918284768e-03,8.382682675541375250e-02
8.663644942856973952e-01,2.425563186581933262e-02,2.866924730065548502e-02,2.015575203495873716e-03,7.869505134433191218e-02
8.631160272172322401e-01,2.354758527265205653e-02,3.372300320406215052e-02,2.651633018226538796e-03,7.696175128782706265e-02
8.933517345293302547e-01,1.511884273554557970e-02,2.330365145973144550e-02,3.030964514746659934e-03,6.519480676064599856e-02
8.789095978802775599e-01,1.070422527974894920e-02,1.423284658773394870e-02,2.313315696092710632e-03,9.384001455614662812e-02
9.257640712211614442e-01,1.043589486151788939e-02,1.184086835232725510e-02,1.728178555954758278e-03,5.023098700903882302e-02
9.343578241509371551e-01,7.197645352962382323e-03,6.684987660563408533e-03,9.778441441737660902e-04,5.078169869136332087e-02
9.172375505606570334e-01,2.012690810080402029e-02,1.883262130881304536e-02,1.677729842820799896e-03,4.212519018690494277e-02
9.710082425509108939e-01,3.199519133897519869e-03,2.120561705330928619e-03,3.187111829838607619e-04,2.335296542687667967e-02
9.731212444044829990e-01,3.494339353746471737e-03,1.851460552113508859e-03,2.540016470025020399e-04,2.127895404265445559e-02
9.941046672123667882e-01,1.533451620427038432e-03,3.829532497352862203e-04,3.678745641680564101e-05,3.942140461054144743e-03
9.710858436904160618e-01,1.136625236973241686e-02,6.619320072345521652e-03,4.116199564722001656e-04,1.051696391103384802e-02
9.581605859622526200e-01,1.926078645129333453e-02,1.608513733983134297e-02,8.402360717464957447e-04,5.653254174876313869e-03
9.214827507074550006e-01,2.393036905847975571e-02,3.570191129323202484e-02,2.112506775676146684e-03,1.677246216515716759e-02
7.254975372194445438e-01,4.793448879288271514e-02,2.016241324077683306e-01,8.214302129800895441e-03,1.672953945010361917e-02
9.403571436844717635e-01,1.286967640270136708e-02,3.393047539982860239e-02,2.442008616964524894e-03,1.040069589603369142e-02
9.618497932839540354e-01,1.077210580531822066e-02,1.997814601510662647e-02,1.298724950617062297e-03,6.101229945003879516e-03
9.655852747923214796e-01,5.613964765373040920e-03,8.265113101129237944e-03,7.556253527209051126e-04,1.978002198845513204e-02
9.538554286555960271e-01,1.630716183220642587e-02,1.167171122758481859e-02,6.098807162337345749e-04,1.755581756837898411e-02
9.451239258168280255e-01,6.382038274736760719e-03,4.934571618109796429e-03,4.415209561510002141e-04,4.311794333417450636e-02
9.735186361948663381e-01,8.206389959980303281e-03,3.223884040666178535e-03,2.290143066364113170e-04,1.482207549785078890e-02
9.562127193336460440e-01,2.160369102319724746e-02,1.064136979255023673e-02,4.372334493179295218e-04,1.110498640128853264e-02
9.665623838574388671e-01,1.315481124215967489e-02,5.010805825325142550e-03,2.639884270849562615e-04,1.500801064799131210e-02
9.557857058157495089e-01,1.364965325637179823e-02,1.163781216854444141e-02,4.180040078055636816e-04,1.850882475152873172e-02
9.781938518172214048e-01,7.645718499017573055e-03,8.227925629391567158e-03,2.688129309402260037e-04,5.663691123429401460e-03
9.875504857803834025e-01,5.226996602226006289e-03,2.848683208757778716e-03,1.311280200262659329e-04,4.242706388606689964e-03
9.762979491870260595e-01,1.129991563503814599e-02,5.804575154492457208e-03,2.077216104991827950e-04,6.389838412944201518e-03
9.857057363104375636e-01,4.610939850659890281e-03,3.139578129131762648e-03,1.751704465548398096e-04,6.368575263216039693e-03
9.903454195835011964e-01,3.033304368423019211e-03,9.992084427637791099e-04,6.102093882834559230e-05,5.561046666483856864e-03
9.681627295008230494e-01,8.263012263317184164e-03,4.278433248610042164e-03,1.809895740641003447e-04,1.911483541318581211e-02
9.814011878106518871e-01,5.512459792824601044e-03,3.704062086540153235e-03,1.930024370381976302e-04,9.189287872945173588e-03
9.764731703570609378e-01,6.270591485217843174e-03,8.422309292772331771e-03,4.331260094499268841e-04,8.400802855498861604e-03
9.612137349487467342e-01,5.882240620099652567e-03,1.104858204973682527e-02,5.842162363785824300e-04,2.127122614503837092e-02
9.775749141260107189e-01,5.871531321935221683e-03,6.813904652715518755e-03,2.816607205620030602e-04,9.457989178776434608e-03
9.853258797496849963e-01,3.973432992979487530e-03,6.052578766282742419e-03,2.646650906740228974e-04,4.383443400378699700e-03
9.589209557422034846e-01,7.015097595795652917e-03,1.506080360717433099e-02,5.639492280153048836e-04,1.843919382681126831e-02
9.380222362438613848e-01,7.963977709512407716e-03,1.286024139107761442e-02,6.410428804088543061e-04,4.051250177513993772e-02
9.310803036405161937e-01,6.762727237493414319e-03,1.650342475599571659e-02,1.027567698353299298e-03,4.462597666764127335e-02
9.610264781753455887e-01,6.276391682230137922e-03,6.008597390375168892e-03,3.343144932706074634e-04,2.635421825877860835e-02
9.631814683602726301e-01,6.965643503575967045e-03,6.421908338279655633e-03,3.627596460010441490e-04,2.306822015187084268e-02
9.457491527164444411e-01,1.226612135493052730e-02,2.051813990454470424e-02,9.561468180004940040e-04,2.051043920607954069e-02
9.278577431143547605e-01,1.504740538745692746e-02,2.520962645698814758e-02,8.994727295077234452e-04,3.098575231169238900e-02
9.009579144367851899e-01,2.862185043358227848e-02,2.631884674945943886e-02,8.560656666967467838e-04,4.324532271347627382e-02
9.237576220255560022e-01,2.292473328744625005e-02,2.251695806183211593e-02,8.551560367703610983e-04,2.994553058839540330e-02
9.584915306241118538e-01,1.253488423881606202e-02,1.557036118388820979e-02,5.687011859450168865e-04,1.283452276723882554e-02
9.453067085787585366e-01,2.081464192727423487e-02,1.620663688059205063e-02,4.629927899351528949e-04,1.720901982343995065e-02
9.466794316516874419e-01,8.734524450278127738e-03,8.859145509918101360e-03,4.066706529325225371e-04,3.532022773518365966e-02
9.019459564338003776e-01,1.981149834067651855e-02,1.372723601513891126e-02,5.026146323240945294e-04,6.401269457806006702e-02
9.085342660756382527e-01,3.017662635244037356e-02,1.660602720346860198e-02,4.343273820262989185e-04,4.424875298642641508e-02
7.406530156853590174e-01,1.216862754385246714e-01,6.616057681286316439e-02,9.348209336747885772e-04,7.056531112957840912e-02
7.108806557232106860e-01,1.173701592392684401e-01,1.017515193752066421e-01,1.948864643709532964e-03,6.804880101860473485e-02
8.444600055960658214e-01,3.819616489232820211e-02,4.074783685153393620e-02,1.157038162721791110e-03,7.543895449735014969e-02
8.274592017734516691e-01,4.801631949508070735e-02,8.246330838364288041e-02,2.503670373335204272e-03,3.955749997448951283e-02
7.633258726270348848e-01,9.193964623382938628e-02,1.203478548592088471e-01,4.051831231306490984e-03,2.033479504862053741e-02
6.740252228350585018e-01,1.105931690029464676e-01,1.306397566648591635e-01,3.225316235587913100e-03,8.151653526154799267e-02
5.177833773224280733e-01,1.399757084462892320e-01,2.923197932030908164e-01,7.205519129978438242e-03,4.271560189821348857e-02
5.069444851955514642e-01,8.671363727519885989e-02,3.563543655252398579e-01,1.477239898131702325e-02,3.521511302269274279e-02
4.724780381479973812e-01,1.011256872944792939e-01,3.855700776787127082e-01,1.198805875855845325e-02,2.883813812025211656e-02
4.609647652596186584e-01,4.839189300908871422e-02,4.186301573326512426e-01,2.167567854422406542e-02,5.033750585441731235e-02
2.498758261967945205e-01,6.032328999344781922e-02,6.377840447846229166e-01,2.605247392133272499e-02,2.596436510380206036e-02
2.842955526591899873e-01,6.267289241086072826e-02,6.085387965338864280e-01,2.550425531744390101e-02,1.898850307861891379e-02
4.290275759247003662e-01,7.019783995377772146e-02,4.519901176044734403e-01,1.733805907247498723e-02,3.144640744457332521e-02
4.223249196672116956e-01,6.062252071834498685e-02,4.428584491089520569e-01,1.946339109704229783e-02,5.473071940844898703e-02
4.414007238676040945e-01,5.639199056911321783e-02,3.697746268335201925e-01,1.331633056936493316e-02,1.191163281603975083e-01
2.628603432439681198e-01,5.598987043603927127e-02,5.437776175611270801e-01,1.640089139974115068e-02,1.209712773591244406e-01
1.476909591347151385e-01,3.217738393386111034e-02,6.424846921723645909e-01,2.402162468028389009e-02,1.536253400787753465e-01
2.678763780410019502e-01,2.891638032216475168e-02,4.270021855221853846e-01,3.052796786567369206e-02,2.456770882489742736e-01
5.544511363935192838e-01,1.413908853464490405e-02,1.373538882631571145e-01,1.307901575426950215e-02,2.809768710544091053e-01
5.722397658186635372e-01,1.018372696402954081e-02,6.674056239239600785e-02,7.056516211468953984e-03,3.437794286134420174e-01
7.551462291027679630e-01,5.228388109191069860e-03,1.272234916470967384e-02,1.994514458415828483e-03,2.249085191649153048e-01
7.749518841463571839e-01,5.351448747102411155e-03,5.085631592235437953e-03,5.374212592201383591e-04,2.140736142550847820e-01
6.468672308285905448e-01,2.786357324763930748e-02,3.102900087461489195e-02,1.778260476400934367e-03,2.924619345727543784e-01
8.635337569189743823e-01,1.201586818446754787e-02,3.553227767240377255e-02,2.298395585365827377e-03,8.661970163878855711e-02
9.065225491999484575e-01,8.983706871888407983e-03,5.335963834554496854e-02,4.428068246055823567e-03,2.670603733656214812e-02
6.850332882840207693e-01,1.967978560441647345e-02,2.093267394619201527e-01,1.374910567085696478e-02,7.221108097878559118e-02
6.645774768852347192e-01,2.183117151012779755e-02,1.086885856722738519e-01,9.082699200214955360e-03,1.958200667321486899e-01
5.195824791280416743e-01,2.459185419220198329e-02,2.328002672769791115e-01,2.271417316435883627e-02,2.003112262384183773e-01
7.860313537410317242e-01,1.132872427030059970e-02,6.812162376609143255e-02,7.042329044703764078e-03,1.274759691778724613e-01
8.664242543215644465e-01,1.145361099056853293e-02,2.728441317466436672e-02,2.409465722900140747e-03,9.242825579030240768e-02
8.676910538778328519e-01,1.142842535042493286e-02,5.717242299337630534e-02,5.955666275684886463e-03,5.775243150268108416e-02
7.173476790378543466e-01,1.977600431046312029e-02,2.035681344233405965e-01,1.678671300033364802e-02,4.252146922800817408e-02
9.904378603940580117e-01,2.004204806756024280e-03,3.318192012281680637e-03,3.455170784018817671e-04,3.894225708502496979e-03
9.885714579580731076e-01,2.197025367500689622e-03,3.408209624013484266e-03,3.957858570250967294e-04,5.427521193387636021e-03
9.641947440214423404e-01,5.472676892515416711e-03,7.271363064531563558e-03,8.009566676295122416e-04,2.226025935388115107e-02
9.689355236646031155e-01,6.794006743640462580e-03,6.432044831965028596e-03,5.351949122934543347e-04,1.730322984749790849e-02
9.733718939918877266e-01,3.810386886867966026e-03,3.205442668082746430e-03,3.643711651519980325e-04,1.924790528800948697e-02
9.546611180461136437e-01,1.029163601274879491e-02,9.778535566887350955e-03,8.178400975015755149e-04,2.445087027674857846e-02
9.662840186251772101e-01,2.012733034234088711e-03,1.754109942777256877e-03,2.116295943287429746e-04,2.973750880348276920e-02
9.451501085533799973e-01,2.376151439952530527e-03,3.524203619059143415e-03,3.563932912820397085e-04,4.859314309632623702e-02
9.297617033528693398e-01,3.985042007059801800e-03,6.840561357226323386e-03,6.012583508483502863e-04,5.881143493199614269e-02
8.810856088599400282e-01,8.777473509427043130e-03,1.234142749197738968e-02,7.649276382664693978e-04,9.703056250038905040e-02
8.728233653479097187e-01,5.863582970926231770e-03,9.322092388729975865e-03,6.613037204783704529e-04,1.113296555719557879e-01
8.651865659609389025e-01,3.267032553181167982e-03,6.649351049912400127e-03,5.690673362909393551e-04,1.243279830996765895e-01
8.238045911171709701e-01,1.565837566269708339e-02,4.067646042629788350e-02,2.506090642573025485e-03,1.173544821512609859e-01
