1.210413554461929192e-01,7.734634981793335473e-02,6.192862286830758123e-01,5.746655018196333842e-02,1.248595158708346448e-01
2.036049892414857621e-01,7.290881036289027783e-02,5.404981359830473009e-01,4.208874677005475240e-02,1.408993176425217819e-01
9.059284503386100251e-01,3.648963679764274243e-02,4.726229225188068039e-02,2.064569140940884003e-03,8.255051470925667614e-03
9.930232461948333977e-01,4.923494084999107193e-03,1.630966500337217373e-03,5.247296663195099133e-05,3.698202531983448113e-04
9.885543074020283205e-01,9.680648405112637911e-03,1.434918315528093541e-03,2.837064831229953014e-05,3.017552290185709397e-04
9.865367173414577584e-01,1.157952737320820311e-02,1.539274806362901562e-03,1.341192739884491615e-05,3.310685515721067907e-04
9.899934117084810969e-01,8.736759665969670227e-03,1.014061841038761983e-03,9.582906505558007055e-06,2.461838780048081514e-04
9.682535697864133040e-01,2.715745498648923506e-02,4.023759168243499010e-03,3.644663246102769889e-05,5.287694263928682846e-04
9.679250043471916420e-01,2.753914229818850770e-02,4.072072680544460560e-03,3.553383027539371193e-05,4.282468437999715377e-04
9.920708007347902591e-01,6.818691699325279097e-03,9.591129984709731394e-04,1.076483347187739041e-05,1.406297339416126427e-04
9.938231820655686333e-01,5.358317164436761544e-03,7.201002799923778008e-04,7.370434574138056245e-06,9.103005542810047837e-05
8.947842446405848138e-01,7.894272692961645799e-02,2.562083515663059197e-02,1.830909668508290367e-04,4.691023063174094756e-04
7.707004542254419777e-01,1.627327916869830693e-01,6.533111712362132950e-02,3.757220720661853678e-04,8.599148918873894976e-04
5.385902153888648680e-01,2.173409453544673242e-01,2.413017266885792989e-01,1.404192293031868589e-03,1.362920275056664831e-03
6.006670989973568187e-01,2.027946074845516089e-01,1.897683235461241624e-01,1.476605213891401744e-03,5.293364758075992660e-03
6.088623117635437731e-01,2.483689557242335644e-01,1.370660069546099924e-01,7.946615971549975425e-04,4.908063960457475540e-03
3.777784928549434706e-01,4.410797619635930533e-01,1.738760854603165484e-01,5.137586527873617189e-04,6.751901068359652397e-03
4.532873824196860801e-01,3.925223214542746808e-01,1.472153776266609260e-01,5.467096417127646725e-04,6.428208857665479795e-03
5.460685612963336322e-01,3.240664731285597955e-01,1.247962544907242760e-01,4.725347203555853889e-04,4.596176364026778767e-03
5.694827846519435743e-01,3.130580382318839949e-01,1.141152362968874123e-01,4.839746179183379419e-04,2.859966201366721285e-03
5.617652685342541252e-01,3.019995322626707890e-01,1.337524005068559951e-01,5.132283668124754811e-04,1.969570329406615181e-03
3.633791920679482201e-01,4.294942144063883527e-01,2.040180279601330748e-01,6.652094683508774425e-04,2.443356097179368979e-03
6.947012970787327379e-01,1.874803404327729239e-01,1.136227435957873899e-01,5.976805016630540443e-04,3.597938391043828572e-03
6.800002209649342877e-01,1.887734863098349258e-01,1.212034877408203343e-01,9.676478876811459018e-04,9.055157096729210889e-03
8.049031235229451298e-01,1.166791309129222853e-01,7.417141589470432894e-02,7.501852417949974369e-04,3.496144427633346777e-03
7.905349797163291337e-01,1.421747466587486297e-01,6.092970357887315946e-02,5.221167933552026998e-04,5.838453252693840204e-03
8.294689757020956566e-01,1.326527264175172416e-01,3.470863536807900634e-02,2.323855916582523852e-04,2.937276920649870525e-03
6.887138556251617416e-01,2.349686658351446966e-01,6.938254258607547131e-02,4.317866807608982034e-04,6.503149272857241744e-03
4.997704805809231599e-01,3.351816174625880107e-01,1.578355463492213673e-01,8.889213128820560748e-04,6.323434294385371288e-03
3.967928873749260732e-01,4.187443775364684817e-01,1.786743193636023685e-01,6.566138522849876034e-04,5.131801872718164299e-03
3.307915721951224519e-01,4.231385509384588128e-01,2.411197856226379166e-01,6.843874684006469962e-04,4.265703775380059667e-03
3.776039601140507296e-01,3.226697520777739303e-01,2.954984550807296939e-01,9.516306765129354823e-04,3.276202050932867059e-03
6.812416006791965906e-01,1.655101729589031623e-01,1.511692261801499126e-01,6.600708378899317139e-04,1.418929343860441620e-03
6.722638069047858211e-01,1.741217713396152333e-01,1.517535016733055075e-01,7.338026028779001415e-04,1.127117479415544986e-03
6.885319319532314797e-01,1.619583886411239682e-01,1.478662715716657916e-01,7.573051740948431431e-04,8.861026598838611440e-04
7.767775965849381681e-01,1.296453185984970391e-01,9.225825387087921436e-02,5.559424907306357308e-04,7.628884549549271163e-04
7.431398563599178608e-01,1.513145157360406001e-01,1.041443839160844653e-01,6.703073726204908638e-04,7.309366153366652578e-04
7.699573451344786656e-01,1.284253022741471961e-01,1.004167621375097325e-01,6.275450367568755072e-04,5.730454171076026886e-04
7.171132693770402300e-01,1.618036462638612338e-01,1.197703154978364826e-01,6.522394682082731376e-04,6.605293930537739673e-04
6.562534453238763055e-01,2.294601852486891080e-01,1.126284612583925981e-01,5.887136460502124993e-04,1.069194522991856293e-03
7.546002475046070801e-01,1.703647277299549512e-01,7.313787116567203872e-02,3.844442834141285448e-04,1.512709316351850200e-03
8.426533369294223474e-01,1.150430531463922240e-01,4.089090294177780138e-02,2.103712843047531565e-04,1.202335698102907201e-03
7.855208638443985647e-01,1.294608986120971972e-01,8.303680831382126426e-02,6.236134213058616921e-04,1.357815808377110106e-03
4.283129466074571123e-01,1.566720774174263919e-01,4.093194714553913816e-01,3.737274089850564987e-03,1.958230429874576080e-03
4.016970566248886931e-01,1.176308761146369897e-01,4.700577845355638495e-01,4.231370145034616184e-03,6.382912579875895699e-03
4.821911216244060272e-01,8.836111920597200520e-02,4.177679786875579393e-01,4.923445546142688617e-03,6.756334935921501882e-03
6.877079583423587605e-01,5.408623202639821492e-02,2.325101222902767328e-01,4.428058476284658755e-03,2.126762886468152799e-02
7.553344478047054888e-01,2.750518893861358949e-02,1.919903003799775798e-01,6.119633281070071054e-03,1.905042959563315805e-02
7.801707139577707117e-01,2.474609361665653165e-02,1.824781959431547862e-01,4.691865626352124605e-03,7.913130856065674068e-03
7.748681632615650461e-01,3.705912979190965212e-02,1.785884927372186071e-01,3.289085238393987028e-03,6.195128970912657830e-03
8.106116678306920509e-01,2.596645458681733423e-02,1.525728785849896352e-01,4.133811408481650670e-03,6.715187589019225821e-03
8.858752600234504060e-01,1.851536125056455276e-02,8.674985203985774440e-02,2.817643816477119305e-03,6.041882869650178414e-03
9.360684592246880653e-01,1.081164487477228112e-02,3.331676847208166897e-02,1.992017854402953342e-03,1.781110957405506595e-02
9.572249174899920554e-01,9.322205328760040099e-03,2.413677988836899352e-02,1.277463069074485664e-03,8.038634223804567991e-03
9.543202003791874111e-01,8.557601021321506810e-03,3.151760099562168210e-02,1.867245772772105437e-03,3.737351831097357902e-03
9.824311388447082294e-01,2.811342835376283433e-03,1.071964766677871786e-02,1.013205232743520298e-03,3.024665420393145808e-03
9.859457382882169663e-01,3.580015659995865445e-03,4.599364797051992866e-03,4.365908055265755022e-04,5.438290449208608816e-03
9.873432066002372220e-01,2.549546935250763743e-03,6.718053013387557428e-03,4.757439342951191234e-04,2.913449516829188200e-03
9.853298675595990597e-01,4.375271869771827499e-03,6.883268593468633290e-03,3.820717509716239110e-04,3.029520226188653700e-03
9.905062860866994390e-01,2.680227222330451228e-03,4.952050910236899250e-03,2.790465632748829247e-04,1.582389217458235464e-03
9.837665766527911027e-01,3.585100856338642276e-03,9.558780804979591025e-03,4.683314952830853225e-04,2.621210190607532482e-03
9.731028721923541402e-01,4.674968172379151583e-03,1.990857686729085793e-02,7.700847552657805618e-04,1.543498012710080303e-03
9.854851946509115557e-01,3.290810605994429899e-03,8.522183439237281111e-03,4.132512451002457680e-04,2.288560058756491673e-03
9.881032254133367276e-01,2.629080657146159756e-03,3.491932936443138853e-03,2.845341176138617076e-04,5.491226875460067380e-03
9.928502426983276674e-01,1.686905338330453108e-03,2.187872903934034823e-03,1.781827662383823506e-04,3.096796293169491905e-03
9.798844242543903738e-01,4.566036389017561967e-03,6.866182998929564255e-03,3.688540616028304240e-04,8.314502296059692044e-03
9.827679022322848290e-01,4.290248827499522008e-03,8.900415870648442293e-03,3.698316189829621526e-04,3.671601450584335933e-03
9.706636926929410603e-01,5.095512830514216385e-03,2.002508861487029349e-02,1.043337714515851517e-03,3.172368147158598304e-03
9.671003678478328203e-01,3.917821693023987306e-03,1.976871592087049018e-02,9.795792950524086738e-04,8.233515243220254978e-03
9.945717448515228876e-01,8.024942565396223949e-04,1.748796456350577063e-03,1.350501005473690177e-04,2.741914335039518508e-03
9.874051637920727709e-01,2.735156865747396387e-03,6.668472126288961001e-03,5.951242103013224070e-04,2.596083005589475828e-03
9.846160017571077283e-01,3.240657765368676942e-03,7.991162522631052589e-03,5.369343349359051616e-04,3.615243619956738045e-03
9.882672457657355469e-01,3.110887307315425392e-03,5.666848561831729948e-03,3.698752858530382666e-04,2.585143079264188345e-03
9.933252060544726092e-01,2.451462634058117381e-03,2.099274335819842786e-03,1.240329328553615822e-04,2.000024042794005738e-03
9.959663744365951921e-01,1.665109001359594849e-03,1.134923581596802974e-03,6.743172744807940659e-05,1.166161253000288231e-03
9.924764335558138306e-01,2.213263810665056387e-03,3.863301073690134698e-03,2.528684738677632309e-04,1.194133085963075200e-03
9.743948712589756145e-01,5.399966520892934656e-03,1.758705364991650436e-02,9.069629452020477964e-04,1.711145625012989568e-03
9.648495669870281732e-01,5.825578320329429308e-03,2.744151984654207357e-02,8.485390632376983234e-04,1.034795782862701777e-03
9.891986899873388417e-01,2.783974823365392183e-03,5.616058726646848756e-03,2.951957287994603379e-04,2.106080733849590228e-03
9.961297862746689713e-01,1.388102961063299038e-03,1.647204411581572846e-03,9.044256943703920105e-05,7.444637832489762064e-04
9.954932009030769136e-01,1.437048570459257320e-03,1.559184172392815218e-03,1.023852285302954122e-04,1.408181125540847786e-03
9.963397134091211971e-01,1.051414472782127981e-03,1.409891089277730530e-03,9.221602682120838025e-05,1.106765001997821619e-03
9.947441041106921400e-01,1.998937555829601205e-03,2.613451484766200414e-03,1.008802074138585592e-04,5.426266412982883904e-04
9.859522610531291642e-01,4.472706177253679520e-03,8.806782923892636852e-03,2.505466268741111426e-04,5.177032188503598179e-04
9.915998731220514451e-01,1.963893662015139298e-03,5.886585877440004937e-03,2.271657779704906385e-04,3.224815605228517168e-04
9.903819411471790346e-01,2.402610648861806201e-03,5.900183377788555464e-03,2.201685182206620985e-04,1.095096307949918434e-03
9.876019431515441482e-01,2.964683241248895935e-03,8.565724630428130093e-03,3.159155010330610145e-04,5.517334757459982581e-04
9.879968335942669322e-01,3.616607959039461542e-03,7.352179608840709105e-03,2.889496928953920918e-04,7.454291449574956948e-04
9.984350830776760333e-01,6.762811185322456899e-04,4.581690928084852050e-04,3.187636288284582687e-05,3.985903481003040517e-04
9.956249685841648267e-01,2.977726190302822096e-03,9.384723785766026661e-04,3.614438987002770539e-05,4.226884570856769279e-04
9.827263776966291831e-01,9.751467340410116535e-03,6.614761400930013399e-03,3.409741102378972257e-04,5.664194517929066605e-04
8.612271234059574176e-01,3.521957207942398582e-02,9.551974807738113082e-02,7.179745833682350982e-03,8.538106035549385435e-04
6.613496830920371217e-01,1.194026980912805402e-01,2.119967721146011619e-01,5.488828554610021386e-03,1.762018147471286445e-03
6.662875750056861390e-01,8.299127759792476744e-02,2.389126781918997633e-01,9.149989978241216196e-03,2.658479226247975700e-03
6.419146053953532771e-01,4.860873932296464611e-02,2.876179366314737806e-01,1.978999008067530360e-02,2.068728569532789566e-03
6.325850507768479014e-01,7.286844178994697496e-02,2.767475012237515242e-01,1.605334797113023432e-02,1.745658238323265828e-03
6.732265394178029716e-01,3.630098026797505539e-02,2.704537449224382883e-01,1.854937849734158289e-02,1.469356894442123236e-03
7.157775326836438579e-01,3.088073151190249763e-02,2.383736318379703900e-01,1.402389729185543263e-02,9.442066746278330409e-04
7.427890595664546902e-01,2.892256195865037724e-02,2.042487447723946581e-01,2.129325406222878220e-02,2.746379640271334396e-03
9.421672080630896229e-01,5.484710522775288616e-03,4.142544701110741773e-02,8.784335226051924461e-03,2.138299176975736772e-03
9.728752715882035274e-01,2.686662614199722583e-03,1.822075559918525517e-02,5.046899124336035915e-03,1.170411074075318686e-03
9.927981729218600115e-01,7.875321289995345459e-04,4.062400478640408423e-03,1.486731215493510656e-03,8.651632550065711542e-04
9.921486124770666493e-01,1.176014017961093949e-03,4.137662398990461614e-03,1.359821929445341211e-03,1.177889176536422956e-03
9.819650321724453512e-01,1.433082771540813679e-03,1.146342316512661760e-02,4.601425012458880415e-03,5.370368784282528391e-04
9.856708059302942138e-01,1.280769052471387439e-03,8.998611254887906030e-03,3.145556764090757986e-03,9.042569982557074632e-04
9.977560201088367942e-01,4.365798914077163948e-04,9.965820421226929005e-04,3.053608822654189426e-04,5.054570753672061375e-04
9.974271716463134485e-01,1.023421320269985932e-03,1.077044274906016012e-03,1.091222017550639390e-04,3.632405567554411463e-04
9.989277830431391170e-01,4.589449409678347130e-04,3.020295559748852618e-04,3.752498185884907590e-05,2.737174780593356976e-04
9.988227281949734193e-01,7.180947907654519928e-04,2.712600307116479073e-04,2.768593875362087916e-05,1.602310447957495661e-04
9.993336401856030005e-01,4.700894493939610950e-04,1.017022684082252753e-04,1.343406524712056972e-05,8.113403134779977586e-05
9.993112366181166051e-01,5.490960178244994744e-04,6.803275530658725524e-05,5.195511147436921139e-06,6.643909760476967674e-05
9.992540820802260360e-01,6.404469819583963504e-04,6.073179828801664832e-05,4.066167512391394465e-06,4.067297201509992603e-05
9.994388911534574094e-01,4.902777521990718101e-04,3.984351015959445777e-05,2.395028107486632646e-06,2.859255607631605676e-05
9.991043430521713287e-01,7.926552683098533588e-04,6.667036210090551771e-05,3.893979408756968101e-06,3.243733800918491278e-05
9.991150392728649354e-01,7.840580578346654627e-04,6.868100941399523361e-05,3.935890482124976187e-06,2.828576940443748474e-05
9.992665909919850042e-01,6.445297273758402454e-04,6.170747371641694767e-05,3.355831657325113350e-06,2.381597526546753410e-05
9.989528948727349755e-01,9.399079977510968291e-04,7.209326009757030149e-05,3.759006368077809871e-06,3.134486304820422912e-05
9.986595027891417287e-01,1.200738687453532056e-03,1.075127519268787360e-04,5.345006410034885717e-06,2.690076506775714287e-05
9.988895780086221032e-01,9.974466086706832227e-04,8.644812287429879901e-05,3.931799486138146234e-06,2.259546034693247216e-05
9.985599360232613186e-01,1.288275677741281249e-03,1.175241998902984273e-04,5.401346575864504199e-06,2.886275253123795939e-05
9.991517090724212347e-01,7.486233495684820353e-04,7.758719409968787509e-05,4.502780883235866182e-06,1.757760302729336068e-05
9.993107626046767722e-01,5.935977309429094594e-04,7.486821661933668742e-05,4.274802774037978662e-06,1.649664498723255076e-05
9.990101302000369277e-01,8.457099454529689968e-04,1.153429946967711526e-04,7.129070634524510807e-06,2.168778917891477402e-05
9.987713790490193588e-01,1.035603736428136312e-03,1.624305342838335128e-04,8.104473616642434764e-06,2.248220665220054910e-05
9.993876104123836646e-01,5.208139759470058975e-04,7.349593612765499442e-05,4.277558566614863091e-06,1.380211697518982836e-05
9.982087538400201687e-01,1.500653911033139132e-03,2.476076548314769146e-04,1.198529373849197642e-05,3.099930037660509187e-05
9.988347889158577519e-01,9.733231494619342620e-04,1.639408808874501743e-04,6.940931697547236651e-06,2.100612209544980386e-05
9.993979396482119970e-01,4.995282212081247940e-04,8.452201049359922298e-05,4.372244759971140730e-06,1.363787532638810200e-05
9.988360214246909674e-01,9.682408953795545569e-04,1.647466289504141950e-04,7.042831575682809793e-06,2.394821940324290012e-05
9.988718019465969711e-01,9.563453128091450612e-04,1.446415667727951051e-04,6.802206457359546732e-06,2.040896736373118430e-05
9.991066035429556624e-01,7.438859143732310048e-04,1.231542570647467343e-04,5.443127520239264269e-06,2.091315808622118121e-05
9.995178734060680137e-01,4.061217901862547094e-04,5.973251139664724805e-05,3.351632346272033567e-06,1.292066000304817043e-05
9.990913187959714614e-01,7.739127522146790807e-04,1.052732284808187169e-04,5.481255434863926439e-06,2.401396789823160018e-05
9.992843409709759595e-01,5.985940849555797163e-04,9.410195307057562478e-05,4.973795022560971786e-06,1.798919597531521312e-05
9.994979639472362232e-01,4.293499966299601850e-04,5.609331984056975968e-05,2.732064353388519437e-06,1.386067193984960462e-05
9.991776011890627363e-01,6.951587977973490992e-04,1.032375977779187865e-04,5.476702390583849646e-06,1.852571297134174822e-05
9.985874841709392324e-01,1.192829359892629655e-03,1.848986518260395861e-04,8.220360869403533623e-06,2.656745647271228168e-05
9.987790271953039811e-01,1.051968685613722176e-03,1.412150185497344573e-04,6.352430821144384647e-06,2.143666971140621076e-05
9.985945143396790513e-01,1.222296191232934105e-03,1.508458684342341215e-04,6.076922097013936451e-06,2.626667855687136920e-05
9.981412590323534006e-01,1.575308330673089261e-03,2.417397599357164976e-04,1.011537804679054341e-05,3.157749899118826651e-05
9.975114241379987590e-01,2.021583863476004647e-03,4.217234140494836511e-04,1.544690282113437440e-05,2.982168165461828748e-05
9.990790779233720276e-01,7.444034324818986359e-04,1.532931865429621051e-04,7.677875812922474501e-06,1.554758179033535498e-05
9.988056786507755191e-01,9.351979183005093349e-04,2.323965018454386070e-04,9.513803361081578684e-06,1.721312571742363972e-05
9.974809470987364701e-01,1.963929966708303360e-03,5.139007248076256709e-04,1.779081393720833711e-05,2.343139581032141478e-05
9.955926010247732050e-01,3.490800901966103435e-03,8.592179128414216029e-04,2.458226338383166432e-05,3.279789703555870568e-05
9.973184622520189224e-01,2.002410086438845271e-03,6.374329338364770640e-04,2.053257645033192559e-05,2.116215125543924281e-05
9.983294919421773495e-01,1.276098885525320638e-03,3.616610408688305557e-04,1.282146067394291278e-05,1.992667075462540142e-05
9.990816056475996243e-01,7.205644539069075384e-04,1.791845847421059837e-04,7.491098119156957538e-06,1.115421563230904487e-05
9.990199457990504017e-01,8.064472522957802543e-04,1.526197993408997828e-04,6.136007726979858369e-06,1.485114158591450713e-05
9.980518637225123113e-01,1.594359371890202715e-03,3.190679852323716247e-04,1.080294729421597072e-05,2.390597307084878741e-05
9.984065388473319924e-01,1.272763545398752525e-03,2.875690003584904699e-04,9.743672431322127512e-06,2.338493447961742747e-05
9.980637046382031530e-01,1.433419982388470498e-03,4.565690426471880124e-04,1.612208144269338837e-05,3.018425531839101996e-05
9.977426079653894941e-01,1.696972719120300784e-03,5.137832395967096297e-04,2.071921640258523600e-05,2.591685949068753855e-05
9.978995402457092601e-01,1.497006967675957321e-03,5.594240968219984329e-04,2.037557312923276003e-05,2.365311666359881052e-05
9.980716838934025059e-01,1.330619040588088779e-03,5.596436187203430480e-04,1.679402541506664967e-05,2.125942187398019854e-05
9.984125202417575284e-01,1.175373045346039596e-03,3.799338086512776087e-04,1.226897082184139648e-05,1.990393342311940955e-05
9.987355159799173876e-01,1.022814180234695586e-03,2.152763882887061503e-04,7.595637030383858000e-06,1.879781452878410519e-05
9.983865048402851272e-01,1.314649190517525566e-03,2.667273113170463839e-04,8.826161216762792351e-06,2.329249666338586717e-05
9.970364624057503899e-01,2.106417846961746148e-03,8.110478374224034098e-04,2.458753803975800395e-05,2.148437182569312563e-05
9.981556494060076501e-01,1.314240181887459027e-03,4.979187089833228682e-04,1.787496339359067720e-05,1.431673972798611351e-05
9.990101755915912207e-01,7.396799387596473055e-04,2.280748033545450899e-04,9.488388098604575159e-06,1.258127819581954581e-05
9.993651505157195025e-01,4.691268736568075370e-04,1.500078833803613894e-04,6.652434645797342005e-06,9.062292597591523524e-06
9.988822610139302949e-01,8.762777344820746198e-04,2.186668016193375698e-04,9.487969322330263162e-06,1.330648064593826642e-05
9.992572169735229881e-01,5.891296730455106850e-04,1.340337862141383442e-04,6.485971447533520329e-06,1.313359576991573423e-05
9.990689468788308547e-01,7.799460517364100809e-04,1.314690615743565867e-04,6.482265649740746382e-06,1.315574220871829146e-05
9.995072260488586657e-01,4.133395741675139701e-04,6.569169725595236213e-05,3.615646616551435668e-06,1.012703310142370652e-05
9.994371951443428159e-01,4.647081408783515564e-04,8.245611568181034740e-05,4.820007887911513262e-06,1.082059120908191908e-05
9.991496984944543414e-01,6.713162772130716518e-04,1.571928177861042514e-04,8.509098097907048368e-06,1.328331244853314604e-05
9.991872078002348445e-01,6.586057547151338539e-04,1.332008880969761256e-04,7.129389309353985185e-06,1.385616764372378377e-05
9.995150159746912788e-01,4.046245595996926687e-04,6.769010562690838098e-05,3.792243863833272751e-06,8.877116218344648663e-06
9.986254193992430972e-01,1.088091312381973168e-03,2.583038226811927920e-04,1.062791132340526886e-05,1.755755437032579651e-05
9.992218268624182276e-01,6.280526370527893558e-04,1.295559800093635660e-04,5.932308231492722284e-06,1.463221228803328581e-05
9.993156721263954934e-01,5.811181309646844522e-04,8.610215170831149142e-05,4.262693535851622828e-06,1.284489739558685959e-05
9.991197716858926103e-01,7.580897644119517992e-04,1.020865764518566243e-04,4.503708312227349835e-06,1.554826493134262887e-05
9.996246502311887383e-01,3.197123570245431127e-04,4.364509965065482014e-05,2.281684434152746058e-06,9.710627702010966267e-06
9.993872697409053041e-01,5.167011587602384068e-04,7.822636027605031866e-05,4.080288408529498943e-06,1.372245164986504485e-05
9.994990791743482150e-01,4.289481079864383814e-04,5.830774395926551249e-05,3.355284665371079675e-06,1.030968904089429887e-05
9.992562933938138325e-01,6.429369656546302450e-04,7.608437846934288664e-05,3.800618887743139368e-06,2.088464317435078263e-05
9.988527389901356024e-01,1.021664302957006089e-03,1.002785626233926222e-04,4.550098709392221295e-06,2.076804557467767674e-05
9.990509058190306657e-01,7.931242516294238721e-04,1.350514467579027179e-04,6.326278789556371820e-06,1.459220379263836216e-05
9.996506046672897217e-01,2.939681085502788204e-04,4.454681867768905284e-05,2.848789933957314469e-06,8.031615548382830484e-06
9.992943374268145051e-01,6.040226674542052525e-04,8.026835041939463038e-05,4.381940599233296509e-06,1.698961471276646396e-05
9.993869781368970306e-01,5.236622473321169606e-04,7.188759826151060130e-05,4.098205860067745350e-06,1.337381164930819546e-05
9.986915575160572045e-01,1.127436994620288797e-03,1.502475062610803122e-04,7.401430904120234911e-06,2.335655215722752756e-05
9.990552819325289047e-01,8.333545286015427633e-04,9.104982340670503109e-05,3.921639393315017407e-06,1.639207606958610408e-05
9.987326320521165979e-01,1.069394636577678361e-03,1.691028954079839186e-04,6.256618671874034684e-06,2.261379722589315199e-05
9.983591867789509688e-01,1.305946067187604758e-03,3.053543818566267537e-04,1.068321950572766862e-05,1.882955249919619978e-05
9.978167213706800043e-01,1.864169965202132351e-03,2.888374598540950828e-04,8.878114787373595027e-06,2.139308947634591866e-05
9.985235726744525753e-01,1.255834851671071934e-03,1.962703678750578524e-04,7.038407506419439007e-06,1.728369849476102442e-05
9.983739883702923423e-01,1.389590570582408370e-03,2.100076610480939329e-04,6.403690234021111587e-06,2.000970784315626551e-05
9.975752019620583999e-01,2.097424083605623369e-03,2.956694065089280048e-04,7.848205371955007401e-06,2.385634245522922674e-05
9.985604713137381516e-01,1.188187399546110010e-03,2.286677638969490851e-04,7.543707659010149382e-06,1.512981515974388806e-05
9.994681346014776535e-01,4.273416038592838385e-04,9.186658462449978917e-05,4.452940768082671093e-06,8.204269270579132595e-06
9.993221305713767544e-01,5.337917927385597318e-04,1.259848576389698438e-04,6.059218448155741776e-06,1.203355979746837791e-05
9.991514362701845453e-01,7.003942498095257294e-04,1.286013019167717457e-04,5.943683969480295766e-06,1.362449411969118662e-05
9.994669583759165921e-01,4.451927573162031996e-04,7.396758504610932814e-05,3.611247665353628468e-06,1.027003405575002428e-05
9.994726930516955044e-01,4.366148487844855042e-04,7.065860960264647888e-05,5.445646668796450991e-06,1.458784324856988766e-05
9.997043371229128450e-01,2.202944391667617692e-04,4.609701210719397996e-05,6.282131497395820795e-06,2.298929431595437582e-05
9.986098728380244927e-01,9.884026122089434666e-04,3.294283546093663842e-04,2.628200142864735826e-05,4.601419372860388193e-05
9.978100090123649402e-01,1.309169566003995843e-03,7.295230715723106203e-04,6.953384422105235863e-05,8.176450583772087023e-05
9.994739691501747236e-01,2.724491975413967262e-04,1.688744716848614809e-04,1.868408140782457596e-05,6.602309919119863171e-05
9.996723157108252655e-01,1.383141079189294665e-04,9.821784705107267349e-05,1.155712339998022774e-05,7.959521080479838072e-05
9.996460356987568741e-01,1.638368560907172723e-04,1.047851726990282081e-04,9.984948168962513320e-06,7.535732428426021503e-05
9.997815275189113615e-01,9.805304874181842024e-05,5.508219728871691724e-05,6.287397460121189911e-06,5.904983759776426928e-05
9.989148764033538574e-01,5.482754659995301739e-04,3.245980647586345423e-04,3.071116528246012697e-05,1.815389006054912474e-04
9.988213327582459167e-01,6.464479940535175322e-04,3.129259380836615619e-04,2.908107155328633499e-05,1.902122380639036472e-04
9.988608429989747073e-01,4.606976050550343790e-04,3.027374651600034773e-04,3.975742894147152009e-05,3.359645018687473089e-04
9.994637812301552238e-01,1.751367642246285110e-04,1.883919903000458437e-04,2.780459030788703771e-05,1.448854250123523038e-04
9.992078895306696351e-01,2.259444100358048199e-04,1.939115884765837679e-04,2.964959679168838427e-05,3.426048740261179617e-04
9.992335158787053473e-01,2.556707252552318978e-04,2.131688388749650056e-04,3.753109452316570616e-05,2.601134626412017915e-04
9.979587515193896197e-01,6.298319953480942777e-04,4.255099430579172611e-04,7.546626166717580026e-05,9.104402805373494178e-04
9.980255437054429413e-01,5.841573636502636266e-04,6.208574878191073154e-04,1.203397931697567632e-04,6.491016499181326760e-04
9.984053411094199193e-01,6.656862508348835401e-04,5.404466376237455601e-04,8.998244447154615008e-05,2.985435576499269588e-04
9.984116253418120479e-01,7.402567676265696308e-04,5.064071419546450382e-04,9.168967642625221897e-05,2.500210721805901830e-04
9.932745417697705914e-01,3.802528965938580755e-03,2.391399626291470723e-03,2.030064778687709355e-04,3.285231601305719411e-04
9.664294401540879376e-01,1.354203063558894436e-02,1.830914220004072751e-02,1.243502233686224513e-03,4.758847765960731334e-04
9.831289927732562717e-01,4.402752686119617079e-03,1.076505872884914346e-02,1.326172493036680521e-03,3.770233187383175712e-04
9.889680557753172119e-01,4.427086417248753993e-03,5.950966325464000610e-03,4.883192940737467701e-04,1.655721878964831555e-04
9.870754103531080847e-01,6.312072627232085016e-03,5.994027781270087549e-03,4.628033661175427705e-04,1.556858722721155648e-04
9.715757235046033058e-01,1.436359622887332065e-02,1.317318063099105416e-02,7.094225932162043745e-04,1.780770423161038912e-04
9.813963871728161870e-01,1.039440529772974429e-02,7.672212570573900062e-03,4.160277339270603133e-04,1.209672249531770668e-04
9.970379143332965821e-01,2.061455288210791836e-03,8.054606692437562545e-04,4.946513835907190889e-05,4.570457088967977617e-05
9.967427936417575518e-01,2.522794207028451752e-03,6.603154428049768992e-04,2.928435833447630800e-05,4.481235007448923746e-05
9.962165023232237848e-01,2.705817840403531172e-03,1.020028785986130211e-03,3.339038906804280167e-05,2.426066131848878221e-05
9.966249519700155490e-01,2.390046906776624545e-03,9.295720044534242117e-04,3.322101897246073412e-05,2.220809978177416014e-05
9.916109824026585473e-01,5.488369672987546653e-03,2.788744290279267755e-03,8.137539838975807178e-05,3.052823568493484194e-05
9.966311877398865704e-01,2.306464716600224295e-03,1.011742445611956993e-03,2.728297144879916045e-05,2.332212645247732900e-05
9.825012179069234630e-01,1.161245175823164694e-02,5.721354751335738092e-03,1.114173346996872574e-04,5.355824880946564309e-05
9.950818066712072696e-01,2.740149399489692512e-03,2.099485076761536256e-03,5.717256978566364565e-05,2.138628275581373262e-05
9.856221726230746105e-01,4.094532978336905965e-03,9.509203971394800461e-03,7.428271214431319668e-04,3.126330575036288253e-05
9.799473284077953039e-01,5.677950581646205343e-03,1.335250227636388884e-02,8.505182675262310714e-04,1.717004666684300812e-04
9.660992899775298071e-01,7.691511958981494743e-03,2.367247746185480867e-02,1.451699542309482132e-03,1.085021059324367283e-03
9.623981999337463122e-01,6.496764496626967339e-03,2.939271139620692683e-02,1.047890524185441253e-03,6.644336492343818311e-04
9.635049924281818834e-01,5.613250944606592782e-03,2.822173371026247962e-02,1.346330793704080073e-03,1.313692123244863735e-03
9.810649487436128302e-01,4.611681722789485668e-03,1.317524866185649027e-02,5.350640773121278625e-04,6.130567944289864145e-04
9.975236303880716804e-01,8.936950358141350923e-04,1.390985746132393031e-03,6.792244607876083470e-05,1.237663839029369268e-04
9.931693620962396274e-01,2.386993468347049958e-03,3.842581188985132526e-03,1.834054546745299155e-04,4.176577917536881544e-04
9.776957324781713199e-01,4.993170486096911755e-03,1.607144477725650639e-02,5.281290303467363117e-04,7.115232281286050205e-04
9.672681643934453177e-01,6.046140181521490742e-03,2.470320614511319068e-02,1.019520411483782266e-03,9.629688684361769474e-04
9.840091472664150851e-01,3.988642401797039792e-03,1.044058097367098030e-02,4.303947350177699145e-04,1.131234623099153279e-03
9.827599848116442827e-01,4.286270766973372844e-03,9.686340819026570403e-03,4.440003094210211989e-04,2.823403292934849058e-03
9.780472021782840031e-01,4.881933830346460619e-03,1.480965197596834787e-02,3.807483284157450461e-04,1.880463686985265085e-03
9.784867494039758418e-01,4.666005124838972472e-03,1.219589176957138962e-02,3.161452757345524218e-04,4.335208425879233905e-03
9.909215039114060986e-01,2.058760128925996805e-03,5.492235802757539087e-03,1.367587730704556131e-04,1.390741383840017305e-03
9.760172810223954887e-01,5.269437290520565149e-03,1.536926801001498727e-02,4.145889089808906880e-04,2.929424768088014115e-03
9.918750812781372828e-01,2.502265434252605707e-03,4.861048898862699308e-03,1.484629466923806590e-04,6.131414420549013543e-04
9.957396847414513585e-01,1.238927738824913052e-03,2.458840338039446592e-03,8.920882585296704373e-05,4.733383558313697544e-04
9.947590313911407467e-01,1.314188757388529269e-03,3.288134014452668511e-03,1.031056268546605014e-04,5.355402101634063571e-04
9.933371025525606912e-01,1.212113063658562919e-03,4.870816822926926290e-03,1.790247153854679992e-04,4.009428454681733338e-04
9.752463509501230199e-01,4.910658615837690776e-03,1.891061448284551624e-02,4.090164206055371091e-04,5.233595305882716032e-04
9.837216766436395199e-01,2.991901863331864701e-03,1.252050517595248297e-02,2.804144897026813891e-04,4.855018273735350258e-04
9.833623082243750924e-01,2.831621709475934476e-03,1.302619702705214155e-02,2.527856843637406445e-04,5.270873547331047376e-04
9.731647598675912114e-01,2.622407363741587408e-03,2.350186452885486346e-02,5.139015430882211887e-04,1.970666967239544901e-04
9.734924806774294392e-01,3.251756422211962184e-03,2.214180034056567603e-02,5.280277097728811259e-04,5.859348500202052421e-04
9.763807437788081245e-01,3.205621921810982659e-03,1.933009044730132561e-02,4.534332735109851756e-04,6.301105785686920025e-04
9.819369976228041752e-01,3.218147249902836033e-03,1.345902686619059735e-02,3.294648827196961817e-04,1.056363378382680707e-03
9.820072353038765689e-01,2.592624993531793699e-03,1.443311274931247112e-02,4.609310936730420154e-04,5.060958596061217694e-04
9.786986719207381169e-01,3.120863988717987019e-03,1.731516427664637689e-02,5.048615366184156135e-04,3.604382772790466543e-04
9.782390912985584608e-01,2.905413546083457886e-03,1.740705774004311021e-02,6.364431608459068974e-04,8.119942544689640399e-04
9.719281718603545173e-01,3.511483977152831011e-03,2.282073790799956162e-02,7.759271046518492927e-04,9.636791498413534640e-04
9.412397758799143643e-01,7.897218493699684552e-03,4.836014192475565632e-02,8.999805268294987400e-04,1.602883174800845715e-03
9.351073349019617398e-01,9.585670148041798566e-03,5.254912756457486012e-02,1.115323528170363877e-03,1.642543857251096712e-03
9.552366655616405522e-01,6.435045679729151785e-03,3.669936820316308662e-02,6.426557103568967914e-04,9.862648451103596652e-04
9.295312650778424501e-01,1.105717556196811856e-02,5.644519656869746715e-02,9.419831109602418324e-04,2.024379680531786935e-03
9.278706278887205450e-01,9.953840490302359734e-03,5.929752804033777691e-02,1.203920424543028804e-03,1.674083156096416430e-03
8.687976801868542154e-01,2.605215306729730812e-02,1.016835529478344047e-01,1.199161784237562714e-03,2.267452013776522553e-03
9.270328280076837180e-01,1.734293803575263915e-02,5.351650025495807012e-02,5.912345402575452415e-04,1.516499161348071984e-03
9.760562956147721403e-01,4.275227921020395734e-03,1.883305348054299319e-02,3.115834556472477307e-04,5.238395280170663870e-04
8.989843325112166772e-01,1.283046449516676499e-02,8.515959438424711148e-02,1.403065367531030130e-03,1.622543241838390838e-03
9.734220000774476134e-01,4.214738178622258469e-03,2.122281958543459704e-02,4.550668832401870531e-04,6.853752752552469841e-04
9.733711306937825603e-01,4.265050211050541891e-03,2.148116796159064285e-02,4.970129701775309952e-04,3.856381633986639534e-04
9.218818846413532331e-01,1.107956012416203180e-02,6.536926759242590868e-02,1.079136159352709051e-03,5.901514827060741356e-04
7.274672323911226535e-01,2.177535822986646774e-02,2.481267059825214283e-01,2.144850851827181069e-03,4.858525446623320507e-04
6.745556585834526775e-01,2.409294966112170144e-02,2.980079397349097436e-01,2.817397596500134140e-03,5.260544240157042500e-04
9.574649039039032639e-01,6.179586377421980754e-03,3.534414279771490308e-02,7.326009884863300334e-04,2.787659324735147900e-04
9.169710966957044240e-01,1.742108297486019697e-02,6.351212826236532494e-02,9.165758654307285848e-04,1.179116201639258260e-03
8.889693219949612590e-01,9.448887602755993986e-03,9.812439498228490986e-02,2.790634695663115825e-03,6.667607243347602143e-04
7.704707545644443600e-01,2.090358329310888774e-02,2.035660655468536917e-01,3.967141203775713734e-03,1.092455391817334209e-03
9.188537030798400451e-01,8.629906021027373975e-03,7.006714061859400933e-02,1.878578776408605915e-03,5.706715041298795772e-04
9.713299289525813007e-01,5.840344551138754343e-03,2.171673011959497981e-02,4.944667734057441163e-04,6.185296032791969293e-04
9.912607890061905236e-01,1.895049556859907357e-03,6.010899153775375349e-03,2.420117710844080596e-04,5.912505120898470679e-04
9.910012433805565069e-01,2.379390115327521728e-03,5.796091776298801894e-03,2.457169908879311589e-04,5.775577369291585647e-04
9.787040105039498394e-01,4.395014406005338763e-03,1.549850676173232175e-02,7.343157437587151306e-04,6.681525845538802176e-04
9.005652062334222885e-01,1.714258296189384578e-02,7.820353593617807020e-02,2.306700381051493380e-03,1.781974487454440282e-03
7.321674496958658906e-01,3.775243234883869647e-02,2.232246325008906684e-01,4.218572696337919911e-03,2.636912758066842742e-03
8.954928665279930922e-01,1.120249281888482246e-02,8.706618917087924348e-02,2.742356044883301983e-03,3.496095437359569846e-03
9.317705507877005466e-01,8.159405641623681052e-03,5.458089883463474595e-02,2.860537395759004797e-03,2.628607340282016359e-03
9.758900592168894272e-01,4.839186645561726133e-03,1.528587469096341980e-02,7.414778642511680702e-04,3.243401582334344297e-03
9.542173175577014499e-01,9.166407814724324143e-03,2.994485877581281111e-02,1.048868197940963859e-03,5.622547653820534480e-03
9.613468641559693717e-01,6.422099250410557431e-03,2.939272632162862400e-02,1.209194500711167214e-03,1.629115771280311526e-03
9.764253280455831296e-01,4.802741875299314928e-03,1.602579819339809350e-02,6.584851192390860477e-04,2.087646766480509564e-03
9.649064995246408039e-01,7.047932775454081832e-03,2.353747387094754645e-02,8.714412959237347696e-04,3.636652533033863342e-03
9.694615081023958414e-01,4.260764520612829107e-03,2.188531347202824287e-02,1.128846456454571379e-03,3.263567448508613265e-03
9.889444328191613343e-01,2.806353383427856018e-03,6.669670131332058015e-03,3.101066068896295765e-04,1.269437059189146635e-03
9.902156803158136400e-01,2.242001165566503626e-03,5.328014717587307124e-03,3.235050654622119047e-04,1.890798735570366510e-03
9.902706091640465225e-01,1.992161497115983899e-03,4.001971097139006908e-03,3.199083393637132248e-04,3.415349902334922742e-03
9.830706704375384852e-01,3.291195400841029437e-03,9.924843749692172090e-03,5.835546097784909559e-04,3.129735802149931356e-03
9.836331788623423611e-01,4.315154233879447791e-03,8.190691641206162762e-03,4.014825179261546440e-04,3.459492744646045555e-03
9.846731654832392433e-01,4.236476822813672535e-03,9.224871855662328257e-03,3.725885809677629700e-04,1.492897257317057393e-03
9.962928252417372343e-01,1.214233596794192733e-03,1.821795005399178468e-03,1.194666114772056188e-04,5.516795445922061981e-04
9.864031086928561898e-01,3.957361757677588590e-03,5.989666812185048643e-03,3.250952926962077830e-04,3.324767444584844373e-03
9.753818617842655581e-01,7.770888758080809165e-03,1.246200561385895321e-02,5.119095332718177167e-04,3.873334310522922892e-03
9.599962026463899623e-01,1.042708674437115360e-02,2.414059339997603679e-02,6.488028058909745856e-04,4.787314403371819432e-03
9.527646759139949406e-01,8.279366821982343111e-03,3.598069302289230720e-02,1.374402357436245361e-03,1.600861883694182797e-03
9.806602158514405865e-01,4.509700198846572188e-03,1.266850993245496534e-02,5.981864502209405070e-04,1.563387567036750520e-03
9.904307929508562314e-01,2.153043285413353426e-03,5.725316774235807669e-03,4.031296917283080515e-04,1.287717297766301922e-03
9.952653037166130368e-01,1.935144979056465427e-03,2.024925726529678335e-03,1.269828433416232184e-04,6.476427344591290710e-04
9.955810507280590249e-01,1.896178288855192686e-03,1.743009676476068096e-03,1.206815018001451293e-04,6.590798048097610672e-04
9.957615018235630444e-01,1.438947320736874008e-03,1.625929298903295477e-03,1.219364395306381287e-04,1.051685117266312666e-03
9.880498311823074920e-01,4.285906804357249127e-03,6.011251597131860892e-03,2.364266765617611802e-04,1.416583739641526316e-03
9.839371383574070373e-01,5.227802459462055351e-03,8.295260788108568470e-03,3.872635838779688098e-04,2.152534811144268725e-03
9.939593635942829408e-01,2.340985707642286636e-03,2.567969925056857311e-03,1.667200894686148114e-04,9.649606835493531373e-04
9.931258240977114404e-01,3.354853984323957500e-03,2.381279246227482448e-03,9.622155993791833731e-05,1.041821111799309460e-03
9.419358970890832072e-01,3.396340213461848667e-02,1.797248057594241083e-02,3.530134669803927801e-04,5.775206733375518910e-03
9.842672210090932516e-01,5.641174945009315260e-03,4.020935820285316889e-03,1.813693447707526553e-04,5.889298880841422647e-03
9.773692198498759032e-01,8.118233129722251043e-03,8.288663787586027579e-03,3.336598061033737065e-04,5.890223426712406715e-03
9.418905156454779881e-01,1.638111155868259700e-02,2.998340259658811499e-02,1.346293259545455583e-03,1.039867693970586079e-02
9.600107521059988436e-01,7.679149752087789313e-03,2.724668481987406812e-02,1.211254227055139380e-03,3.852159094984072656e-03
9.608188533759607353e-01,6.429973726390484506e-03,2.580021252254581510e-02,9.437188389776926230e-04,6.007241536125261343e-03
9.784151875636784013e-01,3.804757280989955887e-03,1.299394497717334604e-02,4.510254414550992816e-04,4.335084736703064337e-03
