5.203454038399718540e-01,9.491134311187702371e-03,6.413039231177666832e-02,3.991274433325547877e-01,6.905626204508918259e-03
9.532134466596823286e-01,5.490078301620586812e-03,9.753728998395647110e-03,2.912853201246049309e-02,2.414214027840960904e-03
9.879120419294039612e-01,4.415032471984709286e-03,1.795084289171754860e-03,2.007525834285505718e-03,3.870315475154199013e-03
9.962368975769575474e-01,2.738735950571224553e-03,3.835246755948099637e-04,9.385464430491919068e-05,5.469871525714918711e-04
9.975945779713802919e-01,2.041599081014612398e-03,1.846813134458463073e-04,1.868753923969522680e-05,1.604540949196179612e-04
9.958668766741582967e-01,3.567121262150174752e-03,3.247791836592431162e-04,1.926369942557901291e-05,2.219591806066907157e-04
9.941019488013418393e-01,4.284238316411094483e-03,1.095900333783375201e-03,8.858364544891109040e-05,4.293289030147821785e-04
9.597237225158997687e-01,2.921713550325281267e-02,8.415167086698281673e-03,4.168970360136822198e-04,2.227077858135454239e-03
8.609616641759054723e-01,1.000486956140612532e-01,1.846470361273470570e-02,5.661251030198104607e-04,1.995881149427868387e-02
9.867321946905993624e-01,9.206557503598247066e-03,1.931156074527592493e-03,8.062030289320881629e-05,2.049471428381685785e-03
9.951800702414308475e-01,3.669368669796438907e-03,4.749143305889284112e-04,2.832497935225979636e-05,6.473217788316094120e-04
9.982949285646276483e-01,1.108948020810865626e-03,1.646572189985235995e-04,1.518263454469599095e-05,4.162835610182517507e-04
9.975878186129738534e-01,1.940416294204214305e-03,2.066543553706768049e-04,1.228788754619469396e-05,2.528228499050864529e-04
9.967102435253095694e-01,2.700238972601449669e-03,3.425730791921302717e-04,1.223283651846700624e-05,2.347115863783173718e-04
9.975553028460404370e-01,2.037070884994444681e-03,1.848497752618901986e-04,6.801169384692552033e-06,2.159753243184829629e-04
9.981502079115377457e-01,1.379453113817137458e-03,1.723009047624347184e-04,9.118622443803962616e-06,2.889194474387133619e-04
9.985294770187028712e-01,1.017007344776431257e-03,1.878771066466098955e-04,1.695718688686200437e-05,2.486813429872357264e-04
9.991103442139207536e-01,6.747900277566338872e-04,9.640127959653303346e-05,7.401679199377142519e-06,1.110627995266566471e-04
9.921938008312998214e-01,6.221704214567977745e-03,5.915199025674580408e-04,4.054519585432966752e-05,9.524298557104102702e-04
9.947420508929702976e-01,4.123066960027867850e-03,6.364001177477466306e-04,5.647203088155231757e-05,4.420099983727643865e-04
9.824100011311247549e-01,1.360750887404597355e-02,1.240627111026449325e-03,8.627099905393944277e-05,2.655591884748954336e-03
9.800658496957787014e-01,1.169273026063778059e-02,2.660299970186238289e-03,1.557004013791040158e-04,5.425419672017988901e-03
9.828089086855092971e-01,1.018015207661541327e-02,2.696048863268109275e-03,2.280760486762566997e-04,4.086814325931059297e-03
9.518344904486558677e-01,3.276507452164997142e-02,7.074476505183533576e-03,3.471051446806605774e-04,7.978853379829873443e-03
9.606044114381598886e-01,2.870322829918642987e-02,5.748986808938091192e-03,1.919677600395151569e-04,4.751405693676222577e-03
9.587024286151707431e-01,2.550770036874843577e-02,5.237976447822871758e-03,1.923002829163964313e-04,1.035959428534164416e-02
9.341565924826917833e-01,4.040892086323932819e-02,4.447817396319729381e-03,1.380766247321238861e-04,2.084859263301708579e-02
8.721997268491341604e-01,7.181391467126826966e-02,8.992809754663188757e-03,2.765496926941162165e-04,4.671699903224030281e-02
8.980872056065568598e-01,5.442468637103809598e-02,6.904987046500630186e-03,2.086088214218498294e-04,4.037451215448241426e-02
8.563400951474027245e-01,8.175112971145048757e-02,1.135842938593410734e-02,3.387602715281308875e-04,5.021158548368463009e-02
8.335978567458445232e-01,8.789925233309553443e-02,3.128021664784202960e-02,1.053420325049320583e-03,4.616925394816865508e-02
7.043572279193259789e-01,1.715776544357011379e-01,4.925219509661172418e-02,1.646184214536148584e-03,7.316673833382501824e-02
7.981054004967155224e-01,9.424489507050086423e-02,3.715239038859766141e-02,1.329868273570305407e-03,6.916744577061569033e-02
7.276499992018058416e-01,1.385313321829053645e-01,4.282369498812716585e-02,1.486315490571954792e-03,8.950865813658966108e-02
7.023421766246189524e-01,1.597875388547354558e-01,6.927179357007272331e-02,2.095072837394555947e-03,6.650341811317823926e-02
6.035531097546311674e-01,2.220103281441872800e-01,8.124514911655027205e-02,2.286042466139838383e-03,9.090537051849142958e-02
7.903624214581576046e-01,1.103580657659654907e-01,3.737750844357837915e-02,1.178847703699498857e-03,6.072315662859907592e-02
6.442406058509710931e-01,2.201781190661500909e-01,5.495110376305487043e-02,1.977225901680815506e-03,7.865294541814304985e-02
5.943122799166689063e-01,2.088618803221651277e-01,8.288132072147834373e-02,3.108423339114168953e-03,1.108360957005733588e-01
5.271270742276237264e-01,3.317391408885267956e-01,6.994106447996799314e-02,8.540188173376415861e-04,7.033870158654376148e-02
7.118849121602499608e-01,1.800891924514953224e-01,3.447561236255336503e-02,4.846512170369952064e-04,7.306563180866443297e-02
8.019740838906875835e-01,1.021741923299448740e-01,2.534391498541293392e-02,5.343998228213144106e-04,6.997340897113329961e-02
8.917375829171327872e-01,4.041884465456700021e-02,1.088084351701343148e-02,2.758243558694254338e-04,5.668690455541743750e-02
8.426926690783269613e-01,6.787441823576054190e-02,1.789823988326738960e-02,3.381344122565920081e-04,7.119653839038840581e-02
8.469608239545750594e-01,4.087169760549289738e-02,1.050947606031706755e-02,3.112597737622252816e-04,1.013467426058527604e-01
7.971224848939502117e-01,7.163540850002855787e-02,3.000334045275529146e-02,9.388253050349401347e-04,1.002999408482310034e-01
8.447250013640215105e-01,5.682636955930283479e-02,1.493784466260123824e-02,4.777696109972529677e-04,8.303301480307721805e-02
9.015728500195594464e-01,4.128038271899838602e-02,1.605864666020166004e-02,3.435481895378248861e-04,4.074457241170265781e-02
7.625624535370244539e-01,9.026374794374728006e-02,2.190005450771365450e-02,4.599217572080044857e-04,1.248138222543066778e-01
6.200845311994831466e-01,1.380316412660601011e-01,2.642394868930598648e-02,5.276558670232102009e-04,2.149322229781275295e-01
6.384719971968210173e-01,1.339569271685598084e-01,3.077239209531514030e-02,4.357969916603323681e-04,1.963628865476437224e-01
5.873980349118903543e-01,1.747728881649336929e-01,7.453293093923211987e-02,9.525381460673657289e-04,1.623436078378766023e-01
5.603453115631171766e-01,1.783653162396108272e-01,7.001380985001609547e-02,8.378386020022813956e-04,1.904377237452535565e-01
6.772403493240630734e-01,1.337070937491246503e-01,4.464604936533282664e-02,4.420122244236648012e-04,1.439644953370557978e-01
5.998607235182312758e-01,1.518119255287838920e-01,4.686128560951403205e-02,6.206639435170885994e-04,2.008454013999536880e-01
6.940431873189079059e-01,8.200062232347103686e-02,5.725127907247794939e-02,2.400333591470097880e-03,1.643045776936732094e-01
7.907544594651479963e-01,7.211936831481824406e-02,4.908253840313265420e-02,1.375996788282494608e-03,8.666763702861834950e-02
5.663587767971065556e-01,1.681225469587136478e-01,5.104836727589145973e-02,1.135444872706746272e-03,2.133348640955815556e-01
6.188978340449563520e-01,1.370407603294524490e-01,2.473598290812978676e-02,4.513470163449829304e-04,2.188740757011165272e-01
6.485439648655988432e-01,1.618883378444760657e-01,2.792957571913976325e-02,4.878688748923847474e-04,1.611502526958929482e-01
7.177383052093643245e-01,1.503329882525838712e-01,3.264249648161580974e-02,5.662146952123815833e-04,9.871999536122373631e-02
3.918227858154853527e-01,2.810824967460928692e-01,4.223258385920916624e-02,5.973063011307527424e-04,2.842648272780819996e-01
3.976367511013711442e-01,3.008131287812485510e-01,5.553145901317445288e-02,6.107776509590881302e-04,2.454078834532467668e-01
4.071855109230363978e-01,2.685327963981012922e-01,1.493292421833050942e-01,1.369523494266677377e-03,1.735829270012905767e-01
3.519650805917091674e-01,2.296480759745465339e-01,8.643473471957090204e-02,1.302483117041875870e-03,3.306496255971315135e-01
2.954030156463261503e-01,2.213094207635003807e-01,7.093698745775209313e-02,1.086198933984667409e-03,4.112643771984367258e-01
3.160781142082448314e-01,2.499972343484370974e-01,1.141280071517882522e-01,1.341827265324055558e-03,3.184548170262058164e-01
4.067965415075392444e-01,2.072421709960866054e-01,9.336175052247146222e-02,1.699546011685772054e-03,2.908999909622169144e-01
3.027511895208019332e-01,2.572024200917681358e-01,1.226092002753466359e-01,1.691684622422023367e-03,3.157455054896613489e-01
1.867201461472152713e-01,2.380782336406570554e-01,2.193799697362456835e-01,3.007456836698601827e-03,3.528141936391834266e-01
1.652516853173383871e-01,1.464871831287818116e-01,8.916888083849600077e-02,1.775962168046324756e-03,5.973162885473374262e-01
1.050524678562049785e-01,5.596156083799935788e-02,3.383987505233242848e-02,1.156765016194958922e-03,8.039893312372682344e-01
8.633926371027418611e-02,5.513596135471384579e-02,1.774092982884900305e-01,6.120853413524052558e-03,6.749946232329979701e-01
1.184114754958180693e-01,9.348142323626282280e-02,1.201906576362037488e-01,3.916560718633912280e-03,6.639998829130815405e-01
8.014678917512212120e-02,6.198113856358546114e-02,3.780455519346088977e-02,1.008180294402697330e-03,8.190593367734289032e-01
2.360997517892315933e-01,1.337992122754201596e-01,6.229324235469393262e-02,1.283916588275822116e-03,5.665238769923784945e-01
3.417237433502400834e-01,1.494665196371200988e-01,5.586658274216967091e-02,1.015148719183925959e-03,4.519280055512862049e-01
1.972814196711082102e-01,1.607355035988101144e-01,8.839415754866937480e-02,1.435468945381380024e-03,5.521534502360309071e-01
1.280809647145094432e-01,7.967644830749127938e-02,6.664472802858580069e-02,1.036455246014335784e-03,7.245614037033991650e-01
9.705757350733869304e-02,6.374952901456114318e-02,2.535405196229506553e-02,4.934670719255568024e-04,8.133453784438795520e-01
1.156418290009505190e-01,1.031360391386847153e-01,4.243527343569752225e-02,6.386990119551354001e-04,7.381481594127120571e-01
1.195353666536793924e-01,1.222580562463289611e-01,3.830054340758647785e-02,4.498812402721832915e-04,7.194561524521330131e-01
1.270908609749393237e-01,9.280370270570444113e-02,4.989959022930888499e-02,8.732928092092299109e-04,7.293325532808381251e-01
1.099771590407337962e-01,6.391407706062067484e-02,1.803530939369249464e-02,3.067491118052291239e-04,8.077667053931478769e-01
1.580444265779753221e-01,3.852082199175461269e-02,1.710411521175293770e-02,4.764271487942652906e-04,7.858542090697228089e-01
1.831962465611670365e-01,5.812485704076892495e-02,2.770989169769087421e-02,5.095557196728940554e-04,7.304594489807002544e-01
2.275624879547231416e-01,6.504970965108096415e-02,2.679646469683993892e-02,6.599878513521175013e-04,6.799313498460036742e-01
1.154734101189636569e-01,5.587627883121557004e-02,1.421837879514670569e-02,4.080031530882204213e-04,8.140239291015859413e-01
1.118608406644936715e-01,4.332242566692541541e-02,8.074235476167689399e-03,2.195698321292314039e-04,8.365229283602840793e-01
7.799565342711316240e-02,4.492033620339612454e-02,8.335412524179649715e-03,2.752084607000892819e-04,8.684733893846110497e-01
5.804400383057161522e-02,8.102887560406543677e-02,2.013359352293927346e-02,4.161473807034766223e-04,8.403773796617202141e-01
5.017275759143322716e-02,5.882552976113011867e-02,1.314103839459587406e-02,2.846622672034165987e-04,8.775760119856371722e-01
1.216069180546234391e-02,1.965446288405827899e-02,4.666635252111142433e-03,1.102784940113199464e-04,9.634079315643568897e-01
1.736385877815826984e-02,2.342745513155777837e-02,8.492905485889230138e-03,1.911532873381026972e-04,9.505246273170565585e-01
5.389714119391501163e-02,2.739781626590087615e-02,8.725226413220594016e-03,2.141456030008114506e-04,9.097656705239627328e-01
2.123148405506712980e-02,2.026155612561001892e-02,4.696536487487731892e-03,1.058296175627282566e-04,9.537045937142724084e-01
4.283181649795636536e-02,3.353104791860735817e-02,4.750680959979160581e-03,8.197242736385665861e-05,9.188044821960933417e-01
6.571122161849504706e-02,6.259624189270519834e-02,1.294762555364594239e-02,1.733291443038058907e-04,8.585715817908501357e-01
8.783573928764636107e-02,7.859472963296815218e-02,1.791794118182532189e-02,3.448502255073632779e-04,8.153067396720526938e-01
3.085165855485818773e-02,5.090724622986257664e-02,9.587912250306402859e-03,1.884544036240839797e-04,9.084647285613489665e-01
3.326700925718694551e-02,6.301048079413601455e-02,8.895466223965923375e-03,1.238618592151334889e-04,8.947031818654960222e-01
1.676179039238433893e-02,5.106409000882212307e-02,5.929268911814608752e-03,7.218411508353400976e-05,9.261726665718953422e-01
1.672221823746535344e-02,3.650798993197141434e-02,7.509540662074558684e-03,1.212015853957372090e-04,9.391390495830930218e-01
2.403120748950711427e-02,2.187984575527516032e-02,7.079479586769828539e-03,2.282450352684340278e-04,9.467812221331793898e-01
2.332128709354586160e-02,5.492508317247497829e-02,1.472766625950401240e-02,2.375038510386211590e-04,9.067884596234364603e-01
1.227939803789735405e-02,3.540198144155252274e-02,6.354215051773654671e-03,1.188435659562743995e-04,9.458455619028200978e-01
1.877914003281448002e-02,3.117587782680166300e-02,5.388315466453227898e-03,1.176947606078234711e-04,9.445389719133228112e-01
1.101957143679275913e-01,9.289219395766183662e-02,1.612835418338886412e-02,2.750813269373435623e-04,7.805086561640843801e-01
6.189329430408148369e-02,5.502564170915284769e-02,8.508630418855571420e-03,1.843143611093640746e-04,8.743881192068008179e-01
5.383083494788505619e-02,7.069249769734203825e-02,1.476550421302802278e-02,3.630495727767436777e-04,8.603481135689681203e-01
4.538741748773965357e-02,1.052190096705724470e-01,1.935289526781747149e-02,3.674285629061629184e-04,8.296732490109641756e-01
6.140933303549103023e-02,7.627044010976379018e-02,1.464589257308914275e-02,2.326990154652763061e-04,8.474416352661907625e-01
1.069856611309724509e-01,1.200649335602903545e-01,1.860202853975006371e-02,2.335474069282596893e-04,7.541138293620587296e-01
1.169790019876072451e-01,1.501565856213543104e-01,2.793923577836076796e-02,3.921562403604041103e-04,7.045330203723173534e-01
6.265962840891782515e-02,6.860908028720820451e-02,8.814943947161663768e-03,1.511467414802623952e-04,8.597652006152320947e-01
1.046753527147738089e-01,5.787695019407793073e-02,6.812684429035788074e-03,1.442508677132298101e-04,8.304907617943991793e-01
1.595096276437976968e-01,8.414641967556762969e-02,9.455737741584091527e-03,2.388995317201373389e-04,7.466493154073303717e-01
2.043419023075948582e-01,4.108805285207105251e-02,9.569654791465560112e-03,4.231826835265091306e-04,7.445772073653420531e-01
3.716192464826044706e-01,6.297831954241968344e-02,1.375650058330186130e-02,4.570378886745619798e-04,5.511888955029993209e-01
4.860090027542821045e-01,3.877321962240851128e-02,1.384925083902939329e-02,5.964870146543200038e-04,4.607720397696256631e-01
4.553469933350037246e-01,1.858172055588053553e-02,8.312101354819603077e-03,3.807854779274204792e-04,5.173783992763687500e-01
3.786577990267986915e-01,2.599322658427314151e-02,1.731186293998810896e-02,9.777967743571803344e-04,5.770593146745829349e-01
5.943388933888057446e-01,1.582691166472386876e-02,8.783835698634013742e-03,6.983677372980559182e-04,3.803519915105382232e-01
5.394539974760470535e-01,1.707611353617678046e-02,1.841734756175308213e-02,3.462004549939934166e-03,4.215905368760831107e-01
5.852303053224977569e-01,1.220126661075532359e-02,7.806123616400110522e-03,1.018531604490793612e-03,3.937437728458559882e-01
5.152390944385178972e-01,2.012350529312213060e-02,7.463572836862357972e-03,7.141102325981645840e-04,4.564597171988994395e-01
5.599041811187974726e-01,2.636918042749420224e-02,1.092091873683006392e-02,8.491810050258008068e-04,4.019565387118525512e-01
5.985371138520008127e-01,3.861225761360361636e-02,1.768661451022502176e-02,1.268319084262165128e-03,3.438956949399083474e-01
6.806493052185526027e-01,2.479740454820669737e-02,6.333647869761102091e-03,4.295443574340794784e-04,2.877900980060457137e-01
5.531471355553567726e-01,5.905046695069908480e-02,1.299167086325770867e-02,5.503098876504438361e-04,3.742604167430360618e-01
7.721285063111218427e-01,3.951873691605373856e-02,6.797998439861363887e-03,2.524580070690162176e-04,1.813023003258940613e-01
7.014865067870303950e-01,6.282065968647146392e-02,1.283879131236914661e-02,4.667861057723625613e-04,2.223872561083566346e-01
6.342377490727287848e-01,2.658173958526012862e-02,2.756788993986981906e-02,3.618778668835480068e-03,3.079938427333058226e-01
7.756964249428082159e-01,4.198775662942352133e-02,2.411875632007611306e-02,1.373756648830313544e-03,1.568233054588618891e-01
9.543579499381857900e-01,2.254774816140804952e-02,5.273319855803103133e-03,1.949270804537731321e-04,1.762605496414923478e-02
9.598537457415733387e-01,2.248106103908831255e-02,2.000237294690612819e-03,8.712529980077814639e-05,1.557783062484684698e-02
9.772262272920437809e-01,1.508473778465678136e-02,7.311595365398146362e-04,2.889940934874250003e-05,6.928975977410985893e-03
9.555584081995582846e-01,2.940384884125241474e-02,9.427554166029343151e-04,3.092003946507662843e-05,1.406406750312131151e-02
9.477873214905454535e-01,4.121795059466290545e-02,1.326604894000508496e-03,3.042417963085521616e-05,9.637698841160309907e-03
9.677089472885962440e-01,2.389332282452494294e-02,6.608869548862579156e-04,1.598435021618985105e-05,7.720858581776473932e-03
9.863936861157827085e-01,9.805951662288895851e-03,2.821727468318268174e-04,7.377448910156979398e-06,3.510812026186590096e-03
9.628169931001859805e-01,3.017213942797740758e-02,8.305686864427787655e-04,1.517724608130196630e-05,6.165121539312512153e-03
9.581404061992813137e-01,3.404212925589243655e-02,8.819265759118383998e-04,1.572024430461414172e-05,6.919817724609652644e-03
9.696370528419635537e-01,2.549544733367831856e-02,7.219408898721515686e-04,1.373134284227868010e-05,4.131827591643623225e-03
9.757798653314975201e-01,2.114336088478582440e-02,7.056656110107600681e-04,1.161202521876106477e-05,2.359496147487300140e-03
9.823114075615141383e-01,1.527451937168458618e-02,6.055722842461762605e-04,1.020033279959738826e-05,1.798300449755482928e-03
9.419716341549950744e-01,5.117953735864851778e-02,1.547980378076411773e-03,1.774814908565650604e-05,5.283099959194241697e-03
9.452063209206430505e-01,4.765757667494424643e-02,1.546803166455703845e-03,1.686677478651513816e-05,5.572432463170461613e-03
9.011294568874221866e-01,8.957885287455427670e-02,2.980860538414053466e-03,2.214332057987560129e-05,6.288686379029755427e-03
8.907512858970366709e-01,9.977957053441263713e-02,4.114896734275365169e-03,2.627539808090678504e-05,5.327971436194471958e-03
8.807493849796017571e-01,1.093884494369891242e-01,4.094345238182280425e-03,2.421936546782295935e-05,5.743600979758880544e-03
9.314216602996444605e-01,6.144311188245577676e-02,2.324540994915609473e-03,1.826635800500110978e-05,4.792420464979187458e-03
9.210980457181466852e-01,6.200671944304346483e-02,2.481935930248762787e-03,1.885989120437752122e-05,1.439443901735688175e-02
9.128059858538871696e-01,6.897764713038576079e-02,3.158132936976449680e-03,2.166651887980245908e-05,1.503656755987088818e-02
9.184365333333914805e-01,6.917941648500794405e-02,3.330644987969297744e-03,2.310965178431002804e-05,9.030295541847114735e-03
9.446389384431108649e-01,4.666399084189466751e-02,4.002427387819036675e-03,2.499307553347753316e-05,4.669650251641966829e-03
9.634239158721502605e-01,2.884073875571695200e-02,2.273233761946079953e-03,1.916044323697046185e-05,5.442951166949889369e-03
9.698503394811816003e-01,2.422455279794172994e-02,1.679856383279867450e-03,1.675906843760130270e-05,4.228492269159143252e-03
9.827828666916603728e-01,1.470113479289538762e-02,7.491348604386637196e-04,9.918217569260114354e-06,1.756945437436442312e-03
9.492663086355612734e-01,4.578507731845964102e-02,1.841578663245020502e-03,1.681014192775452545e-05,3.090225240806241096e-03
9.785036333557142196e-01,1.908092666191237019e-02,7.645982732173265978e-04,9.866244920555050502e-06,1.640975464235587501e-03
9.526953762178126395e-01,4.317425206817267908e-02,1.317025920270937676e-03,1.390088386932169211e-05,2.799444909874329417e-03
9.078067977062079796e-01,8.592303686700267229e-02,2.915940268103017329e-03,2.058749015751566477e-05,3.333637668528878495e-03
9.577542785407464621e-01,3.824582850383250604e-02,1.341188419997226336e-03,1.288851409242522855e-05,2.645816021331506059e-03
9.635132589739167086e-01,3.341367106100644191e-02,1.362792445073430191e-03,1.319694338589813270e-05,1.697080576617443579e-03
7.556448764824696962e-01,2.324979488879089506e-01,6.415526711809674092e-03,2.604913028492760900e-05,5.415598787526768390e-03
9.217991589751662884e-01,6.733193194352388167e-02,3.564510928235850931e-03,2.890053089128634715e-05,7.275497622182623692e-03
7.895721203263503796e-01,1.539805720411351331e-01,4.301104948891817242e-02,4.392419856231906394e-04,1.299701615797318847e-02
9.200618240933090553e-01,3.183399410897289061e-02,9.483798966384777637e-03,1.820672803852534842e-04,3.843831555094791991e-02
9.881593134896681230e-01,6.950482207496549471e-03,7.084850205162299000e-04,1.627645647162643603e-05,4.165442825847565783e-03
9.903512898221070726e-01,6.880845244147591050e-03,4.880270654648941747e-04,9.996585470532279899e-06,2.269841282809874350e-03
9.974413247010480710e-01,1.918509497542888716e-03,1.211509831472194689e-04,3.710688571137859318e-06,5.153041296905420086e-04
9.955931816644958410e-01,3.516221018529047150e-03,1.711927106948611394e-04,4.853579471895298753e-06,7.145510268083702038e-04
9.973790283596984940e-01,2.101735782650139550e-03,9.650457517630589902e-05,3.003219029752833771e-06,4.197280634454817415e-04
9.983257936474900784e-01,1.333483584329104524e-03,6.499508854324940305e-05,2.535938610173452253e-06,2.731917410272588086e-04
9.964406024581108356e-01,2.978414462797886793e-03,1.340939114242354865e-04,4.239740260004639381e-06,4.426494274068939853e-04
9.922733413769022626e-01,6.856879232459429062e-03,2.133279509755795866e-04,4.334753338015169850e-06,6.521166863247941994e-04
9.903834627144311176e-01,8.604401940808111340e-03,2.666818266411448077e-04,4.422975595911590761e-06,7.410305425238000255e-04
9.879137060399598713e-01,1.084503678569040917e-02,3.578811677132274723e-04,4.557188827556734837e-06,8.788188178090373557e-04
9.921720509118463482e-01,6.846026897298715212e-03,2.803211457032781526e-04,4.533816721712400971e-06,6.970672284301400370e-04
9.795634003157368541e-01,1.843128456675080171e-02,6.925203224957134735e-04,7.733044084203342697e-06,1.305061750932396498e-03
9.918789781142992590e-01,7.206965909230938876e-03,2.775310314297746049e-04,4.172527489331296130e-06,6.323524175508388277e-04
9.945083359546852408e-01,4.812871788526244116e-03,2.897252464805809627e-04,4.783369363753604951e-06,3.842836409442562402e-04
9.925862113045040847e-01,6.698526760701283000e-03,3.051874575857023517e-04,5.308716476782620050e-06,4.047657607322536306e-04
9.895943301545719883e-01,9.519256285180244248e-03,4.299542012989540922e-04,6.987974532178676724e-06,4.494713844165833163e-04
9.854354042782632606e-01,1.341073216771918389e-02,5.226957205696401926e-04,7.839778718800084428e-06,6.233280547292421132e-04
9.952040336586537306e-01,4.367899939940250373e-03,1.768422403602958200e-04,3.757138188216093381e-06,2.474670228574380230e-04
9.944034985770552337e-01,5.137874244868114240e-03,2.086392213631922275e-04,4.350578431840832359e-06,2.456373782815578178e-04
9.850689378144062980e-01,1.390946457197094789e-02,4.603911399525614659e-04,7.258575115640785393e-06,5.539478985547053062e-04
9.841515720772806564e-01,1.467990278689499002e-02,5.745143593830872360e-04,8.230440251026668419e-06,5.857803361901279746e-04
9.890723157055881787e-01,1.015236359434324581e-02,4.009980036771538625e-04,6.695477081398624581e-06,3.676272193100547990e-04
9.851056497003382040e-01,1.376149251761553394e-02,4.638921254157546414e-04,6.380199575208078901e-06,6.625854570553868506e-04
9.928272275644737244e-01,6.403544809496175549e-03,2.711361117275640502e-04,4.726169659610845336e-06,4.933653446429649408e-04
9.911350728536216792e-01,7.918703202724733728e-03,3.254554119445892194e-04,5.360160748687722424e-06,6.154083709603336456e-04
9.574148721408037854e-01,3.959965253922943795e-02,1.384936462706713028e-03,1.158875636940969917e-05,1.588950100890383285e-03
9.849609937710596119e-01,1.370381270491972774e-02,6.976610602985774652e-04,9.249936752650913122e-06,6.282825269695110773e-04
9.748919425546502815e-01,2.330834140227380433e-02,8.985131825116514977e-04,1.071000663733958926e-05,8.904928539268114210e-04
9.838096155214824945e-01,1.478038251473916959e-02,6.231666672973904973e-04,9.972640604085755670e-06,7.768626558768916600e-04
9.841387798443800294e-01,1.450964493335350075e-02,8.060372565915177893e-04,1.143668926403643611e-05,5.341012764110928410e-04
9.899692243937904257e-01,9.299282778992164905e-03,3.459308892773067302e-04,7.120665252955559061e-06,3.784412726871674197e-04
9.782635617542339013e-01,2.033784036345978249e-02,6.683740890959223796e-04,1.071396172738864498e-05,7.195098314829917376e-04
9.924865857083898790e-01,6.787213062291685972e-03,2.186252928552588029e-04,5.643200681495996087e-06,5.019327357816040112e-04
9.970850303674021475e-01,2.599944732399302964e-03,9.538802801171083231e-05,2.949189201447266609e-06,2.166876829852855087e-04
9.953867870197011802e-01,4.234646050494820027e-03,1.354319177242461634e-04,3.904195429491613762e-06,2.392308166502284236e-04
9.962673505039179034e-01,3.397485887060254679e-03,1.113808638437947622e-04,3.414927576183111783e-06,2.203678176019835248e-04
9.980176956351630713e-01,1.704615966187646636e-03,6.009728575270618294e-05,2.195076002535503059e-06,2.153960368939321867e-04
9.946716237266794991e-01,4.777957122508188700e-03,1.397649168079740875e-04,4.097779152029729736e-06,4.065564548521026804e-04
9.838228304838407823e-01,1.456228084340646829e-02,3.557746703181108587e-04,6.809440026967833936e-06,1.252304562407766716e-03
9.804521648184133520e-01,1.795887306860800836e-02,4.225047996837522470e-04,5.500438050836418412e-06,1.160956875244186469e-03
9.888129966394888504e-01,1.028372810705104057e-02,2.855428898290164716e-04,4.963264566623796549e-06,6.127690990645188367e-04
9.948494886370068402e-01,4.641821703013263023e-03,1.428369078845872510e-04,3.268511734402096414e-06,3.625842403609629006e-04
9.952609050449355843e-01,4.219081915525307869e-03,1.358083827231425505e-04,3.595885496058927302e-06,3.806087713198848602e-04
9.966224790285673762e-01,2.974316596631688785e-03,9.345192575655920388e-05,2.892785228730774134e-06,3.068596638156100486e-04
9.949089467207152815e-01,4.527171590086084135e-03,1.020984241314799342e-04,3.042884875330597379e-06,4.587403801918754479e-04
9.907806716314231377e-01,8.335464936983743092e-03,1.977549133703199332e-04,4.773981352711359086e-06,6.813345368699896733e-04
9.941730915354626275e-01,5.253830153766593340e-03,1.685940181013295637e-04,4.179086238468897733e-06,4.003052064311551526e-04
9.949552774321023252e-01,4.531995816814212222e-03,1.250619687568037134e-04,3.328073775384823378e-06,3.843367085512195292e-04
9.813310453299110003e-01,1.730539711319751747e-02,4.377296766793592302e-04,6.798446675886704591e-06,9.190294335362596528e-04
9.847307045266565639e-01,1.321036976723269016e-02,1.590218322373125603e-03,2.406887195192646141e-05,4.446385117857376708e-04
9.911083711304928823e-01,6.908739233293755520e-03,1.403662749899320990e-03,4.269675401285160575e-05,5.365301323011779488e-04
9.690824301471205882e-01,1.830405670113102387e-02,1.035799797593033554e-02,5.406152688663990206e-04,1.714899906951613401e-03
9.731544951310563407e-01,1.339591086340508920e-02,1.019473575270304390e-02,1.035102953063032124e-03,2.219755299772694420e-03
8.804112573357187888e-01,4.874336525811713561e-02,5.139649469747738925e-02,3.338685556357927700e-03,1.611019715232888880e-02
9.368026072286426142e-01,1.239175952832398571e-02,2.398703012090152784e-02,4.289873639256972480e-03,2.252872948287485896e-02
9.503200760843442119e-01,1.957082255303093862e-02,2.082053774301318924e-02,2.116523672431201361e-03,7.172039947180478860e-03
8.788216342348975640e-01,4.188058109337394752e-02,4.123184013485554911e-02,2.961311389471694370e-03,3.510463314740134427e-02
8.669438898851979936e-01,3.922261075626212734e-02,4.603046303129551542e-02,3.833225135901950718e-03,4.396981119134249494e-02
8.697400761499028965e-01,2.206348210190907030e-02,4.877089214413532492e-02,6.068813297465733628e-03,5.335673630658698680e-02
8.593076468662632639e-01,5.034820991650474503e-02,3.487277540342530874e-02,1.994812229032845094e-03,5.347655558477402288e-02
7.064788701532092041e-01,8.719752302176493608e-02,9.884875484081098729e-02,5.617029850622088337e-03,1.018578221335927764e-01
6.330512697959664870e-01,1.313478137434729576e-01,7.707034019598006658e-02,2.965827785890793721e-03,1.555647484786897017e-01
4.735724661535558599e-01,2.149448834891085069e-01,1.004478870512847122e-01,2.381245710170526268e-03,2.086535175958803556e-01
3.281794294193187134e-01,1.356683600513927668e-01,4.273153446683737866e-01,3.200336533643618336e-02,7.683350052447857070e-02
4.689765336136916818e-01,1.118556966894662386e-01,2.894722404522889203e-01,2.262589719272713878e-02,1.070696320518259997e-01
4.080425682031394441e-01,1.089421629475902653e-01,2.978211111366068087e-01,2.033537544432246352e-02,1.648587822683409976e-01
5.219525576826926638e-01,9.972425101654948387e-02,2.437321449848564303e-01,1.712463948961844007e-02,1.174664068262829264e-01
5.668987083189904741e-01,7.207121757358696257e-02,2.051865556427580062e-01,2.965917414922718959e-02,1.261843443154373745e-01
7.482667110394747301e-01,3.505318987873157210e-02,4.738379733989581122e-02,9.168869977534042925e-03,1.601274317643640033e-01
6.135825527916578537e-01,4.516549090621155976e-02,3.846180392654977021e-02,4.172842743246509868e-03,2.986173096323342380e-01
7.816266120805090978e-01,6.041446515869139389e-02,3.715251395611958440e-02,2.751790307194613549e-03,1.180546184974853724e-01
8.711624342648862651e-01,2.915594445238377241e-02,4.802622149606258078e-02,8.606063679678439132e-03,4.304933610698894603e-02
6.734537392218519214e-01,5.108554420589580397e-02,6.713324576057480564e-02,1.235740681364426267e-02,1.959700639980331838e-01
8.504310997396423710e-01,1.544427662603314183e-02,1.760595880391069984e-02,5.280953899826997325e-03,1.112377109305866946e-01
9.032662844465186858e-01,9.330475120743416534e-03,7.244178118008544331e-03,1.844424363897414045e-03,7.831463795083180857e-02
9.162560322820197944e-01,1.051607724856957332e-02,4.576847101049266384e-03,6.830539317104087835e-04,6.796798943665099957e-02
9.556896633539458952e-01,4.803026761964612236e-03,2.757222123490323581e-03,5.314892422709562329e-04,3.621859851832824606e-02
8.340035574035563615e-01,1.273621518438641971e-02,7.878992655566531209e-03,1.277180124683607778e-03,1.441040546318070603e-01
8.111941855824564840e-01,1.615370883954246953e-02,8.897377269427552901e-03,1.123363825119093546e-03,1.626313644834543326e-01
7.543088944680826913e-01,2.780941641297432487e-02,1.239161093265407285e-02,7.461895849060183345e-04,2.047438886013829840e-01
6.854199989087155220e-01,4.407325528925789410e-02,1.630702912937105967e-02,7.704996968840654385e-04,2.534292169757714763e-01
8.047734656994313118e-01,3.467949598206285233e-02,1.173661296811624212e-02,5.957121796836068383e-04,1.482147131707059751e-01
6.885805624074914366e-01,8.086237406376257930e-02,3.597736802663488442e-02,1.195612208919219358e-03,1.933840832931917331e-01
7.498122558285109651e-01,7.859361496918108869e-02,4.970118606966159730e-02,1.764564656267171398e-03,1.201283784763793744e-01
7.807797717709060725e-01,7.010895891742179031e-02,3.424260553966122778e-02,1.361125829972229537e-03,1.135075379420387859e-01
6.353329907632392359e-01,1.108828855315203560e-01,7.255172362688835919e-02,2.464916403377855579e-03,1.787674836749741369e-01
5.809501263034182461e-01,8.975376606999971307e-02,4.423548049603091142e-02,1.914149957817387875e-03,2.831464771727337792e-01
4.560699137783037482e-01,1.023824855207494666e-01,5.823464568368799665e-02,2.298131462481586579e-03,3.810148235547772821e-01
3.295616436098470770e-01,5.395171504357682696e-02,3.096332622531716011e-02,1.963297365253191540e-03,5.835600177560057444e-01
4.173310562711278759e-01,4.143859895086865475e-02,1.981688107879647082e-02,1.378000259934195580e-03,5.200354634392726494e-01
4.783659336278208718e-01,9.582746809066083893e-02,1.325539363239755797e-01,4.714060148087308860e-03,2.885386018094553418e-01
3.996507624487061761e-01,1.147775141003148508e-01,2.142551911696910227e-01,6.258376366693265552e-03,2.650581559145946953e-01
4.688230511753871399e-01,9.346814477701578805e-02,9.789626419379593436e-02,3.947247602597974206e-03,3.358652922512031513e-01
4.816624169226341179e-01,9.756323395127169951e-02,4.989503774843288830e-02,1.664837355206594347e-03,3.692144740224547195e-01
5.473147700438777408e-01,8.753670532155612138e-02,5.138162369972030380e-02,1.791902725300177288e-03,3.119749982095456620e-01
5.075200450058130475e-01,1.026471753063001591e-01,4.244925331759064058e-02,1.395371341686632398e-03,3.459881550286095786e-01
4.940633025062987627e-01,7.076544075368944309e-02,3.064891781609260443e-02,1.279269860593558418e-03,4.032430690633255210e-01
4.866115842931765245e-01,1.464841451009245565e-01,7.476947750300680373e-02,1.491894871907296916e-03,2.906428982309848252e-01
5.361835681454776292e-01,1.183885639094344883e-01,5.289641130835892602e-02,1.497105397385428477e-03,2.910343512393435139e-01
5.609039406731619604e-01,1.388519647358534559e-01,5.984499976465153942e-02,9.462254557800604772e-04,2.394528693705529343e-01
4.590874882379170629e-01,1.170945528252311518e-01,6.648489717176472857e-02,1.868518003788508571e-03,3.554645437612986014e-01
4.071142407491004089e-01,1.099220750302759148e-01,1.138265205787046264e-01,3.570354632478111093e-03,3.655668090094409961e-01
4.390623788008818362e-01,9.261498629967786222e-02,5.582421483931090944e-02,1.955299506584948655e-03,4.105431205535445272e-01
3.427426492358066068e-01,8.846739297742454988e-02,5.679690465254402104e-02,1.713402150739037292e-03,5.102796509834858218e-01
1.896150469454507548e-01,6.082622823472343121e-02,3.943966533022159882e-02,1.255359729171339573e-03,7.088636997604328416e-01
2.458105233144847745e-01,6.282651661268595644e-02,3.095020250339484968e-02,6.781675670513285549e-04,6.597345900023831033e-01
4.188059800670332899e-01,4.417125808955545130e-02,2.378494620823024333e-02,7.707305877775875221e-04,5.124670850474033479e-01
3.204381730351907875e-01,7.447696194647118739e-02,2.392102758232128937e-02,6.242675013631011731e-04,5.805395699346536098e-01
3.098792019262507913e-01,4.318213997652995545e-02,3.196565889837200969e-02,1.239952458550217223e-03,6.137330467402970502e-01
1.930978658975073259e-01,2.416097481039870126e-02,1.841567431668281879e-02,8.908049774805542123e-04,7.634346799979307985e-01
2.244537883190060590e-01,3.603240215501417321e-02,2.045189532981850009e-02,7.164566991410539418e-04,7.183454574970202788e-01
1.337075791298202310e-01,2.539125163791671608e-02,9.655589928420162810e-03,3.387544267866717885e-04,8.309068248770562493e-01
9.970665043029339203e-02,2.552461766723143621e-02,8.007147545910982267e-03,3.068611281867493165e-04,8.664547232283773548e-01
7.677145854611422404e-02,2.312803366760758303e-02,9.229023076355504646e-03,3.681988622963457917e-04,8.905032858476262803e-01
1.371898634362074820e-01,4.257939660599694559e-02,2.439251088274539334e-02,6.521033165223695267e-04,7.951861257585277620e-01
1.540956763784676053e-01,5.779156750188989278e-02,3.054404591899715846e-02,5.411162659371307297e-04,7.570275939347083094e-01
1.201992478211841853e-01,2.867663655153380661e-02,2.894214015002782164e-02,6.939803584510217602e-04,8.214879951188033269e-01
6.406374384370121244e-02,2.546871301462043033e-02,2.828365531753820189e-02,6.054069362586319940e-04,8.815784808878813772e-01
2.711932587140598871e-02,1.399933028409495669e-02,8.098479662697480666e-03,2.124802121985205265e-04,9.505703839696030277e-01
3.190634594563720311e-02,9.428470193350954598e-03,3.858543962680901010e-03,1.166535831472332023e-04,9.546899863151836474e-01
7.541786508311917880e-02,1.025203664869218934e-02,8.244789744007540236e-03,3.189836459326378403e-04,9.057663248782484855e-01
4.130903601841810768e-02,1.087693406244633759e-02,1.233566174524756628e-02,4.845175052650875372e-04,9.349938506686228390e-01
4.071061811438714956e-02,5.212239716700963789e-03,6.994449823340676692e-03,3.988867662488218687e-04,9.466838055793223017e-01
2.793577216691400106e-02,1.085671017130564880e-02,1.772885559314120799e-02,6.508175219548736770e-04,9.428278445466842239e-01
2.365850156919760069e-02,7.003449066311158953e-03,8.162573653080181305e-03,3.598017757875692554e-04,9.608156739356233933e-01
4.881508171151630743e-02,6.621175790702003849e-03,3.571414612831854893e-03,1.611576159551612408e-04,9.408311702689948763e-01
6.577235059490188496e-02,1.381227096216881139e-02,9.868933223107152417e-03,3.045052483925333206e-04,9.102419399714295478e-01
6.939146884016483829e-02,2.533185911240344243e-02,2.289223710629505887e-02,4.937774675378395380e-04,8.818906574735987380e-01
7.068880542212312157e-02,2.525123324929576252e-02,1.123422610269541461e-02,2.263679734821896035e-04,8.925993672524034084e-01
5.442381115122610358e-02,3.019750932734228260e-02,7.804186763608894281e-03,1.197301861068224922e-04,9.074547625717158672e-01
4.046880747453501098e-02,2.767295494175749451e-02,6.916150205161751552e-03,1.064142341982456368e-04,9.248356731443473366e-01
3.483166641069052744e-02,1.674497790690399751e-02,4.103208050631953173e-03,1.012694003099352878e-04,9.442188782314635542e-01
4.129734608591064532e-02,2.337066900014506468e-02,7.865575151270251184e-03,1.297119777511934508e-04,9.273366977849227810e-01
4.780402746382560880e-02,2.247817136042996183e-02,6.857539432526258034e-03,1.130376561309225114e-04,9.227472240870873144e-01
4.679429509040448909e-02,2.899479099832057150e-02,4.038803590841561104e-03,4.816072375701846875e-05,9.201239495966763160e-01
6.705905245075126364e-02,2.991631317587047437e-02,6.712443181120702866e-03,1.130086618989768169e-04,8.961991825303587955e-01
7.022775434405877093e-02,4.130672355988616179e-02,9.497509457725636373e-03,1.563982916477359663e-04,8.788116143466817576e-01
1.233451106977695444e-01,4.285102721993982317e-02,1.671023706957493887e-02,3.316588410630436209e-04,8.167619661716525314e-01
9.983126357665537964e-02,3.654714677952156099e-02,1.946815171792065993e-02,3.320754859745142463e-04,8.438213624399278912e-01
1.063698199466943939e-01,3.130202094005379854e-02,2.084453175586135909e-02,5.883676102756173806e-04,8.408952597471148760e-01
1.666642059261381759e-01,1.722139195096288738e-02,2.131200306466794411e-02,1.418540496469476242e-03,7.933838585617615236e-01
8.254043314637679596e-02,2.080205451820469481e-02,1.797845942048689402e-02,9.410970381882519369e-04,8.777379558767435253e-01
7.554399982362355881e-02,1.806311446640940579e-02,1.313552771794169668e-02,5.824865556846820858e-04,8.926748714363407222e-01
5.054884030152049373e-02,8.426584341866827366e-03,6.300640554490075963e-03,3.918144188922045466e-04,9.343321203832306576e-01
4.361305648005444485e-02,5.919730762212856851e-03,7.980779316443697979e-03,5.628740870915714678e-04,9.419235593541971374e-01
4.740788430760061595e-02,1.063466921357267454e-02,5.971091146853986856e-03,2.618817023753555176e-04,9.357244736295972087e-01
7.049245095102525671e-02,1.466370833069602017e-02,7.508436635552932607e-03,2.723127781185853300e-04,9.070630913046072719e-01
1.086230486434273529e-01,1.860827615881514158e-02,5.655472083074587070e-03,1.793033224587347230e-04,8.669338997922242385e-01
1.127807756899722041e-01,2.352009493542187371e-02,9.164473542952902493e-03,2.616334469110214215e-04,8.542730223847420090e-01
7.830391234029188130e-02,1.595672903228784884e-02,5.024705914887555441e-03,1.874527392910628639e-04,9.005271999732415988e-01
1.183306765169207381e-01,4.290098680938558146e-02,3.047401309749855208e-02,6.468088164548746466e-04,8.076475147597401705e-01
