5.612013968971982791e-01,1.608692031750757201e-01,1.808711894190491998e-01,6.674843974507072876e-03,9.038336653416970123e-02
8.543085398774223904e-01,4.127944222549721764e-02,6.741165089326074666e-02,1.530628678731244668e-02,2.169408021650737900e-02
9.379655585032264931e-01,3.367433209974273617e-02,2.325456255202031433e-02,1.240496659848063345e-03,3.865050185162400252e-03
8.968504221859372461e-01,7.869319249343083300e-02,1.943430502659861461e-02,3.792362054011097754e-04,4.642844088632192001e-03
9.539698482120042566e-01,3.294435651296648282e-02,1.142460677116441045e-02,1.628815786993589149e-04,1.498306925165761305e-03
9.238057154470915577e-01,5.282463249590732546e-02,2.204620115871154529e-02,1.866118070508214011e-04,1.136839091238747408e-03
6.719912254085431691e-01,2.299041193298931862e-01,8.636533096009564592e-02,5.807692704675495839e-04,1.115855503100060542e-02
4.555371735086199969e-01,3.460972152877387908e-01,1.799533523922852429e-01,9.609573682293360425e-04,1.745130144312667664e-02
2.704769262011835762e-01,5.119723111122372883e-01,2.098698934036087038e-01,3.777456408728669507e-04,7.303123642097498341e-03
2.308550849594921406e-01,5.836455782338566545e-01,1.774211855124953885e-01,3.367303095540101748e-04,7.741420984601787847e-03
1.888961427229671475e-01,6.265943278946963790e-01,1.812138174306237026e-01,1.856375221169261080e-04,3.110074429595803373e-03
3.074262216720418106e-01,5.435448421599763380e-01,1.428407110431113569e-01,2.467298604436361027e-04,5.941495264426894206e-03
4.861766941993559965e-01,3.994859481815025704e-01,1.099095811626441127e-01,2.251313539924013605e-04,4.202645102504852341e-03
8.896454850826848171e-01,8.020367090952970623e-02,2.868589317471052433e-02,1.070985045201666621e-04,1.357852328554864626e-03
8.025213155769936879e-01,1.424645874711575610e-01,5.317270149230655940e-02,2.401913592943262022e-04,1.601204100247835159e-03
8.764775578559139690e-01,8.078039059023379986e-02,4.126799375094368505e-02,2.080472440067338404e-04,1.266010558901801714e-03
6.641296164633070376e-01,1.997756027718840532e-01,1.332337452880927586e-01,4.425834947425587437e-04,2.418451981973364449e-03
8.541266227398343069e-01,4.798593615051965910e-02,9.005105954358121056e-02,1.384524480946148833e-03,6.451857085118617961e-03
6.457558200049220432e-01,1.203314609467346918e-01,2.224322539944117993e-01,4.091334025756912518e-03,7.389131028174612120e-03
5.008295212432131160e-01,2.362070608316909348e-01,2.538271505745127721e-01,2.357828701771171737e-03,6.778438648812011406e-03
4.279368175423068354e-01,2.759273230824683676e-01,2.901396377827645257e-01,2.001474408513103168e-03,3.994747183947178551e-03
4.755519962014504443e-01,2.436099177946332850e-01,2.783945536516480579e-01,9.566231194470004463e-04,1.486909232821259251e-03
2.389656125804137943e-01,4.384207889562630189e-01,3.204373700923705548e-01,5.232975040111701890e-04,1.652930866941353929e-03
1.855087646268534785e-01,2.847231504990067052e-01,5.269585225545546647e-01,1.346915340378860258e-03,1.462646979206233197e-03
2.584993755102499846e-01,2.262792709859772211e-01,5.122503571579354320e-01,1.749309645337571465e-03,1.221686700499854993e-03
3.212505243107593444e-01,2.866357628823141823e-01,3.900170604564212051e-01,8.561854217616572584e-04,1.240466928743593281e-03
2.490408354804860003e-01,1.376555623375104731e-01,6.098624211882002211e-01,2.598117906143238617e-03,8.430630876601666844e-04
3.584917571031213668e-01,8.328107857715433271e-02,5.530399544000207390e-01,3.167370486977065525e-03,2.019839432726463005e-03
5.242982483914655489e-01,4.752932365068834875e-02,4.230652346571837086e-01,4.050074082949867323e-03,1.057119217712599495e-03
8.456154167402800681e-01,3.326893297554423673e-02,1.191779324272876639e-01,1.510481464954995228e-03,4.272363919328279894e-04
9.260682184432202924e-01,2.569284691217511504e-02,4.751583156089916188e-02,5.140714085240243470e-04,2.090316751813581274e-04
9.498784410756446750e-01,2.415072743294881252e-02,2.554618290592795132e-02,2.577533592831330808e-04,1.668952261953275988e-04
9.267778495782856840e-01,1.977901498725402954e-02,5.278487170037027970e-02,5.164362541044618645e-04,1.418274799856665514e-04
9.498949448027165232e-01,1.485378509375379422e-02,3.445620237439156464e-02,6.069393678694928133e-04,1.881283612685732422e-04
8.767726253360239586e-01,7.324545880594696134e-02,4.878978073802117676e-02,3.310781505077787156e-04,8.610569694999998299e-04
7.164037881370202143e-01,1.606470410043153163e-01,1.215298799478695818e-01,5.735663473458064857e-04,8.457245634490499590e-04
7.608879353231551290e-01,1.276261643417318514e-01,1.095824651250061899e-01,6.496770380272709824e-04,1.253758172079615096e-03
6.527527854249878247e-01,1.153570649559810812e-01,2.292239959442472497e-01,1.398552138150114350e-03,1.267601536633761877e-03
7.021786493134767326e-01,1.169624541423363029e-01,1.791459744940242516e-01,9.274367226344057804e-04,7.854853275283053046e-04
8.130812344043035766e-01,9.453141148114012349e-02,9.129306649377996741e-02,5.778599530020114101e-04,5.164276677743471784e-04
7.869477129008666250e-01,1.144804494969759723e-01,9.769860911293733186e-02,5.461129799449583686e-04,3.271155092752541849e-04
5.306823088387023768e-01,2.354437914036165980e-01,2.326683101155887501e-01,8.449340105199512141e-04,3.606556315721949147e-04
6.249282254950132565e-01,2.101762403803993928e-01,1.640224637102142280e-01,4.264550528203702113e-04,4.466153615527676838e-04
7.752883121961546831e-01,1.261240623704807107e-01,9.765789335954874750e-02,4.382297088427051764e-04,4.915023649730918941e-04
8.300896099589705202e-01,1.067608724864035352e-01,6.228266970209778153e-02,3.437005984481504703e-04,5.231472540800841857e-04
8.355338521453349321e-01,1.030621803346410265e-01,6.042010756421067191e-02,3.775470318905861959e-04,6.063129239227720750e-04
8.529134577783061832e-01,8.200045828396365644e-02,6.396335516456365389e-02,5.568894569520107087e-04,5.658393162145414776e-04
8.225642452717444320e-01,1.063216620318239714e-01,7.019257091239353152e-02,4.772145126205557062e-04,4.443072714175855774e-04
8.466878182812693776e-01,9.773570504020939742e-02,5.488516071171859606e-02,3.479980281591447998e-04,3.433179386435281305e-04
9.157031635188098706e-01,5.384609181103346132e-02,2.994363021361200888e-02,2.803623077365576823e-04,2.267521488080973143e-04
8.816806337203152433e-01,7.518589883505430449e-02,4.259112573167164045e-02,3.338267686420196738e-04,2.085149443166304552e-04
8.968802808732904142e-01,5.601728135626639349e-02,4.656653636683673325e-02,4.069740994143203057e-04,1.289273041922789039e-04
8.930431137285967935e-01,5.623813610707478761e-02,5.009903668130512994e-02,5.076920883898631545e-04,1.120213946333467429e-04
8.744895140643601517e-01,7.028742437888627070e-02,5.458398589427830572e-02,4.964933370475059851e-04,1.425823254277357416e-04
8.148029665536451471e-01,9.188609307554160277e-02,9.232385607980858611e-02,7.764547375660595411e-04,2.106295534386719173e-04
9.047156554900969150e-01,5.515430005923774304e-02,3.952198080118927287e-02,4.238470874952044234e-04,1.842165619808737421e-04
7.610683588453718285e-01,1.528681172609132610e-01,8.536704061375775809e-02,4.020237452106194460e-04,2.944595347465714667e-04
6.912604132228559184e-01,2.356268818032319357e-01,7.223330140177584846e-02,3.474748417085722673e-04,5.319287304276384921e-04
3.669862273994784485e-01,3.350161436912273416e-01,2.964910641426246052e-01,1.125477082904959101e-03,3.810876837647734854e-04
2.844288025189921076e-01,4.127742694655878730e-01,3.012460059285324565e-01,9.556738463189454625e-04,5.952482405685703172e-04
2.149958313212715078e-01,4.541013954101789651e-01,3.292903060761078193e-01,1.056545686446081064e-03,5.559215059955218688e-04
3.558606382075344410e-01,4.349994309279726079e-01,2.069632626075401105e-01,9.433221008159708250e-04,1.233346156136940364e-03
3.425020382667424146e-01,3.679547685412029034e-01,2.878837566110433177e-01,8.549059887134784815e-04,8.045305922979212364e-04
3.224027368231417445e-01,3.454001185597096457e-01,3.300128960270126699e-01,1.209456242884412482e-03,9.747923472515373534e-04
3.533071420589675715e-01,2.267375976056131004e-01,4.177162315212205046e-01,1.506258312202096977e-03,7.327705019967056983e-04
3.023232323187525217e-01,1.855643681261614775e-01,5.084519238240257089e-01,3.046319610416888066e-03,6.141561206434427520e-04
2.534349518431054382e-01,1.855362924418946236e-01,5.576508323310954696e-01,2.809045728541052604e-03,5.688776553633775749e-04
1.445208017063531747e-01,2.890919061387827171e-01,5.646660847888873569e-01,1.220668836347624025e-03,5.005385296291284475e-04
1.160530934832531141e-01,3.642544452488032380e-01,5.181321982743122279e-01,8.756461332924723269e-04,6.846168603390934571e-04
9.815792587850162565e-02,3.502440075808812558e-01,5.499064012345111774e-01,9.630695608878939553e-04,7.285957452179611920e-04
1.016821290600338906e-01,3.552302167419565393e-01,5.411648337402170661e-01,1.015333087404459312e-03,9.074873703879892750e-04
1.777886323111546318e-01,4.041416111880913875e-01,4.152736864127588579e-01,1.241896030598029247e-03,1.554174057397213248e-03
8.758334509407557367e-02,2.244471875576611319e-01,6.843845032400993622e-01,2.167080712839610304e-03,1.417883395324380860e-03
3.147676784765895963e-01,9.757276292067307288e-02,5.791959286059614742e-01,5.773661109311355351e-03,2.689968887464567159e-03
2.680252883582871504e-01,2.053921619802775989e-01,5.168510608986276456e-01,3.632797278939632786e-03,6.098691483868001924e-03
2.577954644022206754e-01,2.402403397812468699e-01,4.928390893334189671e-01,3.032052458032364131e-03,6.093054025081108722e-03
5.656727635537995846e-01,1.808963940127288894e-01,2.456164840060974242e-01,1.418861067050009202e-03,6.395497360324096936e-03
5.652803044931369314e-01,2.158584419316501024e-01,2.147982974365390263e-01,1.092249918814540074e-03,2.970706219859563756e-03
2.706402592502117899e-01,3.599028673031482439e-01,3.669711270380864310e-01,1.039866235027033393e-03,1.445880173526433322e-03
1.899832683691864421e-01,3.788647883130513150e-01,4.292039475860620623e-01,8.998171786049435732e-04,1.048178553095142906e-03
1.540172921534103956e-01,3.399618039275869030e-01,5.044792419601152877e-01,8.954734171527869600e-04,6.461885417345685683e-04
3.823537768188401409e-01,3.370381365169793364e-01,2.793112667824991791e-01,6.076166463101982359e-04,6.892032353711104002e-04
2.748941406313758495e-01,3.334112416359148456e-01,3.900621615496482342e-01,8.411038436279013155e-04,7.913523394333372811e-04
3.850686502145422851e-01,2.472089417956667146e-01,3.660976515417637134e-01,9.005926255051665153e-04,7.241638225221498897e-04
1.854724153964786570e-01,3.832255015011764021e-01,4.299925655609703745e-01,5.411840440409408171e-04,7.683334973335991663e-04
9.139753103362002751e-02,2.563097948124128389e-01,6.506404917440077318e-01,9.058333809143961479e-04,7.463490290450222392e-04
5.005182799327543425e-02,2.965260210395857521e-01,6.505232886102337853e-01,9.455964806499090247e-04,1.953265876255072444e-03
5.431851448071957356e-02,1.937578830330519974e-01,7.489956561451518446e-01,1.476673082801847154e-03,1.451273258274723976e-03
3.709789536845574387e-02,3.137386336601046266e-01,6.466859174261642140e-01,7.817629038646938932e-04,1.695790641410670208e-03
5.777595516625636668e-02,4.054815278077681939e-01,5.349806117981378284e-01,5.067752395192967564e-04,1.255129988318429927e-03
6.325673917935500934e-02,4.691722582277000342e-01,4.659835723812406072e-01,4.544006132335441715e-04,1.133029598470859699e-03
8.167356399999962935e-02,4.863655888409512684e-01,4.304054196751628814e-01,4.449689221461558888e-04,1.110458561739898018e-03
4.163206401320903444e-02,5.041452849219826282e-01,4.531468380786464745e-01,3.158801677914036465e-04,7.599328183703625257e-04
3.248225851796935348e-01,3.871498709480488687e-01,2.868520826532512391e-01,3.772048662199537460e-04,7.982563527863122165e-04
5.712739245489713014e-01,2.790406982684384141e-01,1.488432687330926707e-01,3.326490884214947010e-04,5.094593610761514839e-04
7.859221890458816251e-01,1.439062192418576747e-01,6.956082888377698725e-02,2.468484987702323423e-04,3.639143297134932826e-04
7.259892066001020217e-01,1.400822915847553807e-01,1.330121051023742673e-01,5.611992527375880922e-04,3.551974600307753762e-04
8.754850951886788968e-01,4.350302682413144384e-02,8.016855001290253135e-02,6.463065527314027772e-04,1.970214215555676307e-04
9.412401689255533999e-01,2.110055245696714973e-02,3.714561532741261773e-02,4.205228948916936763e-04,9.314039517506155744e-05
7.918959165741543682e-01,6.757750999038981965e-02,1.389222941919736887e-01,1.228509237640141747e-03,3.757700058420396227e-04
9.610068868676786558e-01,1.512829696765348279e-02,2.233360459265117809e-02,3.245447144720063669e-04,1.206666857544695963e-03
9.624566995987637874e-01,1.979107799257704900e-02,1.640060051034504529e-02,3.352263653184033411e-04,1.016395532995789663e-03
9.661840439616654619e-01,2.000866251064585891e-02,1.297893106003829636e-02,2.076662054910344128e-04,6.206962621595705359e-04
9.478012693289515900e-01,3.471255398007705439e-02,1.683045803948396771e-02,1.809717310516650174e-04,4.747469204357654318e-04
9.663208455089694615e-01,1.265742024677207062e-02,2.014517372947563154e-02,4.661165731325899245e-04,4.104439416502027728e-04
9.375171633063185128e-01,2.205129746451120476e-02,3.801694722482051869e-02,9.930228783924903435e-04,1.421569125957138731e-03
9.286520639164845825e-01,2.806168415355631343e-02,4.099183975295684484e-02,6.499793510315942735e-04,1.644432825970689556e-03
8.814113793946009023e-01,4.189721086591082638e-02,7.375795385707503704e-02,1.302805116748905010e-03,1.630650765664313833e-03
9.036732762736351399e-01,4.993615793124145386e-02,4.439761052366395649e-02,4.090468867743624233e-04,1.583908384685138102e-03
9.221749517728897727e-01,3.041270860334885362e-02,4.614358534049133043e-02,6.749321117842387073e-04,5.938221714857085890e-04
8.929148565964475370e-01,3.441315846363045272e-02,7.085589923368905418e-02,1.390788691549075607e-03,4.252970146839969018e-04
8.928191164747053543e-01,5.168129273894797593e-02,5.397980955333004510e-02,7.906399330250192146e-04,7.291412999916781906e-04
9.071636876350194223e-01,3.432737852738335094e-02,5.435082285710632344e-02,1.468670112454248215e-03,2.689440868036741851e-03
8.008267208076724764e-01,8.082781783268798426e-02,1.141857294426520536e-01,1.899786560687200757e-03,2.259945356300376539e-03
8.637838560915656050e-01,4.522609597576576074e-02,8.711466100197172435e-02,2.540778275166450436e-03,1.334608655530460791e-03
7.431673390680377800e-01,8.054057577555714942e-02,1.719140459701441193e-01,3.174520951221174864e-03,1.203518235039554869e-03
6.513357394149458246e-01,1.388215547059304944e-01,2.060360467828322162e-01,2.114886212212502628e-03,1.691772884078894534e-03
9.336689938607798389e-01,2.660263730445354066e-02,3.869007549660890416e-02,6.715271442694384059e-04,3.667661938880882339e-04
9.255031994982162447e-01,1.943497536858580441e-02,5.291532942774551662e-02,1.600147029775927498e-03,5.463486756766321520e-04
9.054864513642144619e-01,3.203903266773566738e-02,5.935677575348277668e-02,1.926672466989776209e-03,1.191067747577367929e-03
9.562616548963701613e-01,2.172427548285470883e-02,2.108992536020754330e-02,5.167704019678442647e-04,4.073738585998714756e-04
9.861914779555321919e-01,7.759379529797917618e-03,5.726109700491558048e-03,1.664017506673584005e-04,1.566310635109255075e-04
9.722813530630854961e-01,1.948136183452001124e-02,7.753580414916147814e-03,2.185728732583136361e-04,2.651318142199288858e-04
9.066240058959986747e-01,6.697937134614911914e-02,2.554629244277189376e-02,2.959908273656784001e-04,5.543394877146740323e-04
6.765944019102286822e-01,2.271187545699001609e-01,9.454515954233594366e-02,5.016366717830406195e-04,1.240047305752184836e-03
9.382974139254350865e-01,4.161651366580623040e-02,1.941208302432589905e-02,1.692247978236152423e-04,5.047645866091501378e-04
9.777294706342125608e-01,1.226992587709460972e-02,9.559977810128555270e-03,2.866430398205331554e-04,1.539826387436080992e-04
9.690333297015998326e-01,1.725956819000215928e-02,1.307334848681357756e-02,4.393165807469821132e-04,1.944370408374341240e-04
9.374574385535080490e-01,3.477092385703595828e-02,2.685629715314048413e-02,6.327277028066132826e-04,2.826127335088923082e-04
9.388936624508381623e-01,2.293997072778483637e-02,3.612965964549100933e-02,1.887634313042134979e-03,1.490728628437341095e-04
9.881064810078953320e-01,6.225414258266979278e-03,5.256319620773417661e-03,3.396734660311516831e-04,7.211164703314001273e-05
9.761760329150138693e-01,1.275336654803197085e-02,1.016848309301776609e-02,7.422882802212479175e-04,1.598291637151059833e-04
8.849749559441715263e-01,3.514662341894518593e-02,7.457863468622681624e-02,4.993163051544554330e-03,3.066228991120080916e-04
9.122189724592181248e-01,3.820175330429257526e-02,4.748315774845350556e-02,1.721766360138522311e-03,3.743501278972972100e-04
9.571692728668997896e-01,1.929945841822587257e-02,2.248665322083607393e-02,7.893330369366224073e-04,2.552824571016740164e-04
9.620706958827001110e-01,2.643303823610126252e-02,1.103098096594755904e-02,1.989679559767707612e-04,2.663169592743925077e-04
9.768330665729485496e-01,1.809903208568933858e-02,4.804992423854548798e-03,8.437657475585810742e-05,1.785323427516537372e-04
9.859365127044047439e-01,1.111185344163849106e-02,2.766830660710853720e-03,5.274765525156409622e-05,1.320555379944871033e-04
9.902761027980133690e-01,8.223896049150185295e-03,1.356649935261195015e-03,2.952771715656021508e-05,1.138235004187098992e-04
9.906912739530311374e-01,8.178513983714268132e-03,9.397655344842147660e-04,1.929971213270187397e-05,1.711468166376785185e-04
9.918460144050120775e-01,7.346995344708284748e-03,6.222433898905707552e-04,1.461115545675460912e-05,1.701357049322252738e-04
9.960748440621275401e-01,3.472524906423397981e-03,3.590775441553781646e-04,1.053344494801523285e-05,8.302004234561186807e-05
9.953120689334301607e-01,4.234306442896827033e-03,3.515583071763840714e-04,1.159246114289936713e-05,9.047385535372773314e-05
9.940324763120578222e-01,5.202718075482588335e-03,6.352557073439811736e-04,2.080031383327627867e-05,1.087495912824602617e-04
9.819056485606061369e-01,1.655593507423610763e-02,1.243101901014478233e-03,3.597960775931995748e-05,2.593348563838831946e-04
9.953212514387157483e-01,4.148260819572536541e-03,3.967773796546943598e-04,1.402216764898971622e-05,1.196881944077835826e-04
9.953200676838257488e-01,4.296492874255340710e-03,2.515610063253648459e-04,8.235281672187459573e-06,1.236431539214109040e-04
9.923558653288269138e-01,7.075601909479592271e-03,3.911631492455366465e-04,9.409141682557407447e-06,1.679604707655239055e-04
9.924325340999653466e-01,6.918298027061225465e-03,5.125677892870157508e-04,1.086143419776315398e-05,1.257386494887025605e-04
9.962438121347998443e-01,3.377169142856084345e-03,2.814998416326896982e-04,8.117678113292755681e-06,8.940120259806711377e-05
9.864245164292333445e-01,1.245299814683979364e-02,9.364761438672016772e-04,1.794712386715278097e-05,1.680621561922804547e-04
9.943213491112998792e-01,5.086129167915273697e-03,4.902967986945073239e-04,1.133313665422725909e-05,9.089178543601507670e-05
9.947202145803202278e-01,4.690197267268915449e-03,4.861916591250611927e-04,9.959348780913788470e-06,9.343714450484035146e-05
9.979158332143776011e-01,1.887635695518144734e-03,1.377413357503400276e-04,4.868741323239752406e-06,5.392101303069393611e-05
9.973628082840622078e-01,2.381598842702195313e-03,1.676370062451474870e-04,6.448467314583325315e-06,8.150739967577816803e-05
9.421629541061492530e-01,5.426770720736721204e-02,2.543874538298000147e-03,3.227261982866565980e-05,9.931915283568045275e-04
8.273905637153340376e-01,1.566414052453924954e-01,1.436031480670880121e-02,1.086401804029632690e-04,1.499076052161870537e-03
9.491630625864322379e-01,4.513773881599778687e-02,4.382663961430324426e-03,5.512024424053771425e-05,1.261414391899037942e-03
9.738302057812596724e-01,2.383256854752025672e-02,1.504853412895313432e-03,2.333477393128850213e-05,8.090374843933142773e-04
9.897633376284235007e-01,9.218281778462055279e-03,6.378583723337656435e-04,1.386951509153200757e-05,3.666527056892266443e-04
9.755258142628723261e-01,2.285578233360174155e-02,1.088395475191867006e-03,1.870250562682078928e-05,5.113054227074316505e-04
9.919363575098474328e-01,7.375770345050427709e-03,4.645874766076966977e-04,1.112944652001059203e-05,2.121552219745707814e-04
9.967328340156430544e-01,2.957145407305148809e-03,1.878260780171473084e-04,6.034163053148560566e-06,1.161603359814856605e-04
9.981718233916481164e-01,1.658299554185681734e-03,1.043683429528289512e-04,4.016099975445565573e-06,6.149261123794225951e-05
9.983015276928318693e-01,1.528129111694635561e-03,1.246373086766056038e-04,4.345606399788117968e-06,4.136028039712478675e-05
9.973483295728563514e-01,2.370553607078290485e-03,2.045956472644579487e-04,6.173301195045804190e-06,7.034787160605243813e-05
9.882879394800850870e-01,1.095192002714981579e-02,5.640122823593133597e-04,1.273206349507816067e-05,1.833961469108714656e-04
9.960496155705881316e-01,3.547750243368725034e-03,3.075565423295277567e-04,1.069302260098137976e-05,8.438462111253618332e-05
9.799152490939806448e-01,1.884952697205885194e-02,1.023318702161062858e-03,2.383436912328489862e-05,1.880708626761523085e-04
8.795067589996609092e-01,1.120342258469549795e-01,7.919968556112306698e-03,7.755831674757489714e-05,4.614882805242003557e-04
8.893446737321024642e-01,1.007076798915412102e-01,9.305622253092855206e-03,8.963083213572327736e-05,5.523932911277467826e-04
9.445136623870971082e-01,4.895392564548834563e-02,6.205083591443370968e-03,7.146434475048967676e-05,2.558640312207362982e-04
9.658694086314408844e-01,2.974840976760968064e-02,4.139454590312722192e-03,6.044923632914210468e-05,1.822777743074884915e-04
9.944445431737038987e-01,4.941679388152308942e-03,5.387811648903206938e-04,1.451601119686683316e-05,6.048026205654937002e-05
9.937426271890573704e-01,5.680908962504882358e-03,4.802349205599926109e-04,1.493700914106943331e-05,8.129191873663897650e-05
9.969602901598779710e-01,2.753766312284135556e-03,2.269233328497439377e-04,8.405297802914611869e-06,5.061489718515762854e-05
9.983092097526560238e-01,1.540848674437943905e-03,1.170069857092362911e-04,3.864209577648972614e-06,2.907037761922717569e-05
9.989606679092346564e-01,9.088754696091940486e-04,1.041519011343855082e-04,3.421223956881038815e-06,2.288349606487623321e-05
9.992017005065373381e-01,6.834737047661328026e-04,8.994697002436555580e-05,3.598162826322557937e-06,2.128065584599516042e-05
9.990785659351842929e-01,8.139478943994691781e-04,8.125018138664760086e-05,3.716959705724823451e-06,2.251902932375735635e-05
9.991268373032780037e-01,7.717604917207832559e-04,6.820093643403841652e-05,3.121359863024763086e-06,3.007990870412970193e-05
9.988832731316489300e-01,9.762502748313480134e-04,1.038780200308414033e-04,4.877582692447937283e-06,3.172099079648989093e-05
9.991614471747546355e-01,7.205054626957761981e-04,9.306222397221608315e-05,4.411628696981608006e-06,2.057350988029483680e-05
9.992472294474873395e-01,6.448491464726451754e-04,8.754496529688032542e-05,4.196527178628355813e-06,1.617991356427681836e-05
9.995039237190888048e-01,4.271324018386870973e-04,5.180147741925963744e-05,2.934389549388231952e-06,1.420801210378495785e-05
9.990585959728179866e-01,8.168183952364461899e-04,9.609539680937753236e-05,4.814407781789700013e-06,2.367582735421490611e-05
9.991117802223359323e-01,7.921408863634469286e-04,6.681744758666276814e-05,3.734304182102413593e-06,2.552713953209783545e-05
9.990930415739499582e-01,7.982386312368716349e-04,8.455065908955664911e-05,3.962211498359697560e-06,2.020692422520293017e-05
9.994849225676806226e-01,4.508808261311393747e-04,4.630511969383976461e-05,2.663078151607506440e-06,1.522840834288292993e-05
9.994914464448863001e-01,4.465100041785068303e-04,3.714558320406700052e-05,2.289574869193011135e-06,2.260839286186939003e-05
9.994583532459808684e-01,4.861048037331154419e-04,3.019920790623376345e-05,1.967978618723591646e-06,2.337476376105530909e-05
9.992981352878685941e-01,6.319709996827842886e-04,3.475889268024096723e-05,1.922295669791907263e-06,3.321252409862762180e-05
9.988759283249626364e-01,1.013530124758651226e-03,8.351050031080221891e-05,3.174330658153577107e-06,2.385671930993040922e-05
9.986983533814389746e-01,1.166962985017194884e-03,9.489430228535155189e-05,4.007384478385314202e-06,3.578194678012865695e-05
9.968760482135193834e-01,2.862255310784960882e-03,1.971015587076810946e-04,7.059042247719963742e-06,5.753587474017262049e-05
9.967869257521468906e-01,2.994387590293072499e-03,1.512557399013339282e-04,4.697238411515381643e-06,6.273367924708369301e-05
9.961209963519732646e-01,3.575736298833198136e-03,2.365465588987193462e-04,6.761096727066670001e-06,5.995969356775247827e-05
9.961833006805755897e-01,3.505862296323163704e-03,2.361708666072240075e-04,7.434430288646438704e-06,6.723172620533113362e-05
9.973850958061479810e-01,2.405338117921677985e-03,1.565394715844679006e-04,4.998202934283823494e-06,4.802840141165598477e-05
9.940805202418269149e-01,5.468878273948643218e-03,3.632101538895825417e-04,1.027442933607742045e-05,7.711690099866891444e-05
9.990094723523521569e-01,8.786835097736271768e-04,7.771698544855663144e-05,3.232411058885554150e-06,3.089474136695546198e-05
9.992061954844246863e-01,7.052622916075817344e-04,6.247639637292237518e-05,3.054715261771389028e-06,2.301111233294341688e-05
9.990005396262171544e-01,8.847916987850195465e-04,8.573981259453738058e-05,4.068826955657822262e-06,2.486003544770221693e-05
9.979115729080553221e-01,1.882930080333338613e-03,1.534737303051629954e-04,6.758622939464232778e-06,4.526465836679133335e-05
9.991198049374435675e-01,8.020562842102005058e-04,4.819738850716292285e-05,2.893153087259787404e-06,2.704823675193989029e-05
9.985570033225469322e-01,1.289851617832129269e-03,9.811668602038694836e-05,4.781825181174028293e-06,5.024654841947775151e-05
9.989913697658454605e-01,9.090660557602210255e-04,6.543938108165994294e-05,3.428811321154313293e-06,3.069598599151131420e-05
9.265950754103330356e-01,6.988715272980315640e-02,3.086521621690683365e-03,4.005832726968619955e-05,3.911919109034654924e-04
5.823811317701135248e-01,3.894662465341421353e-01,2.650761313396736082e-02,1.128457071718940086e-04,1.532162854605072797e-03
9.384633853375141666e-01,5.252671273371763150e-02,8.610137420642328607e-03,7.029540356685687037e-05,3.294691045591628003e-04
9.859847976790332424e-01,1.206371850796569486e-02,1.800175340684607257e-03,2.821937472672263555e-05,1.230890975897426022e-04
9.837951380095035780e-01,1.391421933072974765e-02,2.131206879175714074e-03,3.435778924524984654e-05,1.250779913457351520e-04
9.962979715930087021e-01,3.274353073922104361e-03,3.722708297830316861e-04,9.560198388140940398e-06,4.584430489790144493e-05
9.961998742402043971e-01,3.472192148238273466e-03,2.644338790691616549e-04,7.234173806308089787e-06,5.626555868181062323e-05
9.369635912527449761e-01,6.078927068091604519e-02,1.957972519403754913e-03,1.907976079430850097e-05,2.700857861410667815e-04
6.582664211024515932e-01,3.240116282636664735e-01,1.670736563187752433e-02,5.756801521578895094e-05,9.570169867886301786e-04
9.114411654356728842e-01,8.123940230858846256e-02,6.806082029706020387e-03,3.350624604090292319e-05,4.798439799917449057e-04
3.716185247959482574e-01,5.828130432134903671e-01,4.424213966656815461e-02,8.227600795372160773e-05,1.244016316039460359e-03
8.500066119490790051e-01,1.309883932858229016e-01,1.823487581746170705e-02,6.194903919572636222e-05,7.081699084407033339e-04
3.046355371164088943e-01,6.412288327840793833e-01,5.329773431488141894e-02,7.467348750980537368e-05,7.632222971204630311e-04
5.125496388690629068e-01,4.120960087703527397e-01,7.270535626011369323e-02,1.302279093947283700e-04,2.518768191075901851e-03
9.374498939632847083e-01,4.545875962826147199e-02,1.613310221676724637e-02,1.244932956616125858e-04,8.337508960249228425e-04
9.425590529110319249e-01,3.358409357983202503e-02,2.305918151086071635e-02,2.896001672409995783e-04,5.080718310345201921e-04
9.904440054925784942e-01,4.043186600406855138e-03,4.916649984753680876e-03,2.418062575416109845e-04,3.543516647194632115e-04
9.715557743555309766e-01,1.011479254329910975e-02,1.651497351366928296e-02,8.613345156593706217e-04,9.531250718412276075e-04
9.888094201118915461e-01,5.440935001151212848e-03,5.252265884155222012e-03,2.067096559448461715e-04,2.906693468572629823e-04
9.966449401908478167e-01,1.454472694558202241e-03,1.680658649520710025e-03,1.398147679678627916e-04,8.011369710559478996e-05
9.958108638672655832e-01,2.201416626699766611e-03,1.785809898376919261e-03,1.059006239706301281e-04,9.600898368712755548e-05
9.984581319110311659e-01,9.298872726893258819e-04,4.869139365791995086e-04,3.814328822873599414e-05,8.692359147155339705e-05
9.974164072521236601e-01,1.209939388186472486e-03,1.155984730914373171e-03,9.032493000347456493e-05,1.273436987720224264e-04
9.900670342136839164e-01,3.654077617376732569e-03,5.668986958742123008e-03,3.561069336908247651e-04,2.537942765064782531e-04
9.912071205485848413e-01,4.159975626917325128e-03,4.143918053947662217e-03,1.906582185914587255e-04,2.983275519588403737e-04
9.969476129651968499e-01,1.798341247974192788e-03,1.116326997270528911e-03,2.875416436119722539e-05,1.089646251973535728e-04
9.921585984931247104e-01,5.218762755739353963e-03,2.211428384699525799e-03,4.276943050734948560e-05,3.684409359290580937e-04
9.959263444222656858e-01,2.873231105188995931e-03,9.800601743950709127e-04,3.072910608460194894e-05,1.896351920657054992e-04
9.936461293186730215e-01,4.202274550772964329e-03,1.929318180946551107e-03,6.142381170798068106e-05,1.608541378993074398e-04
9.912183512566288268e-01,5.525719133603147759e-03,2.865261043472152984e-03,9.803217601098982630e-05,2.926363902847836933e-04
9.786057678705086804e-01,7.250987141731453367e-03,1.333591991713990212e-02,5.367177381769166512e-04,2.706073324431681744e-04
9.915890567877416739e-01,3.748012989464666669e-03,4.181522093997717612e-03,1.689368661731261269e-04,3.124712626227212423e-04
9.976855422456027966e-01,1.321862304846018474e-03,7.707180548880395235e-04,6.372832933626519235e-05,1.581490653267879853e-04
9.962680250280249172e-01,1.809285218779256750e-03,1.422574083888657756e-03,1.645189826556196072e-04,3.355966866515118713e-04
9.987407095367146770e-01,8.423100474111507203e-04,2.880384772766632958e-04,2.536929164599288568e-05,1.035726469512799052e-04
9.978155029727463488e-01,1.412897930340867693e-03,6.627961343565343631e-04,2.716639717306412830e-05,8.163656538306220166e-05
9.947074826121581337e-01,2.987291196473514533e-03,2.107915008297512986e-03,1.049718629021427875e-04,9.233932016885336859e-05
9.938034889665287031e-01,3.184609125981777665e-03,2.717744835252692767e-03,2.155512780110788629e-04,7.860579422570516527e-05
9.918897808132747240e-01,3.207582591450724389e-03,4.233734496730994293e-03,5.389571153913291519e-04,1.299449831521236516e-04
9.944068448904465063e-01,1.442865918118201897e-03,3.226794401661437460e-03,8.357808825105490650e-04,8.771390726341438495e-05
9.551267566796227682e-01,5.348527818175979713e-03,3.150418737991377005e-02,7.356552521410179499e-03,6.639756008772818756e-04
9.243154798973081121e-01,1.514631515771623117e-02,5.552902736851251381e-02,3.553302295129965975e-03,1.455875281333156562e-03
9.681973664158752824e-01,8.099969236846572135e-03,2.208868976217501223e-02,8.430015755081322676e-04,7.709730095952615353e-04
9.856807224417808433e-01,3.021263342628775338e-03,1.023034685829294146e-02,8.389008967242785530e-04,2.287664605731557432e-04
9.909102137556288215e-01,2.255735555097090287e-03,6.226636205248338961e-03,4.471140036910006051e-04,1.603004803346029235e-04
9.870747172722423857e-01,3.212772022577452952e-03,9.209401804407706116e-03,3.200195453886230980e-04,1.830893553838955920e-04
9.129478836377147299e-01,1.184395275531520755e-02,7.324891243246776928e-02,1.367481279130051573e-03,5.917698953722095537e-04
9.634885526727222649e-01,3.628286051198851680e-03,3.186767294487137525e-02,8.437550357130211513e-04,1.717332954946356274e-04
9.247212261112407461e-01,5.087460789876009463e-03,6.847799183660126243e-02,1.432202049540300722e-03,2.811192127416408488e-04
8.594364677801252794e-01,9.971552854482160222e-03,1.284899012817076192e-01,1.618967578604005655e-03,4.831105050809355998e-04
9.101138139687338091e-01,4.438471331597033942e-03,8.355578751453780761e-02,1.618865702840155798e-03,2.730614822911426849e-04
8.655630678707609826e-01,6.490857182399837472e-03,1.246295575044474302e-01,2.591204653932422265e-03,7.253127884594198077e-04
7.524310288113239542e-01,6.368581141483004027e-03,2.350031958589545167e-01,5.576881483220504955e-03,6.203127050180826845e-04
9.007551376386132569e-01,3.930723460047133751e-03,9.180683802881917099e-02,2.967558465794759882e-03,5.397424067257470051e-04
7.421145032981667500e-01,1.044426767380370220e-02,2.434876339168000337e-01,3.169462507645911045e-03,7.841326035836277330e-04
9.284750233588999757e-01,7.902022525487790300e-03,6.191518292052464179e-02,1.224493322484035028e-03,4.832778726035297451e-04
9.898051422299096735e-01,1.716222544726807384e-03,7.922909511595618848e-03,3.875568299329287510e-04,1.681688838348826208e-04
9.431055633201025357e-01,1.659094376966781248e-02,3.821799741690683205e-02,8.158583394111300954e-04,1.269637153911686456e-03
8.381100682073043817e-01,8.225738378247143823e-02,7.556144217241961281e-02,6.634965390791035863e-04,3.407609298725424417e-03
8.703401435901975125e-01,4.546552347814000056e-02,8.125632272094754360e-02,6.126759700179939053e-04,2.325334240696830604e-03
8.563104372718995938e-01,1.596743323480392940e-02,1.247652111284615339e-01,1.538873062841855481e-03,1.418045301993078487e-03
9.675171332592705786e-01,3.375282931559735015e-03,2.817763167142302294e-02,5.810253221281084634e-04,3.489268156185495865e-04
9.650298189578997432e-01,3.701669847483022874e-03,3.053971994127368389e-02,5.268808043632823308e-04,2.019104489802460174e-04
9.648313156676342484e-01,4.275202150808266564e-03,3.032038245321605485e-02,3.972616263768439376e-04,1.758381019646364880e-04
9.685067036703435273e-01,5.305969897430197653e-03,2.577418444105163478e-02,2.829165281871964810e-04,1.302254629874757038e-04
9.805791044370595344e-01,2.433390029643762824e-03,1.673160814526502074e-02,2.053895492831127767e-04,5.050783874854114378e-05
9.888386933225247200e-01,1.552622825763661256e-03,9.442513285804239251e-03,1.305905586152872279e-04,3.558000729199718070e-05
9.908432729863755339e-01,2.054322624016895801e-03,6.946167286471290753e-03,1.093713257030510979e-04,4.686577743326382880e-05
9.814918963057930323e-01,2.531693801494202395e-03,1.573830518994563665e-02,2.029802289114882464e-04,3.512447385548574488e-05
9.952913089529699109e-01,1.249523296765548113e-03,3.377763442599359713e-03,5.703603366501763306e-05,2.436827399993800124e-05
9.945753051606314177e-01,1.240109352151520274e-03,4.092398543664048371e-03,7.337571956247220981e-05,1.881122399058411687e-05
9.886511610610361211e-01,2.652603870144395679e-03,8.538882824063662169e-03,1.269865435073165116e-04,3.036570124835461621e-05
9.845579610720334163e-01,1.739741661158623019e-03,1.336524844296031571e-02,3.058022278850389478e-04,3.124659596260050945e-05
9.415314835642658586e-01,7.883946027294917377e-03,4.952842986561747929e-02,8.869564533749284708e-04,1.691840894467492272e-04
9.165171165190523217e-01,7.272758575782557744e-03,7.498469207055574737e-02,1.123345957848167955e-03,1.020868767613258924e-04
9.853216876584671713e-01,1.734756038637651513e-03,1.266709987674124495e-02,2.476620831760372940e-04,2.879434297794857537e-05
9.966831404686554707e-01,7.932462800254251037e-04,2.436279315411986422e-03,6.887963931867872836e-05,1.845429658830647555e-05
9.979319748619623898e-01,7.234982525539632474e-04,1.288369723598874975e-03,3.960683839435039056e-05,1.655032349033586640e-05
9.985357023442945623e-01,5.969859381128687090e-04,8.352886981848945585e-04,1.983949023654833451e-05,1.218352917123908474e-05
9.974233554331666252e-01,1.147133750279387930e-03,1.388624841253843474e-03,2.429673527217467415e-05,1.658924002794528703e-05
9.934386844435626474e-01,1.455850821398124500e-03,5.019965661220648911e-03,7.048406435038936794e-05,1.501500946825467259e-05
9.914682693665821667e-01,2.809527450649679930e-03,5.616866212132273425e-03,7.775421684261363633e-05,2.758275379315831892e-05
9.859401024332521413e-01,2.599052075750920426e-03,1.130084514971097312e-02,1.359398035571598995e-04,2.406053772886049985e-05
9.444346834269450319e-01,3.962142796808980003e-03,5.097573353982860767e-02,5.926452320271220590e-04,3.479500439009800743e-05
9.602653603792919990e-01,9.117551449445076422e-03,3.022812240353798391e-02,2.922693246579546574e-04,9.669644306685013294e-05
9.887110984679087222e-01,3.073696467661382603e-03,8.095128532345157585e-03,9.229874675815744295e-05,2.777778532676132906e-05
9.818458989409323268e-01,5.445660784419046815e-03,1.256976737835140828e-02,1.025251746968122853e-04,3.614772160029633950e-05
9.671526755808298459e-01,4.848587514702898046e-03,2.766423515695918406e-02,3.014392730719223589e-04,3.306247443594070498e-05
9.577820646035148933e-01,4.060761734096852288e-03,3.757914102472013906e-02,5.481600181656248304e-04,2.987261950255885867e-05
9.650166523854087908e-01,8.661401470881813572e-03,2.592686380784946926e-02,3.274132153536507962e-04,6.766912050644833144e-05
9.752736094675963363e-01,6.448468759868037151e-03,1.806454690871967667e-02,1.755235501440044824e-04,3.785131367200105971e-05
9.667385327971470543e-01,7.603511012069685826e-03,2.533434381880231290e-02,2.718004847176843861e-04,5.181188726337009780e-05
9.820112176494407707e-01,4.895332971031302743e-03,1.279486916106329156e-02,2.464780722559125237e-04,5.210214620871943795e-05
9.478029495482377387e-01,2.102966920997238059e-02,3.069757461109626565e-02,2.926919765581456351e-04,1.771146541353547682e-04
9.546202296249480801e-01,1.310063033833870801e-02,3.184034783744854602e-02,3.581428690987060754e-04,8.064933016595046721e-05
9.215377894394879421e-01,8.977672820147029192e-03,6.856496937440163808e-02,8.554662239772549675e-04,6.410214198609081671e-05
8.175822113413059311e-01,1.804161146690357043e-02,1.630507722976261009e-01,1.199641622564303700e-03,1.257632716001232868e-04
7.734633155022369033e-01,1.785678639061546655e-02,2.070762030723433123e-01,1.501511858678007683e-03,1.021831761262056006e-04
8.132043229784988725e-01,5.645742113437823145e-02,1.293744035987071661e-01,6.866010696274177719e-04,2.772512187882775398e-04
9.109239147445996609e-01,3.031450762594970275e-02,5.807100959229172243e-02,4.942029746767643292e-04,1.963650624823044268e-04
9.402946915573331399e-01,2.234764142944666021e-02,3.692674488935182575e-02,2.682021364766691497e-04,1.627199873918232502e-04
8.727295961957171055e-01,6.814657569595906905e-02,5.841732529734028345e-02,3.086856703715935802e-04,3.978171406118529612e-04
8.271686015303618689e-01,3.440858920021445944e-02,1.374521603838580464e-01,7.699948129870582900e-04,2.006540725786512395e-04
8.383535533699929543e-01,2.144455397619137935e-02,1.391590132741479802e-01,8.783053402849716560e-04,1.645740393826621028e-04
7.897617388292178520e-01,3.623993475268658809e-02,1.725261463982555310e-01,1.183846202774429960e-03,2.883338170655647213e-04
8.426036709291265803e-01,1.510737704751837808e-02,1.402964664934223948e-01,1.840648974517453129e-03,1.518365554151001706e-04
9.192721943074322333e-01,5.712540227123429765e-03,7.352947736033649262e-02,1.359293800285378681e-03,1.264943048225174865e-04
9.550437602663316428e-01,4.976107743252979575e-03,3.907481470500068915e-02,8.043747890036160838e-04,1.009424964110978393e-04
9.014386553319254647e-01,1.086441510370100838e-02,8.619495786808795135e-02,1.321674153712369768e-03,1.802975425731294357e-04
8.644223719047195997e-01,3.818684497245437154e-02,9.610354707691168286e-02,7.456016869105224192e-04,5.416343590038439444e-04
8.115866463481642423e-01,2.270536128102918633e-02,1.639305103730369084e-01,1.327884720676330340e-03,4.495972770933614245e-04
8.049720982057718688e-01,6.693644509857588076e-02,1.258449735917054335e-01,7.539242277217021726e-04,1.492558876225156400e-03
9.341381460635255207e-01,1.726372348077956365e-02,4.781481117718177493e-02,3.517692793639543188e-04,4.315499991490872353e-04
