9.612436641856256792e-01,1.754362215381934098e-02,1.245530049552716519e-02,2.566616612778383887e-03,6.190796552249576944e-03
9.270265193100817314e-01,4.157096260296651302e-03,1.125114206363745165e-02,5.674462476644627495e-02,8.206175995377794959e-04
9.787902551433096399e-01,1.087928473590384429e-02,7.019138153435551010e-03,2.595404257752603923e-03,7.159177095983974533e-04
9.938455535733556889e-01,4.537449396685377077e-03,1.128170344808480984e-03,1.216942841928427520e-04,3.671324009576867517e-04
9.656241477495075554e-01,2.679950093053937513e-02,5.058624995270438393e-03,2.522768621074638219e-04,2.265449462575284175e-03
9.214258714035733489e-01,6.109241351130942355e-02,1.237786175087256073e-02,4.346440295847311302e-04,4.669209304660021723e-03
9.641364407679047233e-01,2.706889535749026909e-02,6.492153477615159735e-03,2.410282156297958219e-04,2.061482181359813783e-03
9.930113403672576888e-01,5.483648819280112323e-03,1.149286802642092127e-03,4.119444750699397792e-05,3.145295633130068872e-04
9.955439111360012694e-01,3.650095857162837572e-03,6.247275615134869091e-04,2.257804838349287019e-05,1.586873969388299162e-04
9.950366249738081814e-01,3.948830141919682131e-03,8.566199369636076991e-04,2.715605104062254993e-05,1.307688962678350060e-04
9.944909187913679727e-01,4.552622231064053400e-03,7.790087870381365732e-04,2.465678195754773011e-05,1.527934085722911514e-04
9.929909308178312966e-01,5.850396259133421213e-03,9.864138786623627073e-04,3.387874625560177743e-05,1.383802981172896568e-04
9.873661169560923323e-01,1.074616661611348632e-02,1.634021024925802999e-03,4.579827833420092669e-05,2.078971245341454388e-04
9.654652888476880079e-01,3.090080377480549506e-02,3.230534354028338946e-03,5.240465155231639424e-05,3.509683719257896501e-04
9.815474178015758389e-01,1.609791306484546769e-02,2.052548512982877056e-03,3.720989491404616339e-05,2.649107256816458336e-04
9.978002730166598555e-01,1.873386433855016471e-03,2.676748446617728972e-04,7.516452255067897391e-06,5.114925256826469092e-05
9.987056418009422343e-01,1.084767871205305099e-03,1.570731537113846633e-04,7.129836673471934841e-06,4.538733746778975364e-05
9.990940959807701471e-01,7.715098668577430058e-04,9.046922514011614895e-05,4.858143428060871710e-06,3.906678380380476672e-05
9.987544465586440934e-01,1.051397305475766349e-03,1.357002400236377842e-04,8.688292709093232936e-06,4.976760314758063331e-05
9.993027734348993718e-01,5.870407747139349749e-04,7.440557001034299315e-05,5.446330098988348083e-06,3.033389027759008169e-05
9.994473236928025361e-01,4.523411313278398091e-04,7.206883946584212409e-05,6.518624829732123513e-06,2.174771157409353955e-05
9.990788655721118960e-01,7.562152758731720400e-04,1.264024172315258185e-04,8.241623237865312250e-06,3.027511154563127999e-05
9.986115509632211840e-01,1.105881928897786996e-03,2.438255263531781153e-04,1.273885917805498436e-05,2.600272234957632603e-05
9.986284987280621417e-01,1.072944083394854111e-03,2.525684544151494959e-04,1.213796728919652425e-05,3.385076683866890842e-05
9.936120339988265826e-01,5.425988337778875695e-03,8.429365174410909187e-04,3.888080534463748841e-05,8.016034060893893992e-05
9.816483941943029423e-01,1.601700451357100999e-02,1.987288598026777219e-03,6.777888170055759005e-05,2.795338123988236096e-04
9.451098684373346881e-01,4.546428718033306698e-02,8.489614463825304047e-03,1.270970003799478157e-04,8.091329181270205412e-04
9.532118273164729150e-01,3.697259662248095213e-02,8.865327097900157702e-03,1.686016519869310449e-04,7.816473111592089733e-04
9.740150144460155701e-01,2.092825409382776530e-02,3.284369789990030514e-03,7.731311562968018437e-05,1.695048554537092675e-03
9.873117673131353023e-01,1.008137239246820020e-02,1.658754875647795723e-03,4.130403301553982895e-05,9.068013857329521379e-04
9.800933192189413834e-01,1.693624593083246574e-02,2.204871681911787194e-03,3.624326675360767236e-05,7.293199015608486284e-04
9.396937175517804386e-01,5.221544107946245183e-02,6.953705565378135930e-03,7.828769834820633428e-05,1.058848105030860565e-03
9.697083158322643559e-01,2.610100874613057592e-02,3.654697739358904116e-03,4.132597130164398851e-05,4.946517109445367801e-04
9.660002859064310554e-01,2.952818779739723593e-02,4.000803321281437910e-03,3.866757028432875375e-05,4.320554046058815503e-04
8.997259321489271544e-01,8.824426072057574288e-02,1.114102039853854392e-02,9.216777368203205555e-05,7.966189582765175132e-04
8.018387955464865158e-01,1.687394122538835861e-01,2.772518166368516043e-02,2.158822079565908352e-04,1.480728327988085858e-03
9.410973163562429411e-01,4.619225621482434679e-02,1.190858080916564268e-02,1.019686617618558951e-04,6.998779580051484170e-04
7.676638777033257810e-01,1.720653164439714666e-01,5.865240159487654370e-02,3.060756524050322865e-04,1.312328605421091273e-03
8.137336791198032104e-01,1.291313890520543461e-01,5.361454947898353779e-02,4.344295169790679642e-04,3.085952832179824929e-03
4.050400483580277600e-01,4.094449846267497195e-01,1.799415632489886341e-01,6.217297335051828180e-04,4.951674032728625025e-03
5.526190135563480155e-01,2.996214500500749001e-01,1.309404466036966641e-01,5.988451998487037513e-04,1.622024459003166413e-02
5.678857883871827328e-01,1.994561618767961564e-01,2.241609455617382118e-01,1.135571385593509963e-03,7.361532788689389463e-03
3.945774018880143785e-01,2.836859564998955308e-01,2.908582896584506194e-01,8.638864631233905645e-04,3.001446549051604851e-02
7.029197196160889005e-01,1.380474301270565030e-01,1.412348387654288051e-01,7.756364647021134987e-04,1.702237502672363303e-02
6.400940587176583429e-01,1.614107511718612109e-01,1.661232325795516107e-01,5.028606995505770184e-04,3.186909683137830601e-02
5.826644706549969355e-01,1.599649636116544926e-01,1.647870985893029605e-01,5.908717775108279389e-04,9.199259536653485447e-02
5.708613700751010711e-01,1.420839571984269800e-01,1.727009183093737299e-01,5.720770372781651923e-04,1.137816773798199371e-01
4.427843539184377897e-01,1.482050358056569428e-01,3.350616481619922427e-01,7.927934192769847373e-04,7.315616869463599514e-02
4.996781932348186017e-01,1.686923470503020883e-01,2.380836599945193033e-01,5.557091985335621369e-04,9.299009052182645452e-02
5.444157475164114190e-01,1.229991433282491831e-01,2.647200301071970796e-01,6.269923259329161173e-04,6.723808672220937810e-02
4.266821429160060353e-01,1.261173098682084603e-01,3.980906027442273065e-01,8.278721764266117143e-04,4.828207229513165055e-02
4.726106233482552099e-01,1.042084219259933886e-01,3.108530729678486426e-01,1.129151310191191856e-03,1.111987304477116134e-01
5.230777291544956853e-01,5.775336924739041949e-02,3.369673823635276899e-01,1.714120635536408189e-03,8.048739859905000571e-02
7.550779539539559382e-01,5.717049959635666506e-02,1.207024419978708907e-01,1.101863217566413471e-03,6.594724123425009521e-02
6.564626192375562219e-01,7.105356503664735091e-02,1.871017139223916659e-01,9.630221701342712645e-04,8.441907963327047182e-02
4.725020938701236517e-01,8.834558229114082561e-02,2.850914564892621517e-01,1.193518916632214976e-03,1.528673484328411381e-01
5.669989782698947600e-01,7.651274740448148204e-02,2.856753180517178081e-01,1.720596337524604637e-03,6.909235993638132567e-02
5.846503281529354945e-01,1.125462003221137791e-01,2.023792627913195974e-01,1.029042862006015156e-03,9.939516587162497419e-02
6.388238880508073647e-01,1.057694296617613522e-01,1.469000568991645772e-01,9.913127052849227475e-04,1.075153126829816452e-01
7.872738165972789082e-01,2.895428014864272898e-02,7.747854877749671410e-02,7.078266130441121604e-04,1.055855278635375732e-01
7.638659070927468209e-01,3.047934401383153857e-02,1.251424540185110956e-01,1.209236388189443082e-03,7.930305848672088154e-02
7.006407675220297504e-01,5.930490625795455106e-02,1.607357795519736288e-01,1.107351249812159582e-03,7.821119541822983690e-02
6.789710407512224988e-01,4.016881640328694852e-02,1.922079904359107749e-01,2.174438578741874628e-03,8.647771383083775742e-02
8.080648449014010692e-01,2.833106431755687271e-02,8.437757770318515815e-02,1.039581065355109054e-03,7.818693201250180580e-02
8.530449902008662155e-01,2.035508768824305717e-02,7.183884697552135601e-02,9.094213336617178222e-04,5.385165380170750526e-02
9.280229956647679801e-01,1.402078578171188361e-02,4.013519711615088498e-02,5.666356132144680395e-04,1.725438582415473460e-02
8.660832061733534371e-01,2.040124346048993037e-02,7.324339125278550577e-02,8.040997420888662279e-04,3.946805937128224084e-02
8.832458831278054978e-01,1.656445534051774818e-02,5.835111835349601761e-02,8.636450085262195684e-04,4.097489816965463327e-02
8.316073227886657815e-01,2.963281644311757668e-02,8.588409700902240040e-02,1.063251359229296783e-03,5.181251239996494812e-02
8.501717132770810759e-01,3.536359238908712288e-02,6.971529576646273707e-02,7.195997967280444527e-04,4.402979877064101127e-02
6.620554270949366993e-01,9.406027014327580926e-02,1.820637791878432776e-01,7.479767986725661478e-04,6.107254677527169245e-02
5.425440611011541625e-01,1.199358022553428105e-01,2.360632317767547284e-01,7.743234919538409923e-04,1.006825813747944665e-01
6.103442076218359436e-01,7.407557601726580399e-02,2.241108515493810682e-01,1.163710592573554987e-03,9.030565421894351519e-02
8.481060418996742012e-01,2.180288372916404371e-02,7.706687607385953598e-02,7.903032190125875919e-04,5.223389507828962719e-02
7.916528972032458311e-01,3.639638907457867084e-02,8.233187855365714514e-02,8.317414349000789393e-04,8.878709373361809432e-02
6.555913411476643748e-01,7.004012169942597232e-02,1.745116037012297561e-01,1.161595468046237910e-03,9.869533798363368249e-02
4.507050895707327420e-01,1.180243206004249062e-01,3.636531055008567215e-01,1.456136933164212804e-03,6.616134739482139315e-02
5.429002762450708675e-01,8.619190547353028364e-02,2.724151203221877315e-01,1.276946073174044021e-03,9.721575188603714945e-02
5.361169127338062390e-01,1.407630670246849125e-01,2.231756961312072463e-01,9.825146406039248111e-04,9.896180946969775072e-02
5.927457953359194232e-01,1.080730231821051407e-01,1.646809814609048461e-01,8.553345505604122764e-04,1.336448654705101879e-01
6.576943436831231837e-01,5.828521489422738844e-02,1.629250393660735541e-01,1.868929650919423256e-03,1.192264724056563696e-01
8.004479411214853180e-01,2.714472552442490777e-02,8.548320689920696491e-02,1.480178807573655480e-03,8.544394764730899039e-02
7.746350572772896514e-01,3.824651669198221582e-02,1.152820218927740753e-01,8.841101286746711960e-04,7.095229400927936803e-02
8.094561216986705388e-01,2.807629944375749850e-02,9.407713245329316076e-02,9.390023155181179051e-04,6.745144408876069253e-02
7.145817620751339083e-01,4.997921554461377119e-02,1.357464496695214851e-01,1.579245208439283583e-03,9.811332750229156963e-02
5.818584999560332260e-01,9.211699027784862881e-02,2.139751308947907271e-01,1.448281077221956958e-03,1.106010977941055129e-01
7.658764953167869205e-01,6.880227834689989219e-02,1.237958593798547391e-01,1.074107612599100713e-03,4.045125934385931932e-02
7.459640513035343812e-01,8.129031166995498436e-02,9.898053440975979056e-02,5.260446283106609121e-04,7.323905798844018711e-02
7.604874237346567201e-01,7.214392901013358395e-02,1.065731689663843851e-01,6.065319570877217899e-04,6.018894633173754727e-02
8.264575632795970739e-01,3.020463397448355444e-02,2.758407149296646099e-02,2.106474343926243874e-04,1.155430838185602382e-01
7.027218333937681471e-01,8.122197341274300930e-02,6.301021712332831315e-02,2.934442195106376039e-04,1.527525318506498531e-01
8.238314192184941209e-01,4.922693989642062951e-02,2.990261574954307389e-02,2.418828240038492429e-04,9.679714231153835335e-02
6.994336672476798578e-01,8.110369091650944384e-02,6.288262025178252557e-02,3.851672155491383870e-04,1.561948543684788526e-01
6.757424496970161343e-01,8.282441129153569892e-02,1.278638844085334958e-01,6.433973037790756584e-04,1.129258572991356374e-01
6.004740031325366267e-01,1.007198229185925636e-01,1.688243506660041804e-01,8.139350793041611170e-04,1.291678882035624532e-01
5.259868108762290051e-01,1.175182042361554852e-01,2.207630079684546054e-01,6.730014306016566562e-04,1.350589754885593297e-01
6.108133235854751319e-01,8.188843193289874201e-02,1.623405396020590474e-01,9.426595550895507016e-04,1.440150453244774809e-01
6.343435015830966028e-01,1.179987545644177738e-01,1.344191384436761172e-01,6.532596376652262870e-04,1.125853457711442074e-01
6.173384821432227332e-01,3.812492828742029133e-02,2.597674084330224287e-01,1.965399587473519102e-03,8.280378154886111619e-02
4.904379062534988121e-01,4.903503830954444864e-02,3.290722690085781665e-01,2.564856323102910219e-03,1.288899301052756907e-01
4.428902920353895989e-01,4.613710784364298545e-02,3.762715013467932135e-01,4.049498854450685886e-03,1.306515999197235545e-01
7.989582079232905309e-01,1.359078669894907970e-02,5.991380226029745931e-02,2.344533287767191793e-03,1.251926698296958462e-01
7.042555168413286992e-01,4.425017768968788484e-02,1.089742654865611254e-01,1.695405932612699829e-03,1.408246340498096050e-01
6.660111492341390660e-01,6.798248881152434142e-02,1.547874635022308820e-01,2.106148933210941643e-03,1.091127495188945890e-01
6.139554692525341917e-01,8.423877783011919640e-02,2.150748702946528590e-01,1.551321854453734800e-03,8.517956076823997302e-02
6.719155440352870823e-01,6.544131536857013265e-02,1.701374406239705983e-01,1.296755654346379944e-03,9.120894431782586298e-02
4.558270768968143427e-01,1.485402810733551515e-01,3.090591643630141716e-01,1.027816279331704658e-03,8.554566138748467830e-02
5.464279916899434930e-01,8.783624418003201095e-02,2.795387030283001395e-01,1.060334708355423379e-03,8.513672639336888892e-02
5.149780758832809280e-01,6.454086409791941203e-02,3.211126260627691908e-01,1.085139478382329348e-03,9.828329447764820592e-02
4.852537844730807071e-01,5.753107078578380967e-02,3.433777805818170603e-01,1.900186636212519622e-03,1.119371775231059324e-01
6.120820518146612432e-01,2.912774719924875536e-02,2.360728651131173139e-01,2.591574178714375030e-03,1.201257616942583428e-01
5.556564014727508605e-01,6.271770789501994459e-02,2.183526672277193992e-01,1.641709620721103734e-03,1.616315137837887606e-01
3.403141079049474826e-01,9.599060604639066130e-02,3.923618829022841314e-01,2.343766938616645510e-03,1.689896362077611680e-01
5.020580230418806300e-01,5.360518844907051494e-02,2.659908283769963910e-01,2.930436534107155010e-03,1.754155235979452387e-01
5.410187239397394876e-01,4.674556317659606108e-02,2.397620636045293130e-01,2.437382734541100777e-03,1.700362665445940280e-01
5.039213152821533370e-01,7.005609524461767212e-02,2.781694451086130226e-01,1.838410213346801988e-03,1.460147341512691155e-01
5.450370601533390813e-01,6.159278987723741661e-02,2.714598763215581578e-01,1.219187321309617199e-03,1.206910863265558409e-01
4.458115932343671983e-01,6.000721553690178955e-02,3.617134207844571181e-01,1.812611405795534758e-03,1.306551590384783523e-01
5.647114160867701127e-01,6.228667826299867649e-02,2.110360432266660813e-01,1.138235810408755539e-03,1.608276266131563326e-01
7.958866404871375311e-01,3.991399097098601023e-02,7.635616346073144378e-02,5.077669298324613426e-04,8.733543815131242227e-02
6.910594890507375521e-01,6.830786246914941073e-02,8.186839891434882777e-02,5.654706624303504738e-04,1.581987789033338643e-01
5.906352458177963616e-01,9.043298650272170447e-02,9.341187736351042048e-02,5.426397132340429318e-04,2.249772506027374608e-01
6.620486994267421599e-01,5.280269430384006146e-02,3.212666416611175552e-02,3.518155843695409350e-04,2.526701265189366108e-01
6.869643097428368428e-01,3.952311474475301428e-02,3.228952439125304386e-02,4.238159572420753399e-04,2.407992351639149375e-01
7.687927514577110877e-01,5.196828212483170506e-02,3.993418212455644711e-02,3.199957967719126639e-04,1.389847884961288860e-01
8.326252217278637957e-01,2.513935972540475711e-02,1.260855058279635246e-02,1.347478688558749178e-04,1.294921200950790996e-01
8.726098887991714514e-01,3.362573610760425519e-02,1.858182037750291324e-02,1.457160380032309862e-04,7.503683867771818172e-02
7.846683844010656772e-01,7.503124380872532029e-02,1.896588449018626540e-02,1.495681887480678905e-04,1.211849191112745749e-01
8.128464184846297957e-01,6.776705564350075928e-02,3.563574061646061775e-02,2.060283805167686748e-04,8.354475687489205937e-02
8.022685152709062573e-01,3.319547319583151385e-02,1.789343885101694898e-02,2.922820095355090921e-04,1.463502906727097708e-01
9.136692017978693681e-01,7.938494433020599345e-03,7.471613722201306783e-03,2.053960221294567109e-04,7.071529402477932935e-02
8.938986595028837190e-01,1.029299072706111803e-02,1.064283553555636988e-02,6.294156370090117593e-04,8.453609859748983935e-02
9.905692454437139416e-01,2.421233709950973076e-03,1.272978967303393981e-03,1.038651776665691423e-04,5.632676701364977903e-03
9.733328668703306041e-01,4.393665037042476448e-03,2.219655358934245239e-03,1.783065515000450507e-04,1.987550618219253301e-02
9.948648546292460093e-01,2.268116844898956062e-03,9.077568548481655761e-04,1.067849910075870947e-04,1.852486679999260002e-03
9.956961109983684111e-01,2.515430042977257526e-03,8.197771093587684008e-04,8.128710465575716038e-05,8.873947446399434646e-04
9.849117751780589458e-01,1.140151995198237546e-02,1.739891197074803662e-03,1.084825472227152302e-04,1.838331125661134399e-03
9.809599023322680411e-01,8.954959384941525019e-03,2.785574442004681850e-03,1.973554676010499454e-04,7.102208373184683288e-03
9.819818880461596011e-01,9.912137722115030650e-03,3.540965626577529963e-03,1.654160626026791880e-04,4.399592542545164089e-03
9.925235511426228063e-01,3.176780723473399386e-03,1.019912590446006313e-03,6.413840691874663814e-05,3.215617136539006271e-03
9.969409875803905141e-01,2.168758489687862973e-03,3.290470269631393043e-04,1.599884633483945515e-05,5.452080566237165003e-04
9.953141768356741359e-01,3.849633964449327567e-03,4.366105320462313269e-04,1.482652549324143349e-05,3.847521423370729872e-04
9.924811256372441104e-01,6.567867979088675388e-03,5.257110422650489862e-04,1.188843424247906901e-05,4.134069071598974452e-04
9.957454041153954716e-01,3.751310297769148202e-03,2.511493837540548909e-04,6.875592778753510907e-06,2.452606103025160638e-04
9.934781950826654384e-01,5.860890780614148518e-03,3.558787713948377194e-04,7.023295279852704341e-06,2.980120700457468776e-04
9.890357522748691732e-01,9.864224782840887162e-03,6.215673030820072524e-04,8.774402920038256891e-06,4.696812362880439318e-04
9.850495128961298530e-01,1.360138555516824180e-02,7.795859508537056250e-04,9.502216771006357203e-06,5.600133810773945137e-04
9.768561810171472182e-01,2.083547076952038321e-02,1.695161842095286231e-03,1.529738717040013001e-05,5.978889840666388100e-04
9.804780497903580194e-01,1.752047229332666378e-02,1.289940944308248186e-03,1.185517071205784311e-05,6.996818012949771598e-04
9.804175862494579619e-01,1.763693129732660236e-02,1.277550544734270188e-03,1.174959648864025197e-05,6.561823119926621199e-04
9.402293500267402404e-01,5.389038776123700192e-02,4.510322216364378439e-03,2.619763585832499126e-05,1.343742359799859377e-03
9.621658114174052034e-01,3.320255477875938555e-02,3.749551704844250079e-03,2.919228014231389873e-05,8.528898188488000850e-04
9.704387052696414884e-01,2.576001595002975347e-02,2.971997945017512254e-03,2.207560432036119647e-05,8.072052309907787717e-04
9.479653031914305750e-01,4.518463398062229353e-02,5.708000279492636032e-03,3.237855218686668695e-05,1.109683996267603768e-03
9.379160306960560023e-01,5.304457697590043291e-02,7.904410388177565347e-03,4.249716131713401803e-05,1.092484778548970204e-03
9.733489351223104658e-01,2.291503649236894397e-02,3.030313206705988020e-03,2.587765541267031990e-05,6.798375232019551523e-04
9.740421128312566346e-01,2.255523159655348220e-02,2.817125725554091385e-03,2.638032821000460968e-05,5.591495184258212566e-04
9.608824400363513707e-01,3.375974630220542061e-02,4.646238192904788948e-03,3.615707876625964785e-05,6.754183897722600442e-04
9.175079887746798724e-01,7.037884071649636031e-02,1.086714313474378309e-02,4.952417079343109015e-05,1.196503203286535845e-03
9.124561883708196541e-01,7.424717932451752045e-02,1.208641185962511071e-02,5.865791638096410320e-05,1.151562528656868353e-03
7.692221292056156123e-01,1.923378826751899473e-01,3.563279476813931146e-02,9.016528860930035974e-05,2.717028062445661293e-03
7.661745833393538430e-01,1.814919510868472086e-01,4.902200486177521466e-02,1.284090666449382489e-04,3.183051645378734505e-03
8.807888270691712762e-01,9.269092961384133023e-02,2.431276914438857545e-02,9.059983740126605046e-05,2.116874335197491651e-03
7.028565776143455013e-01,2.231317693094440613e-01,7.021122984755953644e-02,1.308305225832172790e-04,3.669592706067645489e-03
7.728653217133021336e-01,1.663856389682896175e-01,5.741610745896078699e-02,1.146471563917589065e-04,3.218284703055672349e-03
9.639768119247061895e-01,2.684460217170881943e-02,8.353753378185082429e-03,3.015546008435702777e-05,7.946770653156259899e-04
9.621842216510798629e-01,2.862638442584789986e-02,8.310045410255456622e-03,6.751068680036207456e-05,8.118378260164170902e-04
9.887035851902293837e-01,8.528770707039222063e-03,2.454343592691644350e-03,2.997422122286868586e-05,2.833262888167193782e-04
9.861180317168258824e-01,1.064157106072234973e-02,2.972346760892674231e-03,5.441683199468702110e-05,2.136336295644895085e-04
9.927400870755028750e-01,5.662194093829717167e-03,1.433410461234241318e-03,4.211700937478098431e-05,1.221913600583512537e-04
9.873543396092461233e-01,1.033946054865524274e-02,2.100962089874443880e-03,4.251722749466335226e-05,1.627205247295047887e-04
9.910663345800503343e-01,7.405251683157356921e-03,1.390719258611390011e-03,3.166990284198255593e-05,1.060245753388287164e-04
9.879022317387613494e-01,1.008876264645370245e-02,1.813047196482766828e-03,3.638659594698604143e-05,1.595718223553233852e-04
9.944656433510251636e-01,4.926476652486987996e-03,5.063686266480522296e-04,1.186589337305884821e-05,8.964547646673421744e-05
9.940018275928749203e-01,5.245718332276605445e-03,6.627165938488176027e-04,1.300388378572060742e-05,7.673359721387623775e-05
9.945101716314252993e-01,4.773745006744725683e-03,6.337930951405802097e-04,1.066916178757634307e-05,7.162110490181913521e-05
9.921588503089137090e-01,6.999871923836977795e-03,7.207604847304821842e-04,8.167247183340703835e-06,1.123500353355751845e-04
9.804835722472431403e-01,1.766642080239999579e-02,1.594900106569829357e-03,1.160138958027339545e-05,2.435054542069868078e-04
9.711452151628546803e-01,2.598149985208437693e-02,2.523381700094524775e-03,1.676361598897126206e-05,3.331396689775186003e-04
9.739460764684608751e-01,2.302185781726460295e-02,2.614687458389443678e-03,1.536087005984958811e-05,4.020173858252387386e-04
8.822810027998607696e-01,1.054534519929201941e-01,1.103004440537973425e-02,3.504265170201905852e-05,1.200458150137156997e-03
9.449030422255284556e-01,4.779750192516708102e-02,6.487739541454645188e-03,2.318294590443677430e-05,7.885333619453508682e-04
9.360036963375376606e-01,5.696158962721638991e-02,5.870435517714206811e-03,1.991223541971158260e-05,1.144366282112011229e-03
7.870712127919862189e-01,1.901391347829987644e-01,2.016993026118042709e-02,3.741541176835409409e-05,2.582306752066404303e-03
7.819320753691096915e-01,1.894849596153614646e-01,2.537590649669816192e-02,4.252001209417372512e-05,3.164538506736540475e-03
7.417861489050249224e-01,2.047273468108937733e-01,5.049836826621467017e-02,7.278348499927038374e-05,2.915352532867323144e-03
7.425560682417990943e-01,1.942110073030664796e-01,6.042237131676056472e-02,9.670644138985923840e-05,2.713846696983870151e-03
5.461871378559869372e-01,3.438772985701287754e-01,1.053637325015554654e-01,1.091301570892129556e-04,4.462700915239589845e-03
6.717160376096705798e-01,2.306380205907726244e-01,9.329576359708820210e-02,1.079169083844952703e-04,4.242261294083979166e-03
8.259411565054411986e-01,1.200006796055263641e-01,5.137353860758604729e-02,9.961556243285635173e-05,2.585009719013522857e-03
7.812506312091898053e-01,1.571875911892827160e-01,5.855980933020939888e-02,1.168562052261150130e-04,2.885112066092147820e-03
7.308412095322704971e-01,1.939489698788129102e-01,7.155616005705463245e-02,1.274235829050476246e-04,3.526236948956828782e-03
6.249802432954559839e-01,2.653318148407353139e-01,1.048695286556973472e-01,1.424258269247310072e-04,4.675987381186702367e-03
5.962007789796653912e-01,2.683129722020526353e-01,1.304162835313130431e-01,1.791094140635381181e-04,4.890855872905434075e-03
7.477233475333524559e-01,1.687392863785393549e-01,7.934298575784580476e-02,1.811176388044654143e-04,4.013262691457907504e-03
7.361757963458613885e-01,1.776000522432807371e-01,8.181738685254108523e-02,1.513827966449935250e-04,4.255381761671888675e-03
7.791940182799685921e-01,1.441732338696826154e-01,7.409771425359135133e-02,1.463548887091024723e-04,2.388678708048101468e-03
5.827610774992837417e-01,2.918359751254802070e-01,1.220146635749797814e-01,1.740761486992667179e-04,3.214207651557091875e-03
6.260217219315165060e-01,2.325737309338432868e-01,1.383994242501139504e-01,1.834262810202920402e-04,2.821696603505915654e-03
5.991006880602582907e-01,2.231387274901333040e-01,1.751099220761335451e-01,2.577634030564134862e-04,2.392898970418439689e-03
4.273326131928522620e-01,3.483079586504889691e-01,2.208709179987713711e-01,1.727081546059793188e-04,3.315802003281341850e-03
3.451288978978072630e-01,3.509643358250483791e-01,3.007185855219758897e-01,2.510308275287369555e-04,2.937149927639711583e-03
2.314976195485732857e-01,4.321725633973346192e-01,3.319852001495116056e-01,2.092013154084439424e-04,4.135415589172022725e-03
3.455394728094649537e-01,3.429497530637762859e-01,3.068592438049082549e-01,2.090428446284578001e-04,4.442487477221996467e-03
5.268007803366842046e-01,2.658185165735480471e-01,2.033470263296268676e-01,2.126380264695487134e-04,3.821038733671359901e-03
7.653425904203378094e-01,1.325899533147793796e-01,9.960134228829800596e-02,1.743213837367138866e-04,2.291792592848113878e-03
8.993128772679317429e-01,5.801492638690110282e-02,4.147466367027850820e-02,1.251470114961187945e-04,1.072385663392368734e-03
9.194794040443151628e-01,5.250035676003846769e-02,2.677317976094415949e-02,9.958325020932069522e-05,1.147476184492960544e-03
7.000148978227804797e-01,2.208309141984080570e-01,7.598312615440966367e-02,1.525052036746864822e-04,3.018556620727402134e-03
3.450180623757179710e-01,4.715622008442439950e-01,1.788237666694023065e-01,1.748292933988953375e-04,4.421140817236924453e-03
4.841881752797183580e-01,3.489111296762568704e-01,1.612602641641550649e-01,1.638053919105549473e-04,5.476625487959204015e-03
4.876057558930552704e-01,3.320388472125851975e-01,1.740238829216321781e-01,1.678496560736515405e-04,6.163664316653706850e-03
4.476160423870761962e-01,3.941205228868205346e-01,1.503548338503823412e-01,1.757996882471097233e-04,7.732801187473855101e-03
3.435859942132807876e-01,4.270323086494725029e-01,2.224667533591137003e-01,1.751032759302968884e-04,6.739840502202787582e-03
5.718566396708629762e-01,2.287573744380015373e-01,1.952129189936260278e-01,2.533127724317450888e-04,3.919754125077623726e-03
7.004737632540669612e-01,1.544658621443612267e-01,1.421017336910398998e-01,2.643976466225817423e-04,2.694243263909494330e-03
3.634394285278281789e-01,3.141803636184865023e-01,3.178500557168667529e-01,3.484160912080651274e-04,4.181736045610690705e-03
5.294152381054839651e-01,2.393184139389142040e-01,2.264916840684834953e-01,2.938180011904787574e-04,4.480845885927882064e-03
5.903091022038140512e-01,2.262610716331889815e-01,1.788041127968267585e-01,2.279526683051998244e-04,4.397760697865063170e-03
3.716869437391956965e-01,3.291225357342111302e-01,2.947356236162670395e-01,3.067565468747682775e-04,4.148140363451434560e-03
4.219954655594045367e-01,2.808236431180323178e-01,2.921050745338494292e-01,3.219452491234778366e-04,4.753871539590325337e-03
4.026455895893590320e-01,2.976862639643925168e-01,2.943216148417233113e-01,3.168597152598555855e-04,5.029671889265224273e-03
2.899026170664342761e-01,4.121906069212843970e-01,2.896031495300034897e-01,2.817482259841237345e-04,8.021878256293722004e-03
5.297790015895773585e-01,2.627713166303400905e-01,1.979939069554192965e-01,2.755494401724336456e-04,9.180225384490802235e-03
6.616567891056298611e-01,1.925492750874977510e-01,1.371849066503655623e-01,2.310834333994975882e-04,8.377945723107417184e-03
9.160106628049689004e-01,4.666763381690774287e-02,3.504061247430722420e-02,1.872352425484999534e-04,2.093855661267664259e-03
9.832095353479144428e-01,1.020279651257881282e-02,5.872092079402136539e-03,1.689892062595048958e-04,5.465868538450410589e-04
9.919609250977273751e-01,5.487508721135677531e-03,2.201605184981510286e-03,1.456962465293219224e-04,2.042647496261258840e-04
9.938952075774187822e-01,4.225782357579083506e-03,1.621821572370004761e-03,1.263821635002608263e-04,1.308063291317552372e-04
9.944718867943275198e-01,4.302096291770118527e-03,1.020582561580557577e-03,6.392548529952044067e-05,1.415088670222841149e-04
9.889095914556994549e-01,8.984342854474870396e-03,1.842365278635661957e-03,5.356011686307021453e-05,2.101402943269628574e-04
9.862425897940942932e-01,1.163311992220017639e-02,1.827415473780127746e-03,4.066767872974209625e-05,2.562071311956768760e-04
9.807806963607255124e-01,1.547476748520858723e-02,3.409777592825736538e-03,8.045495979781651374e-05,2.543036014423726791e-04
9.729018073581466863e-01,2.303041781462793203e-02,3.373781331700202203e-03,6.784632698882532651e-05,6.261471685362993578e-04
9.961371557787910280e-01,3.217288618977919273e-03,4.747489804073983747e-04,1.875924848967623461e-05,1.520473733338818649e-04
9.838414507733296288e-01,1.375806350393312533e-02,1.983177456803698196e-03,4.452888487371202810e-05,3.727793810596714504e-04
9.862097514550197674e-01,1.097933038721780712e-02,2.448402692719808729e-03,6.216976814502884715e-05,3.003456968975418292e-04
9.891807169247339715e-01,8.761025394534703928e-03,1.803335254597131666e-03,5.499237532055941947e-05,1.999300508137168326e-04
9.898024333856489942e-01,4.045019268681501919e-03,5.185037629345226086e-03,6.765748874845512253e-04,2.909348288396834811e-04
9.913720362906788264e-01,4.964127151437510571e-03,3.183127431224128025e-03,2.490085851736288441e-04,2.317005414858330542e-04
9.971133628755943779e-01,1.905688200458605010e-03,7.743639436371867538e-04,6.759760615549344426e-05,1.389873741542632928e-04
9.963376224178283058e-01,2.802731077024389183e-03,6.871719317492891443e-04,3.832837078143736236e-05,1.341462026166126691e-04
9.919462344350571392e-01,6.834217375169133676e-03,9.685258711932066876e-04,3.311420133720077198e-05,2.179081172432511333e-04
9.894440122816512417e-01,8.306447278024089650e-03,1.777952350007890037e-03,5.783584634146592205e-05,4.137522439754503893e-04
9.834713490510135214e-01,1.377380248330032850e-02,1.909074271890874152e-03,7.035092988818064598e-05,7.754232639070331818e-04
9.524250378219125679e-01,4.138345765209280186e-02,4.260705982276354054e-03,7.948932391678992650e-05,1.851309219801633042e-03
9.844273858562073709e-01,1.260756014365554262e-02,1.924032369214207817e-03,6.362099792154681985e-05,9.774006330012959248e-04
9.751949094513032712e-01,2.056149155393163785e-02,3.201460686895339375e-03,8.494308226587570106e-05,9.571952256036810134e-04
9.038253999210653644e-01,6.918236739812347325e-02,2.239866352471758804e-02,3.160968907393425591e-04,4.277472265354141483e-03
9.471268719369939637e-01,3.084871061260126279e-02,1.135034170098243519e-02,3.149289842247909323e-04,1.035914676519742415e-02
9.255532877001643177e-01,5.345911646042073029e-02,1.628666048291749560e-02,2.418059694539126479e-04,4.459129387043542225e-03
8.368963744133919302e-01,1.172445866666578518e-01,3.887682952134490638e-02,3.516156755861233945e-04,6.630593723019093978e-03
9.031253247055178734e-01,6.270618235949837471e-02,2.802972003774182805e-02,2.201426966811412646e-04,5.918630200560884118e-03
8.872183214206861290e-01,7.246461937102442741e-02,2.948645649659006537e-02,2.944492402275245718e-04,1.053615347147191655e-02
9.416043659044717185e-01,4.117019101255800506e-02,1.283877264637993745e-02,1.639449940085145651e-04,4.222725442581749984e-03
8.931087071635011032e-01,7.948000904469028349e-02,2.056652287140961141e-02,1.699257026048826098e-04,6.674835217794038503e-03
9.482850491906039681e-01,2.930156765439082336e-02,1.598573268903583783e-02,1.883444233283775992e-04,6.239306042641331457e-03
9.385321937407857806e-01,3.212361971079411016e-02,2.545389010599105606e-02,2.548694100017816189e-04,3.635427032427308337e-03
9.868321020808505928e-01,8.129632095833819530e-03,2.280674851790887286e-03,2.741096966455824625e-05,2.730180001860094564e-03
9.952687221728833133e-01,3.166538169147219660e-03,9.259616655465886456e-04,1.976898199409469030e-05,6.190090104289347429e-04
9.508811624578286104e-01,3.753567956266964933e-02,6.085416006096725297e-03,5.663292480962236509e-05,5.441109048595326944e-03
9.123109014574775077e-01,6.707865847460163511e-02,1.005994841590000105e-02,6.917392831945344989e-05,1.048131772370139783e-02
9.286950081876522711e-01,4.745519468106058208e-02,1.087741006945711769e-02,5.989347917455049278e-05,1.291249358265548521e-02
6.454601479209489678e-01,2.764303936061792144e-01,4.168102097937707862e-02,8.278858401267556180e-05,3.634564890948203952e-02
7.178899801590271634e-01,1.570973982748327669e-01,6.355494212536143273e-02,1.643974754048104804e-04,6.129328196537394552e-02
4.940827918814472142e-01,2.715361971810448249e-01,1.673890885982256549e-01,3.256769474491266443e-04,6.666624539183320375e-02
6.213316433709933362e-01,1.620236670729925388e-01,1.362164286096995136e-01,3.046588377109098319e-04,8.012360210860366982e-02
3.913559108103439321e-01,1.536131792173248689e-01,7.643856291140312120e-02,1.725865591336475484e-04,3.784197605017943222e-01
3.397778284320524533e-01,1.057224003108508392e-01,4.326835142735549478e-02,1.361413795984949947e-04,5.110952784501426871e-01
5.968432585204641594e-01,9.685548752146264095e-02,7.375336681656628757e-02,2.980584000189257237e-04,2.322498287414881402e-01
3.387465314467812405e-01,1.611395245347709837e-01,6.345384336453387120e-02,2.061239091947479770e-04,4.364539767447191965e-01
2.648493426486082103e-01,1.642175393658547033e-01,1.087774182589345412e-01,3.369960500620065662e-04,4.618187036765404874e-01
2.950570158568034951e-01,1.274071240615168299e-01,8.563466907173442055e-02,3.562838295277656955e-04,4.915449071804174341e-01
2.966853059811437321e-01,5.921117208125748627e-02,7.873239797752190627e-02,3.311676332007673141e-04,5.650399563268760916e-01
4.811509132122298582e-01,6.270773203345146596e-02,1.166495111671361634e-01,6.140030884563256073e-04,3.388778404987263237e-01
5.916609230831373356e-01,6.520585389264416110e-02,8.031877523355249182e-02,4.890652462691972083e-04,2.623253825443968013e-01
5.232691806950477975e-01,7.687031085753799620e-02,1.426993537177987104e-01,4.787195475655870109e-04,2.566824351820498062e-01
3.514734845803103025e-01,8.635327778206269844e-02,1.394044856301301927e-01,4.053200503623858946e-04,4.223634319571344387e-01
4.582069662523834963e-01,5.513749721989985586e-02,1.426266198253002271e-01,5.347038623009879718e-04,3.434942128401155537e-01
4.424357576006758275e-01,6.906498886573178564e-02,1.272845475106222646e-01,5.630561192639816498e-04,3.606516499037059620e-01
6.979426048816593786e-01,3.623116477226068222e-02,4.184032433418953534e-02,2.507804632565789659e-04,2.237351255486338397e-01
4.599748472865741178e-01,9.918702894203831888e-02,6.494396683389097591e-02,1.680540235008093721e-04,3.757261029139958852e-01
4.548374708226740060e-01,8.474226515805632909e-02,1.636766518678385296e-01,3.104179690244464654e-04,2.964331941824067118e-01
3.196926015979794644e-01,1.117188552637139731e-01,2.795936395032502797e-01,6.419888190204394883e-04,2.883529148160358102e-01
4.901758694407447048e-01,7.482687946962297831e-02,6.830464379430077615e-02,2.312366843667194697e-04,3.664613706109648428e-01
2.853731247863712239e-01,2.025230111828505986e-01,1.162267600215616536e-01,2.525281853077077825e-04,3.956245758239086974e-01
2.963053800198670040e-01,1.266218269820288123e-01,1.008316489844168773e-01,2.660784386294191319e-04,4.759750655750577542e-01
1.242227585078631014e-01,7.514198197005189650e-02,5.568504857640420302e-02,1.326887287249099517e-04,7.448175222169559628e-01
2.121177822411268454e-01,6.984192940676127448e-02,9.867491238427889000e-02,3.735954951879484295e-04,6.189917804726450257e-01
1.611609181318445216e-01,3.916662260139855412e-02,4.598821366121218918e-02,2.131310756320041618e-04,7.534711145299126667e-01
1.122413567966557696e-01,6.986519754152484274e-02,5.884224245551018806e-02,2.027680673802356216e-04,7.588484351389289673e-01
1.846614715194888623e-01,7.257804081821628284e-02,7.554034311097365673e-02,2.481706639872079123e-04,6.669719738873339798e-01
2.305309575516866771e-01,1.083860015621677109e-01,1.685897726805679342e-01,5.152961621340330272e-04,4.919779720434436232e-01
2.686828215676436704e-01,1.216689293183071396e-01,1.688943650178216793e-01,4.810483751181121701e-04,4.402728357211093124e-01
2.456999723855201045e-01,1.445721618826516508e-01,2.053455947111599289e-01,8.306068439198323545e-04,4.035516641767483703e-01
1.692556030246982202e-01,1.763411065943755185e-01,3.559489484180127783e-01,9.470069875628710178e-04,2.975073349753505902e-01
3.714737277435664065e-01,8.957513085280764675e-02,1.915155366180764374e-01,9.323338870197189938e-04,3.465032708985298360e-01
3.088402857979153371e-01,1.651403350881182341e-01,1.975266428575665478e-01,7.132185146219476501e-04,3.277795177417779371e-01
2.563115563452088019e-01,1.691369403280406636e-01,2.465779270404938328e-01,7.844321959544371930e-04,3.271891440903022530e-01
2.368279261846925055e-01,1.195175175845694243e-01,2.638140622194286578e-01,6.136443817641899171e-04,3.792268496295453373e-01
4.795179127846617151e-01,6.443966194879108267e-02,1.885207877836765356e-01,7.438954499875934708e-04,2.667777420328830695e-01
5.565223659236434584e-01,5.579162170656299519e-02,1.837817118142858475e-01,8.358305113321395788e-04,2.030684700441755253e-01
5.535752217727060165e-01,6.224244018441563858e-02,2.006059756576206443e-01,8.429332353375231521e-04,1.827334291499201901e-01
4.594710899869132170e-01,1.181326802367436840e-01,1.620915157694108322e-01,5.000094385914780667e-04,2.598047045683408163e-01
3.467173233067398774e-01,1.617161984436612798e-01,2.161722477382115315e-01,6.059803000435677860e-04,2.747882502113437875e-01
4.099596513611677429e-01,1.555974030646387618e-01,1.754564047688768613e-01,3.928474941924678604e-04,2.585936933111241953e-01
3.541003577910302735e-01,1.135469714205221275e-01,8.102592548055136124e-02,2.526369349544584021e-04,4.510741083729417067e-01
3.484315773064534660e-01,9.653763031543202700e-02,1.670230890363144649e-01,5.056772618368970571e-04,3.875020260799630911e-01
1.890633713378930270e-01,9.388502333629232532e-02,9.805739067577168289e-02,2.427033717976299931e-04,6.187515112782454585e-01
4.373352675220690267e-01,8.454214862531708730e-02,8.130604984887594699e-02,3.382743229083327841e-04,3.964782596808296145e-01
5.722219058540373160e-01,7.238699065165903057e-02,6.636602748642718430e-02,2.961822869048527716e-04,2.887288937209714912e-01
5.406736494295704132e-01,1.191934252637285030e-01,9.242218346924245542e-02,5.208739937438109117e-04,2.471898678437148833e-01
5.395965703652888523e-01,1.229906765441148020e-01,6.721153466273763200e-02,3.424852875495665804e-04,2.698587331403092815e-01
3.694013149008555374e-01,1.589097705500576718e-01,7.381382246790299528e-02,3.469295933636905370e-04,3.975281624878201914e-01
3.918018556708179334e-01,6.578149089903570501e-02,5.204002527527266247e-02,3.083500182773333013e-04,4.900682781365964802e-01
5.109265152244939490e-01,2.348871777030875005e-02,2.690489126076383436e-02,4.396932612683852426e-04,4.382401824831650972e-01
5.951852575021054914e-01,4.624099508130614933e-02,3.856054737128856297e-02,6.053326122717946631e-04,3.194078674330280698e-01
3.913748035007794113e-01,1.444309753687880726e-01,6.745531212431168933e-02,3.712730565039867999e-04,3.963676359496168811e-01
5.330266452822061130e-01,9.991430790973231113e-02,1.176453463346067846e-01,6.935158699940272486e-04,2.487201846034608754e-01
6.171027840773039008e-01,7.916984238113498884e-02,5.734568341879459075e-02,3.016000922006249144e-04,2.460800900305659955e-01
