9.178707072172563874e-01,1.327623034501195648e-02,2.895583247335535917e-02,4.293229112095306964e-03,3.560400085228082601e-02
9.750253827850438038e-01,3.944451561917266050e-03,1.918493551077585235e-02,9.306517581108218447e-04,9.145783841523408893e-04
9.835115322149380335e-01,1.570837022607416865e-03,1.333014401155088735e-02,1.133513846632620403e-03,4.539729042712194510e-04
9.731127885710988412e-01,2.209807371423968669e-03,2.336755364438847238e-02,1.065552890363916701e-03,2.442975227247191775e-04
8.212273665733706984e-01,5.996318797920840125e-03,1.680081828808489275e-01,4.245454584237615819e-03,5.226771636218994870e-04
9.374455567267817591e-01,3.262992686200284678e-03,5.741994710953238212e-02,1.594525222635529652e-03,2.769782548500269222e-04
9.612435237489175277e-01,3.424429173792448416e-03,3.438299395670709607e-02,8.053218740292323544e-04,1.437312465538279418e-04
9.865596571614350108e-01,1.873586534964487640e-03,1.113817166540463123e-02,3.293965982191549599e-04,9.918803997663343990e-05
9.805179960536662964e-01,2.237891568590202364e-03,1.667954065554765053e-02,4.523752117451422311e-04,1.121965104506560357e-04
9.847141966700974081e-01,1.573082885792854817e-03,1.310612532508768219e-02,4.689037592430648008e-04,1.376913597791075818e-04
9.744057560070408242e-01,2.230629881371850969e-03,2.239085779043299695e-02,7.551759495032482356e-04,2.175803716510730493e-04
9.815150304912250157e-01,1.637356614374788858e-03,1.597457577255469163e-02,6.548997931824322976e-04,2.181373286630613952e-04
9.929648176453408359e-01,8.912043774407231401e-04,5.570385389396399420e-03,4.098923694029217427e-04,1.637002184191840468e-04
9.892487763945303492e-01,2.093653330770872071e-03,8.002371735876701031e-03,4.387490459348832809e-04,2.164494928873360487e-04
9.943705795597767017e-01,1.361912212700276291e-03,3.261932038500723816e-03,3.356314072526156629e-04,6.699447817697554933e-04
9.735532962856163763e-01,4.700212635329411096e-03,1.825084949073284973e-02,8.057000084658054364e-04,2.689941579855587971e-03
9.329209889089410401e-01,9.043940120647478431e-03,5.411115256958366759e-02,1.414221245236292872e-03,2.509697155591361379e-03
8.471705359320932383e-01,2.161585848646510252e-02,1.251243551566268986e-01,1.776559822558781542e-03,4.312690602256029869e-03
7.336512638293378741e-01,1.759061628335181066e-02,2.346986697282258394e-01,4.543375735052420511e-03,9.516074424032018933e-03
8.065105605247963050e-01,1.279225279483291872e-02,1.670791773821624360e-01,5.946886326489704382e-03,7.671122971718570896e-03
7.239741988395083094e-01,7.874998197677946302e-03,2.498550126074973732e-01,1.371926344927766259e-02,4.576526906038842074e-03
7.816232647110686882e-01,7.778969256538584807e-03,1.969102016300889324e-01,8.437944247022006322e-03,5.249620155281823838e-03
7.782488876542201783e-01,1.318047642517990690e-02,2.013382655053978787e-01,4.858788689990547506e-03,2.373581725211294704e-03
8.203094342020029739e-01,1.587470022793244576e-02,1.592614860212606676e-01,3.511017307738509112e-03,1.043362241065463967e-03
9.118385831592827895e-01,5.872733966650493798e-03,7.787722316482333096e-02,3.300925440838148664e-03,1.110534268405103742e-03
6.958089785338612554e-01,2.144086989491736719e-02,2.721396427372931859e-01,6.620439841297642326e-03,3.990068992630518840e-03
9.610615465445967454e-01,5.621240607350438609e-03,3.171108773345774484e-02,9.108413836819367155e-04,6.952837309134204903e-04
8.845417897632823490e-01,8.826840732895880129e-03,1.022212879683941783e-01,3.320471980546637995e-03,1.089609554880835787e-03
8.972562175392235773e-01,8.529378056385612111e-03,9.087125539588929157e-02,1.948470690001726435e-03,1.394678318499676392e-03
9.472350287904799382e-01,3.829811033460522787e-03,4.490194630252786895e-02,2.325171956436032812e-03,1.708041917095610594e-03
8.875115884665654153e-01,9.548610428730187547e-03,9.573784077449468133e-02,3.695819017247070019e-03,3.506141312962703874e-03
8.493407717751012553e-01,1.050161060978187580e-02,1.333478631630194422e-01,2.589375047558633344e-03,4.220379404538798090e-03
4.772686626559725087e-01,2.029025528258171507e-02,4.871281616395443659e-01,6.242561566714378320e-03,9.070358855187057173e-03
6.083068197384118303e-01,8.652534270183576820e-03,3.699516029008168561e-01,7.881977156520407826e-03,5.207065934067450427e-03
7.398794074180197189e-01,8.764757172879871633e-03,2.017709038833525037e-01,6.818937939171085261e-03,4.276599358657687255e-02
9.063962066477905255e-01,3.504150550849264353e-03,7.688050931371284702e-02,3.454259370162483019e-03,9.764874117484880975e-03
9.244290739376908039e-01,2.580178570211331523e-03,6.679078102189414667e-02,2.768515159940509660e-03,3.431451310263243341e-03
7.317814575163501534e-01,1.061163480456930354e-02,2.399433976285981207e-01,5.686116698083396384e-03,1.197739335239911100e-02
5.300828422558696573e-01,1.151381931448387103e-02,4.446786937472602119e-01,7.136336205952841655e-03,6.588308476433576803e-03
8.776782246533954002e-01,5.307939423927989300e-03,1.127048211097716607e-01,2.209034100959762163e-03,2.099980711945237562e-03
9.074278316050764515e-01,4.063686794964020341e-03,8.351025670914112575e-02,2.451937511445734241e-03,2.546287379372453967e-03
8.441133047784236121e-01,6.845171703362787873e-03,1.426325550430801725e-01,2.683490473483409779e-03,3.725478001650036827e-03
9.211732779503646329e-01,4.803957162497167824e-03,6.890704743816997158e-02,1.568743474670656777e-03,3.546973974297516503e-03
9.814009450605404306e-01,2.695562997606437868e-03,1.312163703383137890e-02,3.870734151010939996e-04,2.394781492920632169e-03
9.679692594506279502e-01,5.675961528380749944e-03,2.347237222633085166e-02,5.147705671593517159e-04,2.367636227500993090e-03
9.408054670373259265e-01,4.661961646912654578e-03,4.983529457533815432e-02,1.177271875179321942e-03,3.520004865243740993e-03
8.146965087335317213e-01,9.269553093355916568e-03,1.660889719293154321e-01,3.131067235273440452e-03,6.813899008523577674e-03
7.278539620135126009e-01,1.213623753822172698e-02,2.468077982199770593e-01,3.372954184447676806e-03,9.829048043840901347e-03
6.273892870617037154e-01,1.054844736222654636e-02,3.529126010282459536e-01,5.703474521340547165e-03,3.446190026483386681e-03
8.012230535185103086e-01,7.186316463243097412e-03,1.855170913962082557e-01,3.764335566990190639e-03,2.309203055048146720e-03
9.123633283495766744e-01,4.255636346507222362e-03,7.953624309999926534e-02,2.113960142486865420e-03,1.730832061430034310e-03
8.393440854888207792e-01,7.008099646068624219e-03,1.448928504997993305e-01,2.847170121276745153e-03,5.907794244034416005e-03
6.194177693229208082e-01,1.717540643641301407e-02,3.551946160771155547e-01,3.694208369736783331e-03,4.517999793813714388e-03
7.293846524948414123e-01,1.067344993322002708e-02,2.535090357205623257e-01,3.384188577578186013e-03,3.048673273798042406e-03
7.945329113650678732e-01,6.104143627069118228e-03,1.901737470199368063e-01,4.308556549280069189e-03,4.880641438645959632e-03
5.375760180802097166e-01,1.751729690735568182e-02,4.208013016741708467e-01,4.855010108139760049e-03,1.925037323012415355e-02
5.338473775395147225e-01,1.259660979404678312e-02,4.408541688893713451e-01,5.448490072745878175e-03,7.253353704321209572e-03
8.135271492298856710e-01,5.936110970433622000e-03,1.690637402704429915e-01,4.049639365266919852e-03,7.423360163970689832e-03
8.180341498732929262e-01,4.490615595535256410e-03,1.684268872837718922e-01,5.370315216794271408e-03,3.678032030605833756e-03
8.273126035779020393e-01,3.187580109266169217e-03,1.605807217465461401e-01,6.455478386692442561e-03,2.463616179593168098e-03
7.295813572996456831e-01,4.207080257699608375e-03,2.563406714109555118e-01,6.694317811457744724e-03,3.176573220241491521e-03
6.481022489791391505e-01,6.880400034619403755e-03,3.303925401631409020e-01,6.024252304198307942e-03,8.600558518902413560e-03
7.666734245021904481e-01,7.602593697178601680e-03,1.990828394375269983e-01,2.622387847299984844e-03,2.401875451580381959e-02
8.052031393333882736e-01,7.849706020361483030e-03,1.775793345358470388e-01,1.777153793452282459e-03,7.590666316950831286e-03
5.365503104749387298e-01,3.522584449370690790e-02,3.895549717959791991e-01,2.102302527715426816e-03,3.656657070765961109e-02
5.513444609470897761e-01,1.786934804003534327e-02,3.860985009139409896e-01,2.753458989463306722e-03,4.193423110947055304e-02
4.807085320291026309e-01,3.587705137624420948e-02,4.047950862892662482e-01,2.634965247538117138e-03,7.598436505784890438e-02
6.363850519888464286e-01,3.206312895890237741e-02,2.841850532145288599e-01,2.211301052424642470e-03,4.515546478529779140e-02
4.287874619809634025e-01,3.120701361625044870e-02,5.001512129503631332e-01,4.064025938729172276e-03,3.579028551369382860e-02
6.521274863567679825e-01,1.852970267781098301e-02,3.062302349530579559e-01,3.376281860885239905e-03,1.973629415147782826e-02
9.564224421638084506e-01,5.633215814275716743e-03,3.568439839642666145e-02,4.399312408547244161e-04,1.820012384634544893e-03
9.193935150299135106e-01,7.154983559264879375e-03,6.826524411364863487e-02,1.240428634633543000e-03,3.945828662539406333e-03
9.339316540296700442e-01,4.896665914390967156e-03,5.446114935317505901e-02,1.107063570283001088e-03,5.603467132480916858e-03
9.549818080831057321e-01,5.745330211266122533e-03,3.233220241163434205e-02,5.149943645443087574e-04,6.425664929449443827e-03
7.954073025446785072e-01,2.001971603500918989e-02,1.762830323370842001e-01,1.327239933015842560e-03,6.962709150212331374e-03
4.983303081527409306e-01,5.490547104884502261e-02,4.332199906811892154e-01,1.486556669487371562e-03,1.205767344773735900e-02
6.782367489796226057e-01,2.056656433189407718e-02,2.961510508579184298e-01,1.775350483476958530e-03,3.270285347087823705e-03
7.722635075406496519e-01,8.579177881802384914e-03,2.107564658937162994e-01,4.122988340431039435e-03,4.277860343400825653e-03
8.103093232740519181e-01,4.785941722150946834e-03,1.775235566685365307e-01,4.044134488795056090e-03,3.337043846465572155e-03
8.207901073681800330e-01,1.258037241965125064e-02,1.534205853859471058e-01,3.011566251544607435e-03,1.019736857467696753e-02
8.491431622649989741e-01,5.869644702655096684e-03,1.319913881665422950e-01,3.659050916098595917e-03,9.336753949705076452e-03
5.159494167700846567e-01,1.412653147867853204e-02,4.477376241281575964e-01,6.997977490571335134e-03,1.518845013250780598e-02
6.293878618859457541e-01,2.079614827473237615e-02,3.227059030543152907e-01,3.512768084829528698e-03,2.359731870017689123e-02
6.785985756190413554e-01,1.729551328938528504e-02,2.745283446536395111e-01,3.090890998354838687e-03,2.648667543957898898e-02
7.905659104860999209e-01,1.032584862414876598e-02,1.773994871183061095e-01,2.764195857397692881e-03,1.894455791404750511e-02
7.831370342366814619e-01,1.387804350471041719e-02,1.437791730872052254e-01,2.026228640213910241e-03,5.717952053118900702e-02
9.157215400734610711e-01,7.633595819494853017e-03,6.775046903095226225e-02,9.506677353474720250e-04,7.943727340744362667e-03
6.901135897602298508e-01,1.282859060919540328e-02,2.772695006444484966e-01,3.543161716308397546e-03,1.624515726981786909e-02
6.220859123635893440e-01,6.849600717170716002e-03,3.556825709538850022e-01,6.915835791050381834e-03,8.466080174304646197e-03
7.130570182950697333e-01,1.073466014228804596e-02,2.523657762210698707e-01,5.228957011258534258e-03,1.861358833031367954e-02
7.367808691111307207e-01,1.108588389917115370e-02,2.388665620666992062e-01,3.715547578465561943e-03,9.551137344533467202e-03
8.040663711294143701e-01,1.076803358268878762e-02,1.310869729480897694e-01,2.397399087287541055e-03,5.168122325251945509e-02
6.993348296094105132e-01,1.111404676563146690e-02,2.614250179899711424e-01,3.804858780874593224e-03,2.432124685411222315e-02
7.591964419496683991e-01,9.035530422739194295e-03,1.842879807802164649e-01,4.745142810579649345e-03,4.273490403679636868e-02
9.445468232588969393e-01,6.222476004014873725e-03,3.964832707530205336e-02,7.113342510785198355e-04,8.871039410707496492e-03
8.837219994948822821e-01,1.089906832422424601e-02,8.691204718335911183e-02,1.248020720232035762e-03,1.721886427730232039e-02
8.819738048181496870e-01,8.497668580555620826e-03,8.971129775923197824e-02,1.516088298601175107e-03,1.830114054346142910e-02
8.627055605074136491e-01,8.020825166606371584e-03,1.118994196132352681e-01,2.324296284044785089e-03,1.504989842869993398e-02
7.613768183794611399e-01,1.234130269349164796e-02,2.145323228302591645e-01,2.983842964199161490e-03,8.765713132588838843e-03
7.919129897103766025e-01,2.093422333835626842e-02,1.653103353043058332e-01,1.613432223457074606e-03,2.022901942350418397e-02
7.118516276750835869e-01,3.047685772863936715e-02,2.478472420968001466e-01,1.917627434375248968e-03,7.906645065101724698e-03
7.934422533024216850e-01,2.667013727210823873e-02,1.663865373922609747e-01,1.408217063808857739e-03,1.209285496940020778e-02
5.020114851413719492e-01,5.909635624809134874e-02,4.094066568071059176e-01,2.220363945349365133e-03,2.726513785808127102e-02
2.506667421562951970e-01,4.659374059034882692e-02,6.807570487186503927e-01,4.581875205176241458e-03,1.740059332952931942e-02
8.812233723037288247e-01,8.143478130304191917e-03,9.914638523701929662e-02,3.292476333284190520e-03,8.194287995663436866e-03
9.964534701728041677e-01,9.024117632296701011e-04,1.558659386452769524e-03,9.642725514486319427e-05,9.890314223685954184e-04
9.979128764870927037e-01,1.145711865211037793e-03,6.050916096214133382e-04,2.721727581855099283e-05,3.091027622562831680e-04
9.957665367632367870e-01,3.089705165397657258e-03,7.860783555082532115e-04,2.556080906863025053e-05,3.321189067886532332e-04
9.935452391282530993e-01,3.828726428538606254e-03,1.522557565417366260e-03,7.713173125914525477e-05,1.026345146531728713e-03
9.828561803489893611e-01,8.818530370200437785e-03,6.458794302391893116e-03,2.403485025161633754e-04,1.626146475902105672e-03
9.986362487263737986e-01,7.772392741123256010e-04,3.411809969301362721e-04,2.281374908219706873e-05,2.225172535015866224e-04
9.972859750911674537e-01,1.387142921952075943e-03,9.060067366344771566e-04,6.529322648458213288e-05,3.555820237615630415e-04
9.958795445513831668e-01,2.578913440813008010e-03,1.142873865906509669e-03,8.184915836043822894e-05,3.168189835369055254e-04
9.985841006879555559e-01,8.284220866558153267e-04,3.700810764274807410e-04,3.592244387504004875e-05,1.814737050860835965e-04
9.956951324840164208e-01,2.341134914474504725e-03,1.492157774716782511e-03,1.880404386717849004e-04,2.835343881204403001e-04
9.988742424166482392e-01,6.921556673273269317e-04,3.247277823102209132e-04,4.538131742129610739e-05,6.349281629310804011e-05
9.960584640366065834e-01,2.829004628771780716e-03,9.259379014453633910e-04,7.659653904541001662e-05,1.099968941310443190e-04
9.801838697362176278e-01,8.700154930665462971e-03,1.030133802236381235e-02,6.725678391769740038e-04,1.420694715762088123e-04
9.905186345241129287e-01,4.330991037951294198e-03,4.710768162953497644e-03,3.383613635141414448e-04,1.012449114682358156e-04
9.981689144057381835e-01,1.153317751712719472e-03,5.502180929631153919e-04,4.462780837678699585e-05,8.292194120928879884e-05
9.963856688452560340e-01,2.271335175731157251e-03,7.725270411022841857e-04,5.867419312168354933e-05,5.117947447889806918e-04
9.957135668051627642e-01,2.990393931376528029e-03,7.239123214088465357e-04,3.643673868357866186e-05,5.356902033683005144e-04
9.985654307015240372e-01,1.050074043793141438e-03,2.200590597068977799e-04,1.255685865332046459e-05,1.518793363225143266e-04
9.990687162470417437e-01,5.391247135434310304e-04,1.011763348436897170e-04,1.147718552966393355e-05,2.795055190415806994e-04
9.989133400769506510e-01,8.159454937447039712e-04,1.419985786486720062e-04,1.006364173581800595e-05,1.186522089201571091e-04
9.987354821623006806e-01,1.052173874972117326e-03,1.247978726521663804e-04,6.372421751012212509e-06,8.117366832400695238e-05
9.966135190250254849e-01,3.008709609220302714e-03,2.743961958581702786e-04,7.957301807929724030e-06,9.541786808805631103e-05
9.961398670074247397e-01,3.408463707553627698e-03,3.734760400628368100e-04,1.017379865799346420e-05,6.801944630076560460e-05
9.938402413184945772e-01,5.485266211677090713e-03,5.919369688875370872e-04,1.594865963474082537e-05,6.660684130615350561e-05
9.963428129215340379e-01,3.280892385004413863e-03,3.147004319730922306e-04,1.155343838544345987e-05,5.004082310303491725e-05
9.979524959795351702e-01,1.822358094531858954e-03,1.829236807560554053e-04,7.144955762523137318e-06,3.507728941429945444e-05
9.983856707817039267e-01,1.453934780708686760e-03,1.233563509423322990e-04,5.525702623432239404e-06,3.151238402156643082e-05
9.989907326568817636e-01,9.001156301689607932e-04,5.690968112552590835e-05,3.593559064352628649e-06,4.864847275927928046e-05
9.969710252405584727e-01,2.652045659949312656e-03,2.569135333804655526e-04,1.079238021806993212e-05,1.092231858936967517e-04
9.983291221037265961e-01,1.452189249925447088e-03,1.496020464767004266e-04,7.153954812831171843e-06,6.193264505833608101e-05
9.954377898706308070e-01,3.974403831081849657e-03,4.612166811739118423e-04,1.554198605344530527e-05,1.110476310599152163e-04
9.922136147123414851e-01,6.710776281552560674e-03,9.427681683949809804e-04,2.012184888326285949e-05,1.127189888277022425e-04
9.966068283467390820e-01,2.986882927334379156e-03,3.267359840953681645e-04,1.058598542594253074e-05,6.896675640527886975e-05
9.904470314580763324e-01,8.243314799826857373e-03,1.141654282054036136e-03,2.850169678202689984e-05,1.394977632607560401e-04
9.864018498108209076e-01,1.046868560298923334e-02,2.962174891784742983e-03,6.443502860786621384e-05,1.028546657971494158e-04
9.960254064747635638e-01,3.325944006825708784e-03,5.400464136961412266e-04,1.768535040647812299e-05,9.091775430800104051e-05
9.892594048494579573e-01,8.513708084625861913e-03,2.027276044932895677e-03,5.136533917769250392e-05,1.482456818055449929e-04
9.764939884508321288e-01,1.797570062257508594e-02,5.211386512612270483e-03,1.074178408807542466e-04,2.115065730996625926e-04
9.684145065454510259e-01,1.803862351425356350e-02,1.309273883187791337e-02,2.896569332509497247e-04,1.644741751665213273e-04
9.776287568153854135e-01,1.354577369920319241e-02,8.466252254423716969e-03,1.939013323331797599e-04,1.653158986544233083e-04
9.817924166274620834e-01,1.116310098925824869e-02,6.702417891798073332e-03,1.835781827540456984e-04,1.584863087276829042e-04
9.618810666405499532e-01,2.857299891748305010e-02,8.905337902997311622e-03,1.179573381361237244e-04,5.226392008334342825e-04
9.560671540872207608e-01,3.123716616592980833e-02,1.202805741841369083e-02,1.357083298663029831e-04,5.319139985693493479e-04
9.749190327931139821e-01,1.687816878513683991e-02,7.842415939636476416e-03,1.232748715665741603e-04,2.371076105460515873e-04
9.910813669964158024e-01,5.544681230694392497e-03,3.184309290622043542e-03,8.181945537466977266e-05,1.078230268931076012e-04
9.918294653754949897e-01,5.862365630540310527e-03,2.116767700280175295e-03,5.795977294524378527e-05,1.334415207393435307e-04
9.890323663628620698e-01,8.730090047682388665e-03,1.953392114567546398e-03,4.769214078596315898e-05,2.364593341020097914e-04
9.732053327506899887e-01,1.778903515281542169e-02,8.606034594633167611e-03,1.186928882594956826e-04,2.809046136017629390e-04
9.826287430053912697e-01,9.476704650212434966e-03,7.609784542216722555e-03,1.271854732998072338e-04,1.575823288799055376e-04
9.883857889295718513e-01,7.963639279456834197e-03,3.380849233031087489e-03,6.909028198978229131e-05,2.006322759504614419e-04
9.833277656160561708e-01,1.240811082349797638e-02,3.727769584622923991e-03,7.013456246523239266e-05,4.662194133577241646e-04
9.868073148089139268e-01,1.032367793224257813e-02,2.437115282046977034e-03,4.316086727074397661e-05,3.887311095256967418e-04
9.923862693003679958e-01,6.281060759725686643e-03,1.126790713006055149e-03,2.020694429137934569e-05,1.856722826088833781e-04
9.960511852213664863e-01,3.394440758183815948e-03,4.409664267176665112e-04,9.947999761725002355e-06,1.034595939701451632e-04
9.968889576894535143e-01,2.712261139548922430e-03,2.920578684001701045e-04,7.816709594553359765e-06,9.890659300297465113e-05
9.962136085780112227e-01,3.263527898342350603e-03,4.226398515780557829e-04,1.222555442471621056e-05,8.799811764357614848e-05
9.953145244234077316e-01,3.985467033924205808e-03,5.918962891015534192e-04,1.417554694264442635e-05,9.393670662380013917e-05
9.918235004656859033e-01,6.955240401670901955e-03,1.077197202602329668e-03,2.486907253528887005e-05,1.191928575056003199e-04
9.742627831745128697e-01,2.204718457311643023e-02,3.411547881844648102e-03,5.200661014649168357e-05,2.264777603794124498e-04
8.929998443312194834e-01,8.360948294122763635e-02,2.250412211808732951e-02,1.975772966829316898e-04,6.889733127826143215e-04
9.321958558720813137e-01,5.224321781128089121e-02,1.463237294192391673e-02,1.617392664658144109e-04,7.668141082481003644e-04
9.592320738456296958e-01,2.976319562682765152e-02,1.048753764186452671e-02,1.536802294656959078e-04,3.635126562125954100e-04
9.527062840057400894e-01,3.182682241627141778e-02,1.483866762928940687e-02,2.258113829714392801e-04,4.024145657276735014e-04
9.893024834903982878e-01,8.292900622136408981e-03,2.215547527655127927e-03,3.968223879502652182e-05,1.493861210152399254e-04
9.723628541349003118e-01,2.231312696624745615e-02,4.947882511967845523e-03,5.301511204409545052e-05,3.231212748403605923e-04
9.651649502366077549e-01,2.881245367391222639e-02,5.587333944579483958e-03,4.508133227277249914e-05,3.901808126278908219e-04
9.159286261724096656e-01,6.719643190647972553e-02,1.615936645086039902e-02,1.077273467033923346e-04,6.078481235465004210e-04
9.071101741780392969e-01,6.717921925540487615e-02,2.489424556773749131e-02,2.466949242566175227e-04,5.696660745617746456e-04
9.846467351215889563e-01,1.207955049018076543e-02,3.061534671990007780e-03,3.663659979044223369e-05,1.755431164498130997e-04
9.897679832013647205e-01,8.236875201422648798e-03,1.818976885888178713e-03,1.844746246824099082e-05,1.577172488562515046e-04
9.799966330877010190e-01,1.767871661511121253e-02,2.095794528086326186e-03,2.209903623832677180e-05,2.067567328632825894e-04
9.428296249826148001e-01,4.439551380260454289e-02,1.232543073323305247e-02,8.967108590792355902e-05,3.597593956396029705e-04
9.593370442709771018e-01,2.544888706868542877e-02,1.491668117996892279e-02,1.463087521396609875e-04,1.510787282287594864e-04
9.613181993813264548e-01,2.501875289426191279e-02,1.330409853846133833e-02,1.674458742349468660e-04,1.915033117153565291e-04
9.870236786874243551e-01,9.411503092490506456e-03,3.368446346608202843e-03,7.131350758400117017e-05,1.250583658929076819e-04
9.904990071844432808e-01,7.213896810435637894e-03,2.123119702617796978e-03,3.717456088127306022e-05,1.268017416220514840e-04
9.779525471792610558e-01,1.663718012852533068e-02,5.148647104396681523e-03,7.403219667289842468e-05,1.875933911440479281e-04
9.779078426790523970e-01,1.472090500067359947e-02,7.150050980574943968e-03,9.224637977225476533e-05,1.289549599267564089e-04
9.723764581276128638e-01,2.171461040802258324e-02,5.675188804742504686e-03,7.765514320537220355e-05,1.560875164166859827e-04
9.879056395883444308e-01,8.858407553648649929e-03,3.065511051976135999e-03,7.317854667806307099e-05,9.726325935272510772e-05
9.729157460288890835e-01,1.673141972115408521e-02,1.005726849152391300e-02,1.722582660552709436e-04,1.233074923776364016e-04
9.680031056988803728e-01,1.843997714908732558e-02,1.325621706377117306e-02,1.893330183076187383e-04,1.113670699534483814e-04
9.625717429091557031e-01,2.347934513063720807e-02,1.358344938818325034e-02,2.043130750321752094e-04,1.611494969915225599e-04
9.413849092205274216e-01,3.999611444058135540e-02,1.801233077871583141e-02,2.329467691014493452e-04,3.736987910740176516e-04
8.529220059886619687e-01,1.051635178813676019e-01,4.043269989423296101e-02,3.153787831456889793e-04,1.166397452591584876e-03
8.122964989972510930e-01,1.200924220662413083e-01,6.559207602538585924e-02,5.889792426545352455e-04,1.430023668467146321e-03
9.616273069097605042e-01,2.267642074602019622e-02,1.482848930440052240e-02,2.545414586019416336e-04,6.132415812168030313e-04
8.305197423164870640e-01,1.150086602288135224e-01,5.198721217352557378e-02,5.274821635403870862e-04,1.956903117633551625e-03
8.347678225424145504e-01,7.676429274353978316e-02,8.620654649420340931e-02,1.044886539702280558e-03,1.216451680140092804e-03
8.031761108704275065e-01,8.708474666405778553e-02,1.075962297965872699e-01,1.259059151824400797e-03,8.838535171028624651e-04
5.857742134028411929e-01,1.251451548937494163e-01,2.861111466275935711e-01,2.211057843636760490e-03,7.584272321791260714e-04
4.834834525334337219e-01,2.264044327391241396e-01,2.872917541056129176e-01,1.413945140453801153e-03,1.406415481375298182e-03
8.061169741370125541e-01,9.503110261487433819e-02,9.751393164368475641e-02,5.082590521268508504e-04,8.297325523016126645e-04
6.359297295393571137e-01,2.104171960094082805e-01,1.499143072310320235e-01,7.899706281152174721e-04,2.948796592087558292e-03
3.801832416509581813e-01,3.597167099324483086e-01,2.497371604010210633e-01,1.177901686397068819e-03,9.184986329175477693e-03
3.273777002917031553e-01,3.333657374316518762e-01,3.318166535577452558e-01,1.467229873384284181e-03,5.972678845515447948e-03
4.569504610950016477e-01,2.602628862998497272e-01,2.760174999927338391e-01,1.284744280205744665e-03,5.484408332209072395e-03
4.843843990964359358e-01,2.989145430304745998e-01,2.007760337725310873e-01,1.280443561903577953e-03,1.464458053865474486e-02
6.547343590075922481e-01,1.914763898857181346e-01,1.412061417385613027e-01,1.144730815890286158e-03,1.143837855223801131e-02
5.200669329962566145e-01,2.700751583652452603e-01,1.980505542205648617e-01,1.378905319083559636e-03,1.042844909884978535e-02
8.753959690996915288e-01,7.944783756534688768e-02,4.004249546508138052e-02,4.159130934470401590e-04,4.697784776433156471e-03
9.429315657083585656e-01,4.141620091034364792e-02,1.281514451848254042e-02,1.827209865131823271e-04,2.654367876302147957e-03
9.603019039149205405e-01,3.260436439357731336e-02,5.372557861508318704e-03,7.161789588852277976e-05,1.649555934105302255e-03
9.305820699136810870e-01,5.683209839003330877e-02,9.835632151746428326e-03,1.232945174091752672e-04,2.626905027130065247e-03
8.187721673366727959e-01,1.407902356439063030e-01,3.614709008486958336e-02,2.955856271502831046e-04,3.994921307401059704e-03
7.328587720251017457e-01,1.873243821287056410e-01,7.390225849736929697e-02,5.347827742132968019e-04,5.379804574610152178e-03
4.907186463712097102e-01,2.989780299391895380e-01,2.017921382560294574e-01,1.256595547596729570e-03,7.254589885974487007e-03
3.633540589561780054e-01,2.965983811239705781e-01,3.324437825980582351e-01,1.839608087478823402e-03,5.764169234314410299e-03
8.565989729467602398e-01,7.248280715324016688e-02,5.815009924829622062e-02,7.077362265163576879e-04,1.206038442518723476e-02
9.856880219007849719e-01,8.045408807943644700e-03,3.494339083644152320e-03,1.017360834922883086e-04,2.670494124134995505e-03
9.871018325024378814e-01,7.945664560266884821e-03,2.106682496519831239e-03,7.903674149732735886e-05,2.766783699278158037e-03
9.970382024964733469e-01,2.101056072083549216e-03,4.812390975328465501e-04,2.371357484110614758e-05,3.557887590691395240e-04
9.761027019977358554e-01,1.903263086960270065e-02,3.603279040872811242e-03,8.121453079716232579e-05,1.180173560991524574e-03
9.956071439258119549e-01,3.203350500361947396e-03,6.761291642942971651e-04,2.704877181649315904e-05,4.863276377154002834e-04
9.948617928434164703e-01,3.295235727447207597e-03,5.739987598592108603e-04,2.386885987529725658e-05,1.245103809401898812e-03
9.965499583390677873e-01,2.640642509928661265e-03,3.041304537513698689e-04,1.222751079637874233e-05,4.930411864557898791e-04
9.896807059402407125e-01,7.696338931628952419e-03,1.832281518207449882e-03,4.757989130005208758e-05,7.430937186227344615e-04
9.913705042533932366e-01,5.578080821318151528e-03,2.252111393889413057e-03,7.445663309490433432e-05,7.248468983042617242e-04
9.438824173922317762e-01,2.542520736615620086e-02,2.684801448198773782e-02,5.705555277875687913e-04,3.273805231836641322e-03
9.791559993620017055e-01,9.689237428310839770e-03,1.005387825416672112e-02,2.648989889617243184e-04,8.359859665590784611e-04
9.974054364220230617e-01,1.650629516458843168e-03,7.580914610364658567e-04,3.657723018420068543e-05,1.492653702971864294e-04
9.981497665405585362e-01,1.368125435002893065e-03,3.491621184582468758e-04,2.156238937403234671e-05,1.113835166063482766e-04
9.978427149715878297e-01,1.476114010305052977e-03,4.863364927346102481e-04,4.085824311172281788e-05,1.539762822607686362e-04
9.990289438783311882e-01,6.712886656052532335e-04,2.011242519603881893e-04,2.448188645028446495e-05,7.416131765274838088e-05
9.987607460122324143e-01,9.486858367793752841e-04,1.712226865686415742e-04,2.000164438427403223e-05,9.934382003520281516e-05
9.982507232676234299e-01,1.330742620578854356e-03,1.976249414338323706e-04,2.166935492975718719e-05,1.992398154341644542e-04
9.988082445415014110e-01,7.547178499585782555e-04,1.788318697282750315e-04,2.837945746976838649e-05,2.298262813421173326e-04
9.992665711773808246e-01,4.133339672563101437e-04,1.332540890287733893e-04,2.811388913871877402e-05,1.587268771954793243e-04
9.994835238264065946e-01,3.222582458789948617e-04,9.323875310649882523e-05,1.669855923385663948e-05,8.428061537404845705e-05
9.991341180255519649e-01,5.514480356993026276e-04,1.206466912197494710e-04,2.532440823504096300e-05,1.684628392941328102e-04
9.992815120149395325e-01,4.675299106246905644e-04,1.163025549969762723e-04,2.342029806071860602e-05,1.112352213780286081e-04
9.982985752233441978e-01,1.181927733561361979e-03,3.533077700081548099e-04,4.007171573217358445e-05,1.261175573540376229e-04
9.984769209123547373e-01,1.123686347622772407e-03,2.766021945905176686e-04,1.958478301327922969e-05,1.032057624187854251e-04
9.981623597271661597e-01,1.005959016568303216e-03,5.801888861227806572e-04,5.207150639138734250e-05,1.994208637513897060e-04
9.991351646247805807e-01,4.253197168373176523e-04,3.365954042925079718e-04,2.391373128581634593e-05,7.900652280381789217e-05
9.988719820625543422e-01,5.054206320875547376e-04,5.101001573139317229e-04,2.839572737878757111e-05,8.410142066530953877e-05
9.981804278488339843e-01,7.173950753641751988e-04,9.701675800714737886e-04,4.169040898193899543e-05,9.031908674837957113e-05
9.984111768855222779e-01,5.412657907144792198e-04,9.104790631448621231e-04,3.733045187397410788e-05,9.974780874439327844e-05
9.890653778781081096e-01,1.468517082021607301e-03,8.950602270190202020e-03,2.627353762134795835e-04,2.527673934667459344e-04
9.952384585978432119e-01,9.801599537870710026e-04,3.469184994517710962e-03,1.238654050954711861e-04,1.883310487565723436e-04
9.922452941068822252e-01,1.199699280708677908e-03,6.115498278828296851e-03,2.253580571959951930e-04,2.141502763847827372e-04
9.870550981490906484e-01,1.379571329742015169e-03,1.070767138876265248e-02,5.738811663831028687e-04,2.837779660214824560e-04
9.845916577039435236e-01,1.439949190048739596e-03,1.312602807672585623e-02,5.886276945853369334e-04,2.537373346967374205e-04
9.979579643522472621e-01,4.753506976818592600e-04,1.401721212485007974e-03,8.250297402483451972e-05,8.246076356098660783e-05
9.972529176811891771e-01,9.092003304857505103e-04,1.601745833689949012e-03,9.227793983074215867e-05,1.438582148045841310e-04
9.865484951208360886e-01,2.993526590136106474e-03,9.666247623419214896e-03,3.376387039893256241e-04,4.540919616192408328e-04
9.456831704672009620e-01,8.662747650718428949e-03,4.114987291862254315e-02,1.899226250307967448e-03,2.604982713149795338e-03
8.890642679291791417e-01,1.225263660835844426e-02,9.271566162519248588e-02,2.840865531006261241e-03,3.126568306263769262e-03
7.085872532074352081e-01,1.300558753279858377e-02,2.628493528089415054e-01,8.503430248441459435e-03,7.054376202383184219e-03
6.091929289327963071e-01,2.120629539919112114e-02,3.538382018654571137e-01,7.115968260959902418e-03,8.646605541595712638e-03
6.194935298824526537e-01,1.360264514237782309e-02,3.481624759470219876e-01,8.964569853415703046e-03,9.776779174731867195e-03
6.283622754062693216e-01,1.373744799809074359e-02,3.378068652164093466e-01,8.806636445994135351e-03,1.128677493323634179e-02
5.939977442651285244e-01,1.933313022250075092e-02,3.691140028618749569e-01,6.103847186888452549e-03,1.145127546360735250e-02
8.536422889324525309e-01,1.133881866760556856e-02,1.259982994919776056e-01,3.068619694263201910e-03,5.951973213700951192e-03
8.986007470331178748e-01,6.681391064576859551e-03,7.469094336383361177e-02,3.277199584233289522e-03,1.674971895423857382e-02
7.831671779651778742e-01,7.839349832753131006e-03,1.670449074770601061e-01,6.978683814279956245e-03,3.496988091072882054e-02
8.668203933083803436e-01,8.707373682383877725e-03,9.760615688135070023e-02,3.446339223075176473e-03,2.341973690480980350e-02
8.150729533285432371e-01,9.716798866437824714e-03,1.147855594366301718e-01,5.244576850879743325e-03,5.518011151750904647e-02
9.282868508963622034e-01,5.319123989023768519e-03,5.351225517699009088e-02,1.536801304311088230e-03,1.134496863331290774e-02
8.231438275808674598e-01,1.157525259435731799e-02,1.297381488166269858e-01,5.045329792400929034e-03,3.049744121574729516e-02
6.336854374332819839e-01,2.562400933208405091e-02,2.907840692844482211e-01,4.578049224706604720e-03,4.532843472547910812e-02
7.555555686251953507e-01,2.143757644527790468e-02,1.734699511718933163e-01,4.286697400774360650e-03,4.525020635685909898e-02
5.626122809374679568e-01,2.604212987853808670e-02,2.488656089097972535e-01,4.151345598617979700e-03,1.583286346755787555e-01
5.914951014958134135e-01,2.838557453912101888e-02,2.943729230011678522e-01,4.350383288050670323e-03,8.139601767584701830e-02
3.901071117700865565e-01,3.027081262741556852e-02,5.074044110793022311e-01,4.515477678845939043e-03,6.770218684434969880e-02
5.201057216646765013e-01,1.930485138651340943e-02,4.161605061166889219e-01,4.356255862034420258e-03,4.007266497008667161e-02
4.726037918607375321e-01,1.629231217054033856e-02,4.822835000488773227e-01,5.256306383299009372e-03,2.356408953654580071e-02
6.514488961705777736e-01,1.676578072214002929e-02,3.171244882679099542e-01,3.923755331967816208e-03,1.073707950740442757e-02
4.498564560133108681e-01,2.412798278881904054e-02,4.936354260347896594e-01,5.521732704763690665e-03,2.685840245831681156e-02
4.663777452070519969e-01,4.622929431809544298e-02,4.114132524823329584e-01,3.547316903069304243e-03,7.243239108945034865e-02
7.405519251835890326e-01,2.724083860017459738e-02,2.155481188390767355e-01,2.486306700991587453e-03,1.417281067616792817e-02
6.330677408994818123e-01,4.080237741727531925e-02,3.034840374384409900e-01,3.239974998229837831e-03,1.940586924657211262e-02
8.643954245361928912e-01,1.002550873788789210e-02,1.131536309267729690e-01,2.855247702780259328e-03,9.570188096365889532e-03
8.015984012430580341e-01,1.491969962171252502e-02,1.741658876247304255e-01,4.173479680347062445e-03,5.142531830152000626e-03
8.404524632044051424e-01,1.898589764006595321e-02,1.230641318608793056e-01,3.451888927802221514e-03,1.404561836684722030e-02
6.894870178230697588e-01,2.893983801125615124e-02,2.534876402469529166e-01,4.165017359591549270e-03,2.392048655912973679e-02
6.789086607362186943e-01,3.244736741672752528e-02,2.602898908735994388e-01,3.677791409877217803e-03,2.467628956357711262e-02
6.321044237949045019e-01,3.577610447141117700e-02,3.207006988526606150e-01,3.208380517992798654e-03,8.210392363030769025e-03
6.068665946066370553e-01,3.736869148206520969e-02,3.111549428549174046e-01,3.198527081661112822e-03,4.141124397471921542e-02
7.081883649680968951e-01,2.379231051385532342e-02,2.308122924434380385e-01,3.322896495948482031e-03,3.388413557866125358e-02
9.528490809078005164e-01,9.529990504775008586e-03,3.080525283590748731e-02,4.544688023388938100e-04,6.361206949178084546e-03
8.982694630280148029e-01,2.520813869071316521e-02,5.679518494832168363e-02,6.049814090859199651e-04,1.912223192386457507e-02
9.180341814486771002e-01,9.488417237569312171e-03,2.491064205500292256e-02,4.746750782147366398e-04,4.709208418053591194e-02
8.397336699630022494e-01,2.499927784620982821e-02,7.869971407578965628e-02,1.469603026297403806e-03,5.509773508870087488e-02
7.660619399864386780e-01,3.532660998162293065e-02,1.355838215044350981e-01,2.286334683042506345e-03,6.074129384446075308e-02
8.115657456890920107e-01,2.619217943830408346e-02,1.319133102688327674e-01,1.571058857333475656e-03,2.875770574643768396e-02
7.746712442241570074e-01,1.742452121468946596e-02,1.929707587933491009e-01,3.931912832580175023e-03,1.100156293522413543e-02
8.211544391023324341e-01,3.170976128462483362e-02,1.355965945278338469e-01,1.841278776013056994e-03,9.697926309195858963e-03
9.433752195670771501e-01,1.658377840424299712e-02,3.330619942007719686e-02,4.256005600782118269e-04,6.309202048524443877e-03
7.792573018489650227e-01,2.288533871064082903e-02,1.900113987812229455e-01,2.252051536057675385e-03,5.593909123113683518e-03
4.717165314401627896e-01,4.318867591185264476e-02,4.553974325754482355e-01,2.770559495058934948e-03,2.692680057747748670e-02
4.589248844671167116e-01,1.581040554114307092e-02,5.043529879863140053e-01,7.843727279074116238e-03,1.306799472635209423e-02
4.616237894989408952e-01,1.054340489310367189e-02,5.017332695616264493e-01,1.133364310018951035e-02,1.476589294613944031e-02
3.434557280696027837e-01,1.572539304761919748e-02,6.130229330322030101e-01,1.019500959031651582e-02,1.760093626025850330e-02
5.785709335180961865e-01,2.131166882374848151e-02,3.584808146353757330e-01,9.245213752888014475e-03,3.239136926989151510e-02
6.338840994167258547e-01,2.425593320817726745e-02,2.779291603646121822e-01,5.659076548958221625e-03,5.827173046152642200e-02
6.197551949039340480e-01,1.946691558557378521e-02,3.307920550483101629e-01,4.201619456721226130e-03,2.578421500546084627e-02
7.358397772611400267e-01,3.096909232460886077e-02,2.135777411863085395e-01,2.019068518519450631e-03,1.759432070942308288e-02
8.472304578882265957e-01,1.316950667804333598e-02,1.278474480054912765e-01,3.691890781458502264e-03,8.060696646780211860e-03
9.307965582737440791e-01,9.142384485333616972e-03,4.881654022201839527e-02,1.445537339977567143e-03,9.798979678926242678e-03
9.547054349200785328e-01,5.014325346222481272e-03,3.649881657479304292e-02,1.005749491290020394e-03,2.775673667615688196e-03
8.858903885433815351e-01,1.141886926635176346e-02,9.630596792736123568e-02,1.846973238905545538e-03,4.537801023999876032e-03
8.826140190922374673e-01,1.670968335657008891e-02,9.469393966595134049e-02,1.186816939447776342e-03,4.795540945793300494e-03
8.501305432247872051e-01,2.164643193206108526e-02,1.062976316748798777e-01,1.251138933252845609e-03,2.067425423501884074e-02
7.749966874774691927e-01,1.861718972119989768e-02,1.870976879532733617e-01,2.646964805926273982e-03,1.664147004213119632e-02
9.429607895328955269e-01,8.053225321899806083e-03,4.200624947531212544e-02,1.208575607383210928e-03,5.771160062509572176e-03
9.269380646995504236e-01,9.108826841236565205e-03,5.647097500759658273e-02,1.871956326805695493e-03,5.610177124810575983e-03
9.213774364307598663e-01,1.093602718464387231e-02,4.970939313967182027e-02,2.182339191938606655e-03,1.579480405298585091e-02
8.400107737889048742e-01,2.523181660969242221e-02,9.346457144882162893e-02,3.075974889274647392e-03,3.821686326330652611e-02
6.115589628295526881e-01,4.169737484315379911e-02,2.393492299563398928e-01,8.865405821610678611e-03,9.852902654934293791e-02
6.944637744531267920e-01,2.831789813177011672e-02,1.872196579275473283e-01,8.315845804499916866e-03,8.168282368305573860e-02
4.363745401937363932e-01,2.899486687603628626e-02,3.622024667147435428e-01,1.888951071678694402e-02,1.535386154986968510e-01
4.732070623003880594e-01,2.076582380185390542e-02,2.136720341690548086e-01,1.917817259827649459e-02,2.731769071304266383e-01
6.638338747475721613e-01,1.448526297539743171e-02,9.238381897466783899e-02,7.702287173824707601e-03,2.215947561285379341e-01
8.609186814615680250e-01,2.061671633474101636e-02,4.766163573239635270e-02,2.914924618995277071e-03,6.788804185229919963e-02
