8.738704257887557336e-01,7.118633688563760775e-03,2.408593390545321622e-02,8.593074139673728684e-02,8.994265220489926216e-03
9.875437719345016019e-01,1.546035264554067746e-03,9.525660121506891601e-04,7.796048085957857452e-04,9.178021980197778595e-03
9.639443420126465600e-01,1.904724810388657222e-02,3.659133903226776535e-03,6.298776103301689322e-04,1.271939836990993757e-02
9.731533202081261713e-01,1.897836478387082346e-02,2.631415056295709209e-03,2.240494859565199609e-04,5.012850465750839056e-03
9.717154785099675340e-01,8.385909301167424751e-03,3.851738945933829480e-03,5.076999522340649475e-04,1.553917329069711382e-02
9.472644229551790973e-01,1.001529659700080635e-02,2.465106354117072712e-02,5.926001707725398436e-03,1.214321519892397339e-02
9.883471515788724293e-01,1.339633394901221762e-03,1.050763394631903892e-03,3.083921870834072489e-04,8.954059444510956145e-03
9.761160720591994799e-01,8.148879091678886202e-03,2.916458479216372558e-03,4.462018825410343044e-04,1.237238848736421301e-02
9.169117536502292554e-01,1.532908383449404881e-02,5.776392203603693785e-03,5.075436782906681552e-04,6.147522663338240989e-02
9.853503162093164569e-01,7.052753326361243733e-03,1.542442530014626577e-03,7.086615096566219424e-05,5.983621783341731490e-03
9.929196242010427387e-01,3.614088413268455157e-03,4.099851669709206228e-04,2.295241359994105247e-05,3.033349805118145184e-03
9.976185030178862378e-01,1.505786771208965672e-03,1.705142347170428676e-04,1.066169533703618297e-05,6.945342808506838701e-04
9.959224048301347221e-01,2.527036659569357763e-03,2.696012873487783532e-04,1.911098150810544449e-05,1.261846241439084498e-03
9.977765179666430173e-01,5.981142590458660971e-04,9.159857559127803609e-05,1.301172292220366675e-05,1.520757475797640621e-03
9.939968564746071156e-01,2.431684698785584447e-03,5.187236181085769227e-04,4.939684128955580737e-05,3.003338367209028737e-03
9.975399220699912028e-01,1.278165565962827111e-03,1.724868407875349062e-04,1.799472032974382813e-05,9.914308029286870386e-04
9.963500215165507212e-01,1.518481889515139842e-03,2.422476597141148933e-04,1.867342668829513852e-05,1.870575507531889968e-03
9.938430903086808987e-01,1.950736105897250610e-03,2.690288409389489962e-04,1.706419165270679799e-05,3.920080552830257532e-03
9.965534058569526232e-01,7.235208665253215063e-04,1.115153821944339706e-04,1.376844395519100388e-05,2.597789450372452961e-03
9.838022116622703317e-01,4.101262387367562122e-03,6.147693183898484846e-04,5.255119839326150753e-05,1.142920543357898305e-02
9.641371508297502668e-01,9.294464092191638549e-03,1.254513091262225493e-03,7.427533142203043392e-05,2.523959665537372707e-02
8.921238434582869914e-01,1.178527247695194437e-02,3.447343576659664746e-03,2.154735185637386501e-04,9.242806696953748125e-02
8.566909721241513509e-01,1.114334184914988687e-02,3.526768854703539284e-03,2.126893457439751260e-04,1.284262278262513213e-01
8.418674759900430793e-01,1.015094111201242377e-02,2.042439866268446359e-03,9.928796982132226227e-05,1.458398550618548450e-01
9.033017275766065390e-01,5.071398964280456230e-03,7.469142311183335622e-04,4.376850849597281173e-05,9.083619071949873558e-02
9.088620817064022583e-01,3.233208011723406536e-03,6.994357260097744215e-04,4.722271792233905945e-05,8.715805183794234079e-02
8.733619022751203387e-01,8.607269248247193276e-04,2.184506145917638987e-04,2.581374672030844529e-05,1.255331064387429363e-01
8.655282952168461552e-01,2.890324993118734923e-03,9.093390622787418448e-04,7.349670009875425389e-05,1.305985440276574983e-01
9.209194481247693354e-01,1.112991349176456870e-03,2.422773986037723558e-04,2.565236646711325830e-05,7.769963076098346244e-02
9.593803761590434798e-01,1.076527340924222746e-03,1.410459565819369415e-04,1.535228012197102729e-05,3.938669826332832913e-02
9.356409942144701120e-01,9.249736005672121132e-04,1.332377239622094885e-04,1.547104060324101284e-05,6.328532342039724923e-02
8.400620395991997835e-01,8.783496412005987498e-04,2.141288905227110807e-04,2.962877265461978765e-05,1.588158530964223214e-01
9.182239267782494885e-01,1.543208256713251908e-03,2.007500692063180587e-04,2.384767357895073778e-05,8.000826722225198862e-02
9.204874146010260105e-01,6.279823172974134497e-03,1.344921070162223477e-03,9.105042934312302912e-05,7.179679072649458593e-02
9.244564703992580457e-01,1.807074139139773494e-02,3.732974261689567599e-03,1.578433327484929708e-04,5.358197061490619501e-02
9.577366585037294655e-01,2.288399716654336905e-02,2.512791776470319361e-03,6.341379763813221780e-05,1.680313875561850051e-02
9.070349149092662433e-01,2.229660720889234393e-02,3.475912722433681726e-03,1.147454860576017601e-04,6.707781967334999762e-02
8.179133667199176561e-01,1.536563509293068300e-02,7.464907416658512172e-03,3.027031088696564322e-04,1.589533876616234798e-01
7.365518126922412367e-01,1.325854272427896829e-02,1.013509060256667649e-02,4.609143686439297664e-04,2.395936396122690659e-01
8.681216488214887894e-01,7.515517800771641041e-03,2.983445350972343570e-03,1.623455859237997857e-04,1.212170424408433866e-01
8.369664431667089843e-01,1.318296315145548944e-02,7.577579557738531660e-03,4.893451196504403512e-04,1.417836690044466108e-01
9.277861842659301805e-01,2.285340930968220337e-03,6.768840943004862491e-04,5.245988254332570588e-05,6.919913082625780976e-02
8.968527790512115239e-01,4.372775327591940306e-03,1.010217374424844747e-03,7.494480893130695519e-05,9.768928343784030743e-02
9.166687799694553940e-01,4.601291107186517015e-03,1.026455025991134494e-03,6.669405993013211421e-05,7.763677983743687283e-02
8.107686540361617178e-01,4.434334511534470009e-03,1.525418687598354079e-03,1.137915855615389090e-04,1.831578011791439864e-01
7.315617588328656717e-01,9.944507656753111963e-03,3.350221926912923167e-03,1.357613978158241498e-04,2.550077501856525264e-01
7.490161973618972846e-01,8.707441275395737257e-03,3.741571741386577523e-03,2.625726706908643703e-04,2.382722169506296395e-01
7.729215127400782537e-01,8.665888235070941942e-03,2.884996427493437265e-03,1.809520483493478119e-04,2.153466505490082283e-01
6.711959310270101398e-01,1.401860013348686998e-02,6.611526482165462452e-03,3.449240330072884508e-04,3.078290183243300726e-01
6.180104919639097805e-01,1.601681852461336875e-02,2.397789871449295535e-02,2.042387343764249814e-03,3.399524034532195316e-01
7.034021172823541335e-01,7.436316035701866049e-03,1.079048398647114264e-02,1.130716686716560062e-03,2.772403660087564559e-01
7.276703325433432346e-01,2.216773846663335976e-02,2.116891386788363749e-02,1.153291764472664507e-03,2.278397233576672787e-01
6.881934682051934482e-01,1.159782882749564939e-02,1.651478895071446101e-02,1.193432734602833337e-03,2.825004812819937872e-01
6.297739442257243025e-01,1.082960003813411391e-02,1.311716348126559448e-02,9.842500693872796580e-04,3.452950421854886764e-01
6.677817550700099192e-01,1.634952795173260504e-02,1.557588296394263327e-02,1.107087755174359332e-03,2.991857462591404615e-01
7.433201840878900235e-01,1.874751099064641061e-02,2.497761584271458030e-02,1.908269452046406581e-03,2.110464196267025916e-01
8.118905174596461327e-01,2.048636651574108417e-03,2.007734758494369911e-03,3.578270955880493180e-04,1.836952840346972593e-01
7.739438239033419320e-01,2.823206189606517532e-03,3.877013033814657138e-03,7.004062621031324808e-04,2.186555506111338421e-01
7.342023463763718283e-01,4.353323875179411669e-03,4.739941513374577343e-03,7.000822170593704605e-04,2.560043060180149377e-01
9.221034381832451388e-01,1.196610110374173030e-02,3.297693864868599025e-03,2.157226029525180250e-04,6.241704424519190636e-02
9.745224597813757494e-01,9.256958632534036460e-03,1.624259133354823354e-03,7.209277174866651912e-05,1.452422968098679434e-02
9.840669999465929685e-01,1.057954267508329563e-02,1.326955851399932215e-03,3.327018938683454831e-05,3.993231337537114442e-03
9.922587499901397434e-01,5.907107852327316347e-03,4.673534431087301511e-04,1.060317499602809683e-05,1.356185539428102866e-03
9.937350660966458582e-01,5.207961312280008810e-03,2.980816530733151068e-04,6.623956333970901685e-06,7.522669816669521779e-04
9.959648339094263614e-01,3.485436029418446154e-03,1.894367954550585321e-04,4.829248057556895802e-06,3.554640176424752598e-04
9.960284582125569219e-01,3.510320193002723979e-03,1.404954939567519957e-04,4.084815695320684258e-06,3.166412847883408517e-04
9.568433499118067509e-01,3.820746176807834210e-02,2.467112797485557663e-03,3.846621242087593372e-05,2.443609310208393059e-03
9.471574596062437568e-01,4.674984001413484691e-02,2.624917214110470288e-03,3.553043865573335316e-05,3.432252726855033412e-03
9.686165803809341224e-01,1.385653161990671109e-02,2.643458433413184254e-03,1.058072842573235835e-04,1.477762228148873924e-02
9.727234315510085993e-01,4.931097612260635157e-03,1.080903836294970586e-03,6.689755184694195621e-05,2.119766944858889751e-02
9.119793043711714731e-01,3.371801069864378397e-03,6.430804476677885566e-04,5.217404040414006129e-05,8.395364007089216318e-02
9.727357525557666085e-01,3.950504760279898581e-03,5.068984229322060593e-04,2.511588888096352354e-05,2.278172837214035087e-02
9.142648678819951247e-01,3.702136999321746849e-03,1.216777990945322593e-03,1.309797316183794935e-04,8.068523739611942192e-02
9.470242001733742976e-01,1.167047370341410800e-03,2.167082122102681832e-04,2.581303619444420930e-05,5.156623120787957870e-02
9.664105333647116103e-01,5.444422185248161405e-03,4.588833559874091377e-04,2.853477266403809266e-05,2.765762632138880905e-02
9.830083727195635390e-01,3.137612549590517753e-03,4.141423454386889856e-04,2.590674887149963467e-05,1.341396563653598183e-02
9.709477399694570465e-01,3.898838646966041460e-03,5.237836019368031322e-04,2.870070792069363640e-05,2.460093707371934640e-02
9.531916097365001894e-01,4.027287840594790877e-03,6.107792096045803164e-04,4.144492948182605863e-05,4.212887828381872701e-02
9.542104120649592680e-01,3.311883951081660751e-03,5.043875316388656558e-04,3.449497097141815551e-05,4.193882148134880222e-02
9.647235453358619095e-01,5.459527146774096826e-03,1.053343826756066373e-03,5.681003046509168513e-05,2.870677366014272661e-02
9.687589990952575336e-01,1.760337799188754510e-03,5.036274048266918980e-04,5.997408626176284785e-05,2.891706161446527812e-02
9.799544027676129199e-01,3.577433858932356318e-03,9.517457434928232318e-04,5.828138544540381822e-05,1.545813624451658312e-02
9.873559960781855827e-01,1.583586015529136245e-03,2.896861271850292093e-04,2.112729835535668240e-05,1.074960448074493286e-02
9.756628317904365577e-01,6.961914529507723512e-04,1.631052950833227172e-04,2.195263240977894572e-05,2.345591882911950837e-02
8.907807520862451867e-01,1.381209300912971186e-03,3.700460656408362595e-04,5.036693319697624214e-05,1.074176256140038643e-01
8.158199073275101965e-01,1.884932362638261838e-03,4.425861890873191741e-04,5.759014475125686153e-05,1.817949839760130415e-01
8.266725257084773792e-01,1.955967348610138015e-03,3.087944766154722257e-04,3.709762456617047037e-05,1.710256148417309829e-01
8.162443750319936520e-01,8.872650860380243984e-04,1.992092648157876757e-04,3.085720332446560780e-05,1.826382934138280345e-01
8.930158295096871646e-01,1.080720273783956518e-03,1.749995991716424596e-04,2.606445068419333051e-05,1.057023861666727821e-01
8.688790407152814366e-01,7.630685678069982440e-04,1.863283381470940748e-04,2.991817837491951760e-05,1.301416442003896778e-01
8.278421244659643907e-01,9.179111741180656561e-04,2.333909135872644196e-04,4.176723966378596364e-05,1.709648062066664587e-01
8.665165079875065679e-01,1.436364802364930226e-03,2.182604416841287930e-04,3.049177523145547974e-05,1.317983749932130633e-01
8.240759036828779749e-01,1.855783862304265491e-03,3.816760570306351069e-04,5.532319220018588695e-05,1.736313132055870012e-01
8.464437866641848496e-01,1.399252724720275679e-03,2.381126821297373112e-04,3.992049887291622726e-05,1.518789274300922643e-01
7.837952463210241527e-01,7.123037571133513561e-04,1.660935722883697123e-04,3.123742971109915454e-05,2.152951189198630266e-01
8.376274508809993247e-01,1.344483853628160612e-03,2.226915651262857600e-04,3.834175333008106628e-05,1.607670319469160780e-01
8.779837908537698743e-01,2.043318905362927988e-03,5.244950748125189579e-04,7.237125474697701463e-05,1.193760239113075688e-01
8.935709816434618258e-01,2.219352483708924868e-03,7.972927433826086261e-04,1.255537944955812855e-04,1.032868193349511937e-01
8.757926385287085891e-01,2.178002192702321611e-03,6.862085685850189114e-04,9.252922127545746493e-05,1.212506214887286021e-01
7.934253037879688275e-01,1.539360490547827436e-03,9.710866329216942408e-04,1.362832478954821732e-04,2.039279658406661089e-01
7.033065580284085794e-01,9.244180536865631006e-04,8.946932007132576536e-04,1.747825162021238870e-04,2.946995482009894807e-01
7.011139486583911618e-01,7.132009424460040384e-04,3.897671015835713179e-04,9.151276107969614658e-05,2.976915705364996945e-01
6.649637092246639680e-01,6.233517325998161676e-04,3.263206762123046904e-04,8.744685467853957324e-05,3.339991715118454385e-01
6.668412537936837525e-01,7.063536438297889119e-04,2.785996279880355222e-04,6.873477854593229531e-05,3.321050581559525927e-01
6.925498141659093276e-01,6.416465884516462997e-04,2.106413018980899331e-04,5.205721551232755419e-05,3.065458407282286579e-01
7.984854433524716244e-01,5.050988757933112935e-04,1.555900748704650179e-04,3.642584026723847020e-05,2.008174418565973895e-01
8.181396150030808556e-01,5.829412347465750578e-04,1.846417016483622509e-04,4.642057276036796229e-05,1.810463814877637245e-01
8.471824469371680433e-01,4.581548379242510400e-04,3.300517252360931730e-04,1.014046814503541735e-04,1.519279418182212515e-01
8.217848017410884776e-01,6.834549601913267368e-04,3.629845296139028155e-04,1.066500062789209363e-04,1.770621087628274914e-01
8.801065131290194410e-01,5.526527158309681165e-04,1.484786143156121435e-04,3.858444057609263243e-05,1.191537711002579186e-01
8.835783689617825454e-01,7.383364947118522398e-04,1.541616775831066918e-04,4.037340773656294539e-05,1.154887594581859578e-01
8.226809854755710028e-01,8.196432777409684610e-04,2.140876017003516920e-04,4.889169948595163342e-05,1.762363919455017525e-01
8.342718173209894283e-01,1.178436104098466979e-03,2.918525328850216419e-04,5.655520447369135912e-05,1.642013388375533067e-01
8.370962544446014508e-01,8.413231188654664554e-04,1.646004328779238979e-04,3.606074035486650774e-05,1.618617612633003189e-01
8.181830514997853188e-01,1.213524185548122553e-03,2.341989501944024318e-04,4.175500947568786930e-05,1.803274703549964941e-01
8.048057616547208415e-01,7.690684940884198392e-04,2.069067594434066540e-04,4.765561798041240458e-05,1.941706074737669374e-01
7.956284605613906935e-01,7.341492938957466276e-04,1.956425506072937217e-04,5.024147597772165555e-05,2.033915061181286454e-01
7.471040360120313473e-01,1.162828216493188909e-03,2.924630862652005713e-04,5.308781253266651106e-05,2.513875848726775941e-01
8.585974907723457061e-01,8.690596802126469931e-04,1.963033790825159685e-04,3.693993443058945098e-05,1.403002062339284983e-01
7.976473820653620095e-01,6.771204578257213665e-04,3.045474353473962177e-04,6.876434672806134977e-05,2.013021856947368460e-01
8.042141145429129168e-01,1.969603948739267595e-03,6.621366557304579062e-04,8.185454392975854000e-05,1.930722903086876385e-01
9.490876485738761748e-01,1.159547596682820262e-03,3.123885139847366399e-04,4.356459900739350347e-05,4.939685071644907277e-02
7.931420554681357649e-01,1.079291549506701444e-03,4.332832681773863496e-04,8.306919904307676658e-05,2.052623005151369695e-01
6.499366277763598543e-01,1.377161556871206276e-03,4.546718207717871489e-04,8.272062321811140238e-05,3.481488182227790440e-01
7.156023748077584568e-01,1.157777460716250548e-03,3.419530868177782647e-04,6.096957875508667344e-05,2.828369250659525380e-01
6.579760001303439632e-01,1.227762873732916610e-03,3.922537057669842563e-04,6.283417526879963829e-05,3.403411491148873314e-01
8.175336120098561921e-01,9.340746930561237907e-04,4.754869436786103598e-04,9.121373729432201275e-05,1.809656126161147960e-01
8.143506611393286354e-01,8.023996655219145686e-04,3.942330332582268115e-04,8.871723520103459032e-05,1.843639889266901200e-01
7.228990844094990154e-01,8.979818944334608428e-04,4.319783802339643400e-04,8.350005296087277171e-05,2.756874552628726383e-01
8.148759249735153531e-01,7.289722213253693132e-04,3.032765760020701522e-04,6.572603081739683919e-05,1.840261001983399813e-01
7.933546506507337392e-01,9.761642099285934571e-04,3.190627714684110203e-04,6.456126404704485655e-05,2.052855611038223449e-01
6.891805789076618227e-01,1.211485198741203391e-03,4.088943794893134870e-04,7.588049037177378448e-05,3.091231610237359928e-01
6.526304873703242526e-01,1.566038074666462531e-03,3.926098263531820976e-04,5.674375129961626478e-05,3.453541209773564047e-01
6.142624994150538420e-01,1.094947802746909287e-03,3.879586749512142102e-04,6.841435646516939308e-05,3.841861797507829523e-01
6.785772820372311109e-01,1.408220843371359252e-03,3.393060501207663089e-04,5.774722049773504853e-05,3.196174438487791036e-01
7.790110310064006782e-01,2.235734832666612382e-03,5.212878930372673433e-04,7.092676526429418573e-05,2.181610195026311705e-01
8.455087498034141724e-01,6.778966243041907765e-03,1.682169761895674657e-03,1.203338097283721231e-04,1.459097803819199290e-01
7.961151225005010934e-01,5.616985522575528543e-03,2.297168964365455153e-03,1.709851256072359468e-04,1.957997378869506810e-01
8.592169089017197559e-01,3.656389566365783172e-03,1.019193591536103356e-03,8.774339314967906172e-05,1.360197645472286943e-01
7.528989346183695419e-01,2.483821103653000018e-03,8.706575609369436456e-04,8.876654338221849009e-05,2.436578201736582239e-01
8.135068481521701145e-01,7.807065345744364096e-04,2.477268909365367105e-04,4.362481623912930681e-05,1.854210936060798065e-01
8.368421203532427910e-01,1.830890888761683120e-03,3.861761656281455408e-04,5.489801004880461125e-05,1.608859145823185177e-01
8.809867064900878120e-01,2.523392235767115202e-03,1.320547384070005440e-03,1.830308133545654624e-04,1.149863230767206035e-01
8.037756488972526148e-01,1.867219787700447227e-03,6.385180246633904988e-04,9.649659077137018391e-05,1.936221166996122678e-01
7.399828596771160782e-01,2.135348406058409573e-03,5.989190037360744411e-04,7.425363176925952875e-05,2.572086192813201055e-01
7.157326182712880902e-01,1.044926415583001447e-03,4.008384565780473289e-04,6.876732058468760849e-05,2.827528495359662442e-01
7.774530537974996269e-01,2.898223903470378924e-03,2.582053291621305181e-03,3.582514748452665914e-04,2.167084175325633411e-01
8.133069741746311587e-01,2.580392029449435874e-03,1.435117758987121276e-03,2.007563662680765916e-04,1.824767596706641515e-01
7.967871835993823870e-01,1.980164675255920593e-03,4.577825282181933629e-04,5.819874750756399295e-05,2.007166704496360365e-01
9.056896319060608880e-01,2.170454852587881851e-03,3.583043737201147948e-04,4.431783083303553113e-05,9.173729103679814645e-02
8.893056077413034055e-01,7.226955757924919191e-03,9.817844801848600589e-04,5.387026037705064710e-05,1.024317817602096586e-01
8.784243568787282186e-01,5.018974368480986006e-03,1.481786948488255729e-03,1.019542186041732086e-04,1.149729275856983257e-01
8.869526778914204046e-01,3.819866210544334024e-03,8.714045908947828586e-04,6.130019285234353666e-05,1.082947511142881847e-01
8.044231065775686584e-01,1.764750270812069644e-03,4.075632607284146620e-04,5.770414773928604385e-05,1.933468757431516805e-01
8.771910225874808287e-01,2.888726851843496229e-03,5.793491383153753739e-04,6.324309635494979357e-05,1.192776583260052037e-01
9.392654689201963558e-01,5.776855503274038774e-03,2.069881514484376520e-03,1.467939929456340696e-04,5.274100006909952093e-02
9.290240485685559158e-01,3.618727056822053107e-03,6.250408809992140033e-04,6.179560959501331644e-05,6.667038788402795957e-02
9.443860041508722603e-01,5.643082567912628168e-03,6.122946907165558806e-04,5.280205081679311590e-05,4.930581653968180850e-02
9.893969470617595130e-01,1.515426584192632910e-03,1.357007155011500732e-04,1.075807614827592167e-05,8.941167562398466204e-03
9.913743942667423426e-01,2.069309868627289099e-03,1.481016667580970956e-04,1.047483352624729288e-05,6.397719364346117141e-03
9.905615745339813039e-01,2.473212229142012462e-03,1.530105183147679234e-04,1.007457044905319359e-05,6.802128148113014208e-03
9.866762308561802808e-01,2.927284380127190191e-03,1.374952349321920922e-04,9.560967222974511747e-06,1.024942856153738917e-02
9.956480588237370810e-01,1.968971707041282642e-03,6.307905726281098566e-05,4.121043255870676082e-06,2.315769368703019578e-03
9.978129553561374543e-01,1.150040925628135731e-03,3.506306044560330871e-05,2.686335591053080219e-06,9.992543221977870978e-04
9.953648917331809898e-01,3.162413527685698292e-03,9.332993568210715336e-05,4.985991888312758023e-06,1.374378811562862804e-03
9.938451128285679115e-01,4.688578806625068492e-03,1.259535964547600585e-04,5.199401190587697730e-06,1.335155367161846478e-03
9.967879968662395340e-01,2.554549864146340565e-03,6.629710633950761274e-05,2.772099875190947667e-06,5.883840633994969795e-04
9.948957123084962717e-01,4.152949105103619781e-03,9.072341326195088344e-05,4.194660968742209780e-06,8.564205121693518408e-04
9.877610836572705555e-01,1.026100121558426621e-02,2.026889765227626308e-04,6.502248030473799031e-06,1.768723902591870208e-03
9.858939708061152940e-01,1.191223877909973299e-02,2.941821571775395756e-04,7.454499433782535103e-06,1.892153758173630582e-03
9.733521318686513268e-01,2.295737338585590939e-02,6.754957733014062228e-04,1.273056900141935270e-05,3.002268403189929571e-03
9.774135032660075106e-01,1.974883608413927766e-02,7.357146248962282385e-04,1.266750636424506363e-05,2.089278518592561223e-03
9.795345006882114625e-01,1.824242733386831350e-02,7.719441047085808839e-04,1.466170812860946350e-05,1.436466165083181675e-03
9.796355166278770676e-01,1.791737678012050167e-02,1.052404311194788094e-03,1.762946379467022763e-05,1.377072817012967064e-03
9.885207448769717242e-01,1.015140575563929816e-02,6.809602244161949225e-04,1.323074489214913287e-05,6.336583980806196259e-04
9.917686184770102553e-01,7.331179388095554125e-03,3.339966929619850810e-04,8.381727851953726130e-06,5.578237140801186461e-04
9.914220104214440665e-01,7.675076771187341711e-03,3.422839718992048085e-04,8.835409917169504435e-06,5.517934255523554736e-04
9.726343241650995397e-01,2.548901120855075544e-02,9.673305986660459595e-04,1.554163293917633674e-05,8.937923947446537636e-04
9.658442214655289515e-01,3.163697882521039617e-02,1.467480011490735620e-03,2.287725879005728327e-05,1.028442438979757781e-03
9.023831440905171197e-01,9.235831556949797294e-02,3.742931281828239688e-03,3.530417724116827476e-05,1.480304880915526283e-03
7.373862191233673258e-01,2.487272160134033627e-01,1.128164558194319662e-02,6.019637264737081044e-05,2.544722908638785870e-03
6.739247162152932624e-01,3.043809614150166376e-01,1.854640678040433630e-02,6.710317906155881815e-05,3.080812410224258689e-03
3.945730919049317276e-01,5.638526230390972227e-01,3.790111699398001494e-02,7.972998205211974116e-05,3.593438079938906203e-03
2.068265747699092050e-01,7.275100111425057969e-01,6.233142688289387140e-02,7.591507440820950052e-05,3.256072130283003182e-03
3.794504635243152180e-01,5.522647717032667103e-01,6.536916378334171884e-02,1.104309652179861020e-04,2.805170023858318592e-03
3.357918122236090430e-01,5.926577193635884644e-01,6.819459544977557464e-02,1.202042628718200313e-04,3.235668700155237745e-03
2.044791057913867005e-01,6.895883506480821046e-01,1.018851310771219376e-01,1.505702049870555044e-04,3.896842278422214725e-03
2.135381187298270866e-01,6.841844319255261375e-01,9.915066289730310733e-02,1.392274698399176096e-04,2.987558977503652641e-03
3.196606625441677507e-01,5.870478777837900841e-01,9.025183538968999108e-02,1.513191215756789056e-04,2.888305160776405943e-03
3.397840587653229161e-01,5.529827039409802580e-01,1.047862203959936261e-01,1.791886039046817071e-04,2.267828293798530154e-03
1.271502649880024705e-01,6.909991735006379976e-01,1.787438761486268013e-01,1.769345400943965170e-04,2.929750822638144733e-03
2.064458545208674445e-01,6.171305691446961061e-01,1.735734345338605378e-01,2.214639874430582864e-04,2.628677813132718980e-03
8.006824462744679960e-02,6.282834999533082332e-01,2.881180172719985944e-01,2.324135632151022135e-04,3.297824584031230910e-03
7.190907168357003887e-02,6.178567523429773223e-01,3.060570697266304929e-01,2.306606631461938998e-04,3.946445583675956340e-03
1.240866930478688318e-01,4.682740549376726014e-01,4.052654461831696753e-01,4.370732833549798415e-04,1.936732547933950419e-03
2.395029805637432230e-01,4.448326197772011215e-01,3.113255722777934498e-01,5.475854779122994254e-04,3.791241903349802395e-03
6.826341299885654301e-01,1.961181422840312660e-01,1.104769505459550633e-01,4.739590350720194328e-04,1.029681814637622810e-02
9.723028458841544985e-01,1.138680219720389526e-02,4.476591391874723894e-03,7.116091917491428596e-05,1.176259960759203950e-02
9.853339229570504676e-01,1.006050061499235565e-02,2.160773107374422668e-03,3.414532263204044730e-05,2.410657997950679202e-03
9.457787955873435681e-01,4.391631232323076062e-02,5.694357296699815475e-03,6.471937327586521583e-05,4.545815419450069221e-03
9.600791386284872608e-01,3.320316901564439316e-02,3.100122459083922213e-03,4.016018352620384548e-05,3.577409713258201344e-03
9.943446463013623227e-01,4.640895107267828217e-03,3.037545067008947763e-04,8.633943101567027577e-06,7.020701415674397965e-04
9.904414864395388873e-01,8.227551915140867214e-03,4.948636550728900381e-04,1.243058730224441722e-05,8.236674029453221147e-04
9.841313115370425857e-01,1.423969571567338874e-02,6.386378144816001702e-04,1.534493515145843410e-05,9.750099976509098978e-04
9.908168581711573886e-01,8.406958077257773929e-03,2.808778281855637085e-04,7.449620060101106226e-06,4.878563033390453420e-04
9.965534548830122796e-01,3.125822110949145593e-03,1.237335666484135511e-04,3.952990570082900370e-06,1.930364488200913620e-04
9.956905305711130083e-01,3.936909909860474011e-03,1.672509711781292898e-04,4.562074965013027835e-06,2.007464728837094229e-04
9.659187628205447851e-01,3.213466216406588027e-02,8.369997171563616943e-04,7.594434616723521011e-06,1.101980863616213282e-03
8.559693830503172229e-01,1.370939855252273076e-01,4.298925760243187295e-03,2.022858202867371073e-05,2.617477082183608007e-03
8.436757992689732921e-01,1.479860788562463170e-01,5.358920568589583926e-03,2.003472416439121804e-05,2.959166582026414097e-03
7.408483483143722959e-01,2.463819151157640164e-01,9.012932122699979925e-03,2.697144046187388637e-05,3.729833006701717846e-03
6.835601549930389043e-01,2.952277367308391298e-01,1.638711226363333620e-02,3.729631014409454603e-05,4.787699702344519644e-03
3.126690320489134978e-01,5.989935250608763306e-01,8.326156417478383642e-02,8.611176679432951857e-05,4.989766948631983376e-03
4.628935950194336124e-01,4.524392052098791250e-01,7.929381634519676314e-02,1.074842413685877173e-04,5.265899184121840271e-03
4.554502629356622645e-01,4.403205841615153715e-01,9.931598988527443050e-02,1.387423679970044993e-04,4.774420649550998631e-03
6.157836567883041567e-01,2.975547383628204257e-01,8.251245970193951673e-02,1.702440244151191557e-04,3.978901122520644637e-03
2.964712240490566253e-01,5.170190536525974823e-01,1.827493188172384930e-01,2.095735741579030054e-04,3.550829906949541648e-03
1.396609736056027284e-01,5.418342402427431814e-01,3.100620837170172672e-01,2.461879909200333986e-04,8.196514443716712908e-03
4.411703248146415790e-01,3.791067955685127333e-01,1.695734551723017403e-01,2.247894532952927731e-04,9.924634991248570959e-03
1.866342570565544812e-01,5.206182083337906885e-01,2.868375158582887052e-01,2.410185312597232135e-04,5.669000220106455191e-03
9.309447854456689986e-02,5.169431518614906462e-01,3.847229788942944095e-01,2.669533524091561682e-04,4.972437347239028020e-03
6.032663848579144367e-02,5.273942186550079070e-01,4.074960971415349520e-01,2.371207532479280950e-04,4.545924964417924659e-03
3.353170571444823861e-02,4.433672673118891905e-01,5.171291378075568712e-01,2.841645970912542595e-04,5.687724569014532446e-03
3.231536328882034237e-02,3.546833991887526349e-01,6.057524892235622849e-01,3.271903700871774730e-04,6.921557928777566197e-03
2.384694124800943588e-02,3.533612995774400023e-01,6.100429924539718662e-01,3.292345165560276333e-04,1.241953220402255108e-02
5.487995290171230472e-02,3.855515891001555229e-01,5.463958261302230834e-01,3.624940135516000980e-04,1.281013785435749890e-02
5.137205443451720033e-02,3.572028383804390361e-01,5.632773886397484109e-01,3.854000641496117732e-04,2.776231848114573894e-02
5.436961263612646172e-02,3.509875637358229605e-01,5.679653811351513815e-01,3.698181160158165847e-04,2.630762437688340116e-02
1.947164045101041074e-01,2.662539731665320430e-01,4.088453537112115566e-01,7.403713518931992347e-04,1.294438972602590665e-01
5.669856561305548492e-01,1.220745609405065046e-01,2.215424941272258197e-01,1.329580877298908127e-03,8.806770792441381834e-02
8.366748957240401907e-01,3.242037813461615819e-02,5.406248295151826894e-02,1.353953696686787007e-03,7.548828949313865500e-02
9.856316717022078899e-01,5.687173826202227521e-03,3.521121668923134652e-03,1.606207499749942071e-04,4.999412052691634863e-03
9.889262708847241790e-01,7.629862109101153735e-03,1.730772137308081351e-03,6.656710902996885201e-05,1.646527759836424309e-03
9.954583793104542222e-01,3.077441194338602273e-03,3.054085137253654842e-04,1.889378045903590975e-05,1.139877201022813924e-03
9.981429855334801315e-01,1.430436678396787738e-03,1.039774719819575158e-04,7.350739682824615732e-06,3.152495764583060334e-04
9.977123363805624479e-01,1.890061139265767059e-03,8.108924873795110317e-05,5.204358147710428131e-06,3.113088732862197001e-04
9.959903140585752990e-01,3.425033458254567609e-03,1.043666305549583958e-04,5.347460321111669860e-06,4.749383922939336643e-04
9.984656857229928795e-01,1.309799917621561581e-03,4.298722382053412147e-05,2.869522655083325097e-06,1.786576129100989291e-04
9.974125296289079179e-01,2.242037126025080238e-03,7.420879282968088594e-05,4.013859051194696898e-06,2.672105931862172527e-04
9.928406506376600271e-01,6.558135139431021943e-03,1.947052348067449977e-04,7.019099458888585630e-06,3.994898886432322925e-04
9.889990890112609900e-01,1.014321914468708022e-02,3.617454395737541460e-04,8.668263991703011945e-06,4.872781404865440076e-04
9.457617743344368666e-01,5.110579756707863547e-02,1.882830474826525154e-03,2.133667579429313890e-05,1.228260947863745074e-03
7.536692598734001658e-01,2.322346036310233008e-01,1.102657307907828864e-02,4.750125506764897305e-05,3.022062161430721493e-03
9.407040505634945982e-01,5.015332685509193977e-02,8.089271460095750002e-03,5.444557157912085089e-05,9.989055497387413097e-04
9.802835396413646096e-01,1.563873162883788401e-02,3.315482549889095867e-03,4.205906143104254282e-05,7.201871184773718558e-04
9.936873371609079575e-01,4.623063097121088254e-03,1.157017706068645593e-03,3.338590542217178034e-05,4.991961304800289446e-04
9.970565736812742053e-01,1.353376164786597880e-03,2.884710569050639366e-04,2.247378842538161854e-05,1.279105308608533475e-03
9.964890132572177261e-01,1.189109045854661690e-03,3.096042553378107898e-04,2.930691038445483733e-05,1.982966531205439947e-03
9.972309160759093016e-01,1.124575596960496931e-03,3.694739806269494798e-04,3.178478302843222738e-05,1.243249563474928916e-03
9.962013604390504984e-01,1.412766617093252127e-03,3.941572783814149394e-04,3.222721536921729414e-05,1.959488450105574021e-03
9.968679628175097784e-01,1.246297872186567486e-03,5.859997743514202499e-04,6.489155239171701627e-05,1.234847983560463181e-03
9.979141091078966852e-01,1.233407038128778079e-03,4.747536425419124307e-04,3.858438663703904394e-05,3.391458247954679331e-04
9.986699571451898017e-01,1.002719808166564275e-03,1.640946824937903150e-04,1.251391647422936212e-05,1.507144476754936882e-04
9.969792831141205403e-01,2.270363583219433320e-03,5.050766626738444282e-04,3.291686966603170843e-05,2.123597703200599005e-04
9.989257632609119808e-01,5.541704980349760950e-04,1.364302186913167578e-04,1.851369453031195857e-05,3.651223278312909818e-04
9.985840202551307110e-01,7.879747595505480961e-04,2.146585034070065136e-04,2.328548969405132190e-05,3.900609922177916689e-04
9.990804480662121012e-01,5.129973050200068189e-04,1.313583323540655316e-04,1.798405804055904910e-05,2.572122383732481049e-04
9.973168803982537245e-01,1.549331226496895603e-03,4.711748430045192035e-04,6.776494960473472713e-05,5.948485826401858070e-04
9.969405728550448931e-01,1.667229598026426880e-03,4.373426210859599665e-04,4.611664430751791894e-05,9.087382815352901700e-04
9.954558024657352844e-01,2.886210663008112985e-03,7.191054597386592993e-04,6.666715266330004198e-05,8.722142588545689183e-04
9.981195393388827553e-01,1.464266994339377421e-03,2.088024835010689727e-04,1.510794728683957273e-05,1.922832359901093056e-04
9.950437261399270872e-01,3.703795729228070901e-03,7.683181103856095463e-04,5.349843046375801081e-05,4.306615899954323811e-04
9.964421073615681301e-01,1.355695895858604174e-03,5.404872542262698955e-04,8.866662929268376639e-05,1.573042859054402673e-03
9.981351524521610008e-01,7.853008260008372335e-04,3.348193617499755498e-04,5.119202713296249646e-05,6.935353329550633748e-04
9.976834323302247176e-01,9.926085072636764515e-04,2.368668270320804792e-04,3.437135869644643315e-05,1.052720976783032541e-03
9.980135002205505756e-01,8.517463814567013090e-04,4.620362019538646887e-04,9.919953131503833556e-05,5.735176647238147876e-04
9.992022365074623158e-01,3.804233976971314792e-04,1.842518597633420853e-04,4.500153945000668980e-05,1.880866956272989152e-04
9.988599489242729890e-01,6.060760136667223651e-04,1.905048264329439473e-04,4.710434477156086422e-05,2.963658908558078906e-04
9.986478085840517771e-01,8.050663182633097017e-04,2.151762113902472133e-04,5.454898761761638431e-05,2.773998986769663443e-04
9.987490892951099708e-01,5.096032119127093512e-04,1.638828880674332990e-04,5.546152637666433891e-05,5.219630785331891374e-04
9.988642910453922052e-01,3.986219043797434476e-04,1.820150964529209791e-04,7.454246785368578423e-05,4.805294859212925628e-04
9.952180158311815239e-01,5.392987962850026833e-04,2.332659774944744119e-04,8.416160909175107166e-05,3.925257785947247960e-03
9.898162644969772384e-01,5.703667930953255178e-04,2.028780015947585639e-04,5.804285349210825740e-05,9.352447854840316432e-03
9.486819801137033048e-01,1.830655184886395732e-03,4.077582390865211784e-04,8.545454936479409227e-05,4.899415191295899974e-02
9.546005604915064335e-01,1.103318935656142459e-03,2.709214311378966818e-04,5.852226639163766433e-05,4.396667687530791263e-02
9.487699096888176920e-01,9.018875178457397930e-04,3.176250462895033539e-04,7.115874399187627024e-05,4.993941900305523540e-02
9.441140448469778068e-01,3.451768858298848684e-03,1.519798435788263487e-03,1.751584722137802775e-04,5.073922938672136701e-02
9.378469972930162379e-01,2.248561560403422501e-03,1.539900355405377300e-03,1.732646014447002634e-04,5.819127618973014143e-02
8.086242933899946417e-01,1.841583608571136779e-03,1.584680776958419897e-03,2.217483564367282148e-04,1.877276938680392526e-01
8.848571581200465053e-01,1.530559411279740862e-03,2.517184224621256058e-03,3.081758395446705960e-04,1.107869224045078399e-01
8.875299507765646023e-01,4.237450276771519142e-03,2.991100894260429605e-03,1.976804013482311433e-04,1.050438176510551241e-01
9.607216004563293721e-01,7.587776294089873617e-04,4.957593445554276139e-04,5.368572071650519858e-05,3.797017684898970624e-02
9.496735005738470292e-01,1.044286483179840495e-03,6.771974120431624358e-04,7.393978523702867745e-05,4.853107574569301419e-02
9.597825163882639510e-01,1.205643663737810973e-03,7.686517040272376278e-04,7.387905614108470297e-05,3.816930918782986820e-02
9.968017889340752280e-01,4.330419622080666450e-04,1.238936111482107343e-04,1.227147649543873101e-05,2.629004016073018240e-03
9.890472082624435224e-01,5.035867944985346562e-04,1.629977541245671664e-04,2.645454190770375332e-05,1.025975264702558461e-02
9.827097764071441865e-01,4.056086896507420689e-04,1.521621087614885960e-04,2.760039112919725063e-05,1.670485240331436722e-02
9.504940169538588224e-01,9.631021233636466320e-04,5.377005784666047004e-04,8.292586418708390941e-05,4.792225448012395195e-02
9.473320974538063100e-01,5.283878110211219590e-04,3.112350075192912174e-04,5.521084198887750015e-05,5.177306888566443610e-02
9.626140649465163568e-01,3.899967153718109807e-04,2.601980714058956868e-04,5.383359857558975379e-05,3.668190666813017642e-02
9.551808320512824579e-01,3.928907951127632420e-04,2.004834704807428500e-04,4.391900040891072958e-05,4.418187468271505408e-02
9.451639585037688862e-01,5.028604480855362793e-04,2.303199947601302950e-04,5.324643910221368734e-05,5.404961461428323816e-02
9.184008856342412708e-01,7.107289547683379475e-04,3.342881568844841586e-04,6.208451714956405470e-05,8.049201273695644199e-02
9.336501975102950990e-01,6.746264671612500069e-04,2.214053667201660192e-04,3.954102226021465380e-05,6.541422963356327558e-02
9.505370742803213036e-01,6.046615931101994527e-04,1.699698479411228464e-04,2.805238390201134470e-05,4.866024189472535622e-02
9.654850554055611767e-01,5.965729160010594745e-04,1.003882374385533312e-04,1.618388516133939851e-05,3.380179955583773044e-02
9.758738798804164061e-01,3.134741959212913442e-04,5.576781855567442415e-05,1.101911647003209568e-05,2.374585898863652497e-02
9.620254420499267933e-01,5.318396867478419584e-04,1.045442919592874014e-04,1.744964542591408800e-05,3.732072432594014250e-02
9.276169602312539508e-01,6.773219120655019423e-04,1.797045297464201644e-04,3.183746630641411617e-05,7.149417586062778440e-02
9.893768050168695316e-01,3.702554735316315477e-04,6.408949451461785592e-05,9.621507054353069255e-06,1.017922850802970708e-02
9.849456324946590513e-01,4.589981744221399381e-04,8.646434686682854501e-05,1.288297752165337096e-05,1.449602200653021464e-02
9.590704865911933164e-01,5.810744034104800429e-04,1.232026485655813848e-04,2.142467022237745802e-05,4.020381168660813742e-02
9.733366155084324234e-01,3.835082631810034812e-04,7.193289348644795660e-05,1.231441290034564110e-05,2.619562892199965576e-02
9.791015896471730873e-01,9.505419460424693575e-04,1.824757066883313109e-04,2.099691146230441173e-05,1.974439578863388181e-02
9.857989604101358161e-01,4.211477140333823592e-04,9.467943495391432235e-05,1.284094745731825129e-05,1.367237149341939476e-02
9.788365046807457892e-01,4.688491400474111372e-04,8.427257059865663055e-05,1.095756039638303744e-05,2.059941604821172167e-02
9.741295905792217713e-01,6.751316740353216278e-04,8.226127418231554114e-05,1.214111103174161249e-05,2.510087536152880508e-02
9.749921638638642252e-01,5.382105925911744937e-04,1.163985031519570757e-04,1.946348164431144299e-05,2.433376355874827118e-02
9.668164924116464665e-01,4.085185404495443508e-04,7.307958857348417661e-05,1.487827924596659283e-05,3.268703118008467468e-02
8.924340824799809058e-01,9.373118486725412306e-04,1.856341714273361716e-04,3.621380532257828386e-05,1.064067576945968291e-01
9.224613495835511934e-01,6.339906961454863828e-04,1.704233199404692504e-04,2.761494616225155103e-05,7.670662145420061029e-02
9.363274219779419427e-01,1.637225243307950575e-03,4.348580913736786865e-04,5.315587235864375213e-05,6.154733881501781717e-02
9.422731936787340778e-01,2.278702255654627747e-03,5.744671937838369052e-04,6.250101459203564536e-05,5.481113585723539766e-02
9.247638855124733492e-01,3.717566069628791721e-03,6.355958314935524801e-04,4.917930941251732037e-05,7.083377327699175163e-02
9.758822366641844992e-01,4.710840609745406068e-03,5.548620636288742382e-04,3.221345179030998167e-05,1.881984721065089322e-02
9.808856103877775512e-01,2.563544214876551514e-03,2.370187664276235146e-04,1.657839706022254381e-05,1.629724823385811025e-02
9.292049841398092314e-01,2.639029869661493194e-03,2.518957164204834571e-04,2.285836242838454199e-05,6.788123191168027315e-02
8.817456494337947426e-01,2.933583857399479130e-03,3.462241099446252465e-04,3.556799693807897176e-05,1.149389746019231634e-01
8.657692901836978594e-01,1.344142483681341716e-03,3.870114556461762105e-04,5.274643284261866679e-05,1.324468094441319244e-01
9.207323371287687852e-01,1.030591906781037599e-03,2.004959111999664160e-04,2.897872994234553315e-05,7.800759632330803162e-02
