6.451387300642241751e-01,7.474060910131574524e-03,4.390951214970449656e-02,2.991452226716039831e-01,4.332474204335820187e-03
9.884429121814126695e-01,3.181055756567143043e-03,3.349893233862360521e-03,3.876320685774196917e-03,1.149818142383371086e-03
9.893904675950224714e-01,6.142900020389722646e-03,2.127026959126063470e-03,5.414254457894624199e-04,1.798179979672116660e-03
9.950092831526691217e-01,2.573367791426972584e-03,5.993388788428453268e-04,1.150861174519233793e-04,1.702924059609240044e-03
9.962413486359372738e-01,2.326833683396425760e-03,9.106220067999386877e-04,1.244481646192807569e-04,3.967475092471045833e-04
9.955217896158925495e-01,2.728363833325123892e-03,1.142726218828462020e-03,9.516929175877410544e-05,5.119510401951148874e-04
9.852302550765892342e-01,9.038036421747722843e-03,2.438954838171219618e-03,1.665863275856575279e-04,3.126167335906164003e-03
9.213133172127619952e-01,3.148078079145542885e-02,2.155920980687848001e-02,6.829089937027887566e-04,2.496378319520139999e-02
9.286694246702352773e-01,2.981605780496640601e-02,2.180672946836537812e-02,4.155535553377938006e-04,1.929223450109524354e-02
9.789583907481439473e-01,7.599508854784772088e-03,1.041132706889498494e-02,2.625101057184384850e-04,2.768263222457720187e-03
9.897414469950416294e-01,5.610993033510749614e-03,3.857660262205848348e-03,1.181020981479399996e-04,6.717976110939721020e-04
9.967373591192288940e-01,1.572234889087837035e-03,6.843987361357872171e-04,3.509108783126743263e-05,9.709161677160769739e-04
9.948699704626262630e-01,2.546777785954630873e-03,1.174074237890807308e-03,9.334586417227141585e-05,1.315831649356004459e-03
9.915938612018222464e-01,2.917270253053398568e-03,2.812732890610454388e-03,3.209049462344575445e-04,2.355230708279532938e-03
9.926794866038128884e-01,3.116329383771468311e-03,1.876040332802307890e-03,1.921462252104621767e-04,2.135997454402967666e-03
9.940371269545611455e-01,2.070231119267299663e-03,8.505692488619817160e-04,6.636311653290589854e-05,2.975709560776647333e-03
9.884209856142432971e-01,4.048699052777497004e-03,2.557434307006468781e-03,1.979359118076132401e-04,4.774945114165168696e-03
9.956974949774389794e-01,1.518219847797119522e-03,5.201579905049738724e-04,6.385421739170784108e-05,2.200272966867151958e-03
9.982145610546615533e-01,5.259379527227160157e-04,1.516176546318941251e-04,2.676104503310752604e-05,1.081122292950609199e-03
9.975504638237936428e-01,1.235455321940166686e-03,3.264639281440757370e-04,4.144775347044126330e-05,8.461691726515660266e-04
9.892575979811377707e-01,6.785501019426013955e-03,2.182480032458359448e-03,1.708729464282557797e-04,1.603548020549627967e-03
9.890812333343264040e-01,5.822954618769878195e-03,3.925386241121908357e-03,3.889814807422379509e-04,7.814443250395195590e-04
9.845407549442790618e-01,9.942571568855090511e-03,3.839136662553762659e-03,2.868409059074247163e-04,1.390695918404782731e-03
9.359384931186013334e-01,4.060969455743350387e-02,1.291188192999598826e-02,4.630307987761267483e-04,1.007689959519292126e-02
8.403632074926197237e-01,1.005185374052460501e-01,3.292097601017748842e-02,4.880005405567345092e-04,2.570927855140008045e-02
8.175308492553360340e-01,1.121516363741475453e-01,2.898618738802061917e-02,4.232366420430107821e-04,4.090809034045254228e-02
7.835103956968088035e-01,1.383604513319760254e-01,2.997092411072483503e-02,3.408874284962001150e-04,4.781734143199417586e-02
6.430281984062657941e-01,2.487940989471603692e-01,4.345034611929682322e-02,4.751161330010425076e-04,6.425224039427608613e-02
4.662233227306920025e-01,4.184915683891673455e-01,7.424567808473635233e-02,3.284016241991776180e-04,4.071102917120512921e-02
5.975114780086555610e-01,2.669806851246986357e-01,5.398100804676218833e-02,3.408977403950999921e-04,8.118593107948843257e-02
4.850640995471079409e-01,3.563539766081584848e-01,1.129506379581644709e-01,4.789000470336961506e-04,4.515238583953545826e-02
5.741921450398660420e-01,3.075070495014518013e-01,6.958953144469871843e-02,3.739353309968497649e-04,4.833733868298648040e-02
4.953809714399105557e-01,2.752205862564633954e-01,9.010195457731483282e-02,6.245908269133321417e-04,1.386718968993979062e-01
7.702508509196753783e-01,1.024268359826394637e-01,4.145435875108145762e-02,4.788807718444288613e-04,8.538907357475920834e-02
8.850845466337682321e-01,3.756841667118956257e-02,1.666132237291933355e-02,3.599243706874622438e-04,6.032578995143531714e-02
8.328608645634980601e-01,6.300920941627678740e-02,2.336791725003410647e-02,4.942198470791877782e-04,8.026778892311178804e-02
8.145126991563782504e-01,6.062408612650655587e-02,3.004663654369498990e-02,7.960046302614220493e-04,9.402057354315890292e-02
8.390640530899297067e-01,4.509710230749360005e-02,4.692889631412853341e-02,3.529133229990856057e-03,6.538081505845726171e-02
7.702519362544439918e-01,4.305284944489918414e-02,9.130162838102846845e-02,1.040577601026577634e-02,8.498780990936261048e-02
8.072871780675656694e-01,2.331613556129163642e-02,9.607865082302070869e-02,1.548089047415966701e-02,5.783714507396243293e-02
8.332434452204482422e-01,2.412719635646908348e-02,6.327637387086687548e-02,6.353858878792470639e-03,7.299912567342345393e-02
8.722236245640337948e-01,1.567805408445850993e-02,2.609859057632583565e-02,3.547456760375842632e-03,8.245227401480598184e-02
8.295396371372916189e-01,2.002000849944716304e-02,1.888579693570920787e-02,2.168716315707468634e-03,1.293858411118445906e-01
8.701618559948267606e-01,2.309323701880419688e-02,1.737818611385808301e-02,1.431725319280877573e-03,8.793499555323013028e-02
7.599716138195821147e-01,2.649875763379268279e-02,5.732786090397830325e-02,5.790434580470452640e-03,1.504113330621765776e-01
8.546675529124789783e-01,1.757316683282976813e-02,3.526241853143727289e-02,4.595352368513633268e-03,8.790150935474025373e-02
9.052975125970992298e-01,1.830068488203004731e-02,2.436101765967134750e-02,4.202139021265466519e-03,4.783864583993401726e-02
9.109908624686535727e-01,1.625859012602488482e-02,3.842848514129093562e-02,6.310095770432614347e-03,2.801196649359801241e-02
9.814332464559319957e-01,6.566435065464822605e-03,5.920545072511981810e-03,7.778789554695241058e-04,5.301894450621659483e-03
9.808157823248372376e-01,1.074014862613863197e-02,6.222355816500910880e-03,3.467420696384069471e-04,1.874971162884833675e-03
9.892045043810311356e-01,7.027671067020126519e-03,2.268905921785128142e-03,1.008851565745686255e-04,1.398033473589246076e-03
9.914472727777096095e-01,3.943019467298797612e-03,1.394377290233668725e-03,1.113127083199174164e-04,3.104017756438055137e-03
9.935269681796360386e-01,3.638199314501806489e-03,1.411702775257127514e-03,1.117363096002799584e-04,1.311393421004908560e-03
9.964238561860009336e-01,2.363047058279834148e-03,6.788579271437618790e-04,6.921922758291911958e-05,4.650196009925810603e-04
9.983481452108552423e-01,1.116919993744941008e-03,2.912817693462127185e-04,3.516833515966354465e-05,2.084846908940914676e-04
9.977681012389928439e-01,1.516699391821262326e-03,4.114075145011630548e-04,5.958232854955063633e-05,2.442095261351148110e-04
9.984871726225834632e-01,1.051429865094398019e-03,2.551575291310154213e-04,3.220799339180518110e-05,1.740319897994544764e-04
9.979884580604572175e-01,1.501128902749029837e-03,2.806951198660671810e-04,3.351567174557392695e-05,1.962022451822191755e-04
9.965773004447847638e-01,2.645830105934934926e-03,5.271789327698427020e-04,6.152396418793298623e-05,1.881665523224413370e-04
9.938747007323504024e-01,4.908642719980574678e-03,8.132212713390977142e-04,8.946607045033753991e-05,3.139692058797235227e-04
9.956813763703010745e-01,3.184215930938077282e-03,4.858563931026593156e-04,5.929032241852740621e-05,5.892609832395876010e-04
9.933887146291860981e-01,5.000349888348191302e-03,7.789358978120853325e-04,7.309033435880501334e-05,7.589092502948872410e-04
9.953206048117546612e-01,3.406851831174853140e-03,8.359539242196098712e-04,8.527313713498969232e-05,3.513162957159353091e-04
9.948758174958860501e-01,3.968214473507565912e-03,8.364149509917838616e-04,7.194574470310646243e-05,2.476073349116553234e-04
9.961434367347270502e-01,2.841409639795584169e-03,7.555513567410038472e-04,9.729601211510266110e-05,1.623062566209708120e-04
9.965293467368090408e-01,2.531044065735201659e-03,7.148504440793993940e-04,1.111639925886914352e-04,1.135947607877802373e-04
9.962055982508946084e-01,2.950390631932263245e-03,5.813922148450736092e-04,9.089916353062259464e-05,1.717197387974583780e-04
9.970310873415130226e-01,2.355513353616195404e-03,4.414524916119742207e-04,4.941398252559285690e-05,1.225328307332699737e-04
9.944294401178307430e-01,4.516580877688036039e-03,7.999601708165479230e-04,8.111104878405932847e-05,1.729077848807400214e-04
9.937975137721247743e-01,4.907157721518905918e-03,8.323614028664835492e-04,1.073775516680072816e-04,3.555895518219141858e-04
9.946353756038071037e-01,4.116294355224721542e-03,7.497394184153249831e-04,8.469349439638086013e-05,4.138971281566704275e-04
9.960889137001091020e-01,2.932908496787968531e-03,6.070390078353869344e-04,6.730680082066449726e-05,3.038319944469814252e-04
9.943639176215898212e-01,4.187427361120898452e-03,7.684223901117994684e-04,8.825134186657022841e-05,5.919812853109201762e-04
9.951341864827958350e-01,3.422956291349308830e-03,6.728652818031871522e-04,5.978196084643723420e-05,7.102099832054308655e-04
9.911589106381295533e-01,6.298027594438329602e-03,1.597648260067098189e-03,1.398465995897571327e-04,8.055669077751071100e-04
9.925083310401026093e-01,4.867497401270207309e-03,1.725951092611674063e-03,1.806436055443976635e-04,7.175768604711317816e-04
9.968353247425516539e-01,2.045647011825950205e-03,7.168036290009681876e-04,6.503335956470809843e-05,3.371912570568102768e-04
9.890717677678952935e-01,5.946307874144868971e-03,4.045645505760626578e-03,5.002819746375656304e-04,4.359968775615248224e-04
9.839432022615657303e-01,9.610819228897071048e-03,5.100982150784131273e-03,6.661065391452641003e-04,6.788898196078414597e-04
9.565453706642907949e-01,1.505829120771447899e-02,2.255774954467934523e-02,4.890146912211654900e-03,9.484416711036837552e-04
9.851094647315428166e-01,4.411425212581286844e-03,7.307836650933556902e-03,2.691550974599219489e-03,4.797224303430003018e-04
9.921177976209903937e-01,2.782155829403357757e-03,3.581631235877866769e-03,1.129123472321634600e-03,3.892918414066180418e-04
9.911216145763935836e-01,3.008618596524282891e-03,4.114129688814974033e-03,1.440739040933457270e-03,3.148980973335671293e-04
9.957818206849640141e-01,1.778791758389470200e-03,1.235027367953773873e-03,3.965720469807271806e-04,8.077881417121195087e-04
9.978452712409935366e-01,1.268128584637829561e-03,5.451865661625393978e-04,1.198333026544293531e-04,2.215803055515462529e-04
9.983647144481172520e-01,9.591228753011090151e-04,3.005633578758188794e-04,7.692976997931524658e-05,2.986695487264016068e-04
9.984851650164900949e-01,9.376142338954733275e-04,2.508253801996973933e-04,5.602092944843651862e-05,2.703744399662135096e-04
9.985419770431376296e-01,8.464362628176298536e-04,2.024224397382890569e-04,3.844524177850766464e-05,3.707190125279065948e-04
9.987404564514158478e-01,6.625613447918202994e-04,1.649655007704526829e-04,3.177550262500561477e-05,4.002412003967973741e-04
9.974746394105862279e-01,1.676469522416919929e-03,3.878068681960736611e-04,7.968181387693890462e-05,3.814023849237898689e-04
9.977540702702087927e-01,1.383666599583906372e-03,5.656842484740789859e-04,1.127493466386999497e-04,1.838295350947271450e-04
9.974097983831449188e-01,1.588333103225153618e-03,5.752535230226297255e-04,1.334640412501551690e-04,2.931509493571828160e-04
9.983239375335669630e-01,1.061723399856165633e-03,3.203990437389334480e-04,7.048954329073256074e-05,2.234504795471048898e-04
9.980280002823791463e-01,1.340681683447515846e-03,3.796539316323086031e-04,5.739608193642139019e-05,1.942680206047361425e-04
9.977173413004504221e-01,1.351205658683836928e-03,4.986529130676002966e-04,1.047807742664482611e-04,3.280193535315439695e-04
9.972454436086249929e-01,1.718307989939016692e-03,5.826827693204932176e-04,1.268236241313769807e-04,3.267420079841963491e-04
9.962186636798642247e-01,1.937546990166034511e-03,1.153155196651127999e-03,3.976081590129713341e-04,2.930259743056847768e-04
9.951080781085167581e-01,2.549618025497779692e-03,1.488395978395789078e-03,4.545612560165299978e-04,3.993466315732565513e-04
9.880507662102735456e-01,5.175155898512091845e-03,5.159433252382628413e-03,1.122906773026669273e-03,4.917378658051256308e-04
9.969417063388792410e-01,1.581990923517652891e-03,8.806189959807479662e-04,2.155023368712693079e-04,3.801814047510336850e-04
9.952248747749115054e-01,2.330469104626233835e-03,1.345460743860392699e-03,3.759077125895954352e-04,7.232876640120734909e-04
9.933511515124034963e-01,3.402216244494259915e-03,1.994269521438701148e-03,4.494065191417502721e-04,8.029562025217021684e-04
9.952216717718528338e-01,1.917483813557735927e-03,1.948224884883396077e-03,4.250384244942189966e-04,4.875811052117565766e-04
9.966023949019580108e-01,2.187714240081400398e-03,8.468867046527081815e-04,1.051900244007274653e-04,2.578141289071338637e-04
9.992570837851232346e-01,4.260838715116264898e-04,1.723958120995014345e-04,2.358191558683489825e-05,1.208546156789287431e-04
9.976759134603570001e-01,1.231230091683044878e-03,5.967788910825923276e-04,8.827263725283499831e-05,4.078049196245854676e-04
9.944006340538524835e-01,3.282914084042299653e-03,1.471394192876223890e-03,2.354418309214016420e-04,6.096158383073970073e-04
9.969247265485698950e-01,1.515728571317962164e-03,7.232917713007446653e-04,1.605754951689647913e-04,6.756776136426881655e-04
9.940831327987514898e-01,3.206746106499622391e-03,1.424831475275573989e-03,2.633909606524432383e-04,1.021898658820935340e-03
9.986516158870818449e-01,6.871044694707057051e-04,2.699535157115475446e-04,6.377340341391883464e-05,3.275527243220253699e-04
9.976026654652518921e-01,1.287622559216109169e-03,6.522812516266834632e-04,1.334839502781728785e-04,3.239467736269960470e-04
9.948409581131339996e-01,1.541513575019989955e-03,1.354778064398775650e-03,3.934890804333766607e-04,1.869261167013938152e-03
9.948884937160983322e-01,2.085915407135969721e-03,1.717009661931351121e-03,3.443115516996761547e-04,9.642696631347129604e-04
9.932411921295933865e-01,2.020015773057317818e-03,3.497443009193286576e-03,6.654104127217354368e-04,5.759386754343219852e-04
9.975347007339478989e-01,8.261231016145796028e-04,8.191079558314536078e-04,2.221486765986445443e-04,5.979195320074321730e-04
9.922986692430693090e-01,1.904101779546398194e-03,3.940566517392042785e-03,1.519052733733041241e-03,3.376097262594313910e-04
9.906033681365949972e-01,1.653458587609584049e-03,4.000402945325267842e-03,3.480057113350942290e-03,2.627132171193076980e-04
9.914196280252972615e-01,2.618307550562047614e-03,3.913591313162483043e-03,1.746933792363376944e-03,3.015393186148493214e-04
9.239056079873182448e-01,8.691542041467575919e-03,3.863076032682609406e-02,2.830240319095390228e-02,4.696864534340051077e-04
9.948016365181981957e-01,2.124823819128964821e-03,2.196500909655148617e-03,7.100105967071004658e-04,1.670281563105007036e-04
9.907205397562632854e-01,5.333260709560658751e-03,2.297725339180564305e-03,4.251215784777395441e-04,1.223352616517666813e-03
9.902010565569266953e-01,4.975556090001307524e-03,1.863557888813218181e-03,2.315802074476898062e-04,2.728249256811069237e-03
9.943075699648127319e-01,3.047749907834128823e-03,5.895655333260565057e-04,5.969288960466912874e-05,1.995421704422320214e-03
9.946432088492843659e-01,3.309584426284659878e-03,6.073027119848029226e-04,5.105292013610929918e-05,1.388851092309966503e-03
9.937366880897778865e-01,4.296627983956847335e-03,7.510363231657071498e-04,4.619414754169817706e-05,1.169453455557768577e-03
9.846417058599822303e-01,1.050989562239525513e-02,1.884868961385876987e-03,8.172044823341080696e-05,2.881809108003209607e-03
9.816654244752691660e-01,9.013301383121260016e-03,1.293767620995153224e-03,7.593353864814398485e-05,7.951572981966340339e-03
9.560097475074488260e-01,1.611961819529777670e-02,2.441707243749293311e-03,1.227225670998177839e-04,2.530620448640436004e-02
9.780951261380582684e-01,4.303686906836436815e-03,6.773429881850811206e-04,5.995507162878609787e-05,1.686388889529146645e-02
9.474906307863605326e-01,8.038899621550436511e-03,9.100267271964587344e-04,5.800910872296851446e-05,4.350243375616965474e-02
9.470975318405904231e-01,1.600903127214420990e-02,1.916883670561666392e-03,8.537533807552871452e-05,3.489117787862833914e-02
9.343859813548747173e-01,2.899596341570579577e-02,3.765638052855512473e-03,1.054010934793274851e-04,3.274701608308464018e-02
8.466173405973310695e-01,8.881400746703417559e-02,1.241263302466823724e-02,2.335707348705776403e-04,5.192244817609592555e-02
8.853638823178420214e-01,7.579051964952236708e-02,8.527618075079207438e-03,1.640310698706274879e-04,3.015394888768573034e-02
9.398443413271767577e-01,3.077659494036649387e-02,3.338641262598899921e-03,8.854192456481503951e-05,2.595188054529321345e-02
8.726064167838353258e-01,4.844200041572361420e-02,3.769670022036224980e-03,9.986356812527541016e-05,7.508204921027974987e-02
8.710247651986797734e-01,3.834827584921151472e-02,3.691152604725017952e-03,9.786744442647891159e-05,8.683793890295714302e-02
8.121103058192220558e-01,4.092772841530391281e-02,4.220906394666763643e-03,1.125022206267239363e-04,1.426285571501805793e-01
9.347136711823028632e-01,2.043947590878409867e-02,2.951234169429106657e-03,7.242175190023120829e-05,4.182319698758371618e-02
9.473926939314299966e-01,2.770474474090840397e-02,7.982812106194170365e-03,1.221979120149479061e-04,1.679755130945242286e-02
9.158874701042885036e-01,4.677255205499320639e-02,1.282570219181930829e-02,2.188155633916543991e-04,2.429546008550735603e-02
9.627775491666128449e-01,1.027708345140248766e-02,4.372736211374571823e-03,1.272784910192226063e-04,2.244535267959101715e-02
9.561065323232660340e-01,2.435637668492685037e-02,4.342854166101805212e-03,1.182957465121874796e-04,1.507594107919309374e-02
9.443446200238998500e-01,3.911714547941142622e-02,7.082214454009626639e-03,1.395421248192626324e-04,9.316477917859923574e-03
9.284695603674040232e-01,4.170931112156307102e-02,1.491350795236470392e-02,2.806659742790308079e-04,1.462695458438930188e-02
8.960991971184469884e-01,4.041512101974148452e-02,8.505418655346584991e-03,2.227823927400951205e-04,5.475748081372482784e-02
8.053123043674507153e-01,9.576952187988854726e-02,1.838543933321237431e-02,3.341618255180295056e-04,8.019857259393026183e-02
7.711616272653534221e-01,4.424470682029738727e-02,6.128696488671845494e-03,1.669579397352491379e-04,1.782980114859420984e-01
7.342608709978489800e-01,9.529473104910496373e-02,8.332301355067758472e-03,1.602197695764324655e-04,1.619518768284018417e-01
7.822514731385186160e-01,3.946724531702529293e-02,4.505704925347684894e-03,9.023103007620137360e-05,1.736853455890321474e-01
7.295979633353261162e-01,7.230956852394163081e-02,6.322026661091682820e-03,1.097403167090943644e-04,1.916607011629316848e-01
8.134496845570318158e-01,1.002831620171372035e-01,7.668929392189856656e-03,1.264833850731089671e-04,7.847174064856804465e-02
7.033398951827075640e-01,2.113301168711076983e-01,1.346733442694337743e-02,1.914712551704450733e-04,7.167118226407087622e-02
8.466117234595452734e-01,3.660953411648586175e-02,3.160886211498135315e-03,1.035156854796113064e-04,1.135143405269910533e-01
7.889661735383671770e-01,7.382567346589624657e-02,4.947079464909387089e-03,1.370868126641369613e-04,1.321239867181630001e-01
7.706362805631549184e-01,1.313150626379060160e-01,7.120723638250931083e-03,1.491217628035968151e-04,9.077881139788444853e-02
9.185197796445003782e-01,1.338674377322754058e-02,1.163386194926500916e-03,6.267919495196574498e-05,6.686741119239358877e-02
8.762056984320629738e-01,2.040040118522983004e-02,1.783369460746721518e-03,8.886554358327023069e-05,1.015216653783772849e-01
8.351387780633008351e-01,4.789801310323334171e-02,3.758961327590391345e-03,1.179674810201581032e-04,1.130862800248552125e-01
7.209689863979217295e-01,7.263150189729884743e-02,6.686546165959789990e-03,1.656796747134340329e-04,1.995472858641062219e-01
7.505374508722976179e-01,1.069506340771648606e-01,1.172057250314831843e-02,2.664473673796350739e-04,1.305248951800096757e-01
7.127039148020760662e-01,1.706812979633416105e-01,1.950158626479463198e-02,3.004997209769354042e-04,9.681270124881082018e-02
9.008474773617356490e-01,6.605314315780030920e-02,7.120539314346425140e-03,1.443143280592642304e-04,2.583452583805841488e-02
9.514134883095596296e-01,3.694758954499083314e-02,4.009200571403149713e-03,6.785287607338811005e-05,7.561868697973072803e-03
8.831120711217314012e-01,6.560868535847180771e-02,4.768233549969617784e-03,1.110983253255359187e-04,4.639991164450159994e-02
8.233422472604730036e-01,2.630483989723631996e-02,2.107174921606349248e-03,9.051750032508156386e-05,1.481552204203592238e-01
8.116744444902691535e-01,5.072754755317950698e-02,2.572462196070797371e-03,1.052875241384547487e-04,1.349202582363422942e-01
7.920006432903957672e-01,6.688674758184713631e-02,2.271216746149398724e-03,8.840771412394896262e-05,1.387529846674836753e-01
7.635696998936781776e-01,1.190120859862103808e-01,6.181380241327767006e-03,1.597821798487272153e-04,1.110770516989347395e-01
6.421942106263511807e-01,1.299982042211884070e-01,1.026846037542436876e-02,2.932748849637009506e-04,2.172458498920725456e-01
7.701533586520991070e-01,7.675561583033371771e-02,7.702419380129025758e-03,2.646920810711667267e-04,1.451239140563670704e-01
6.938822381885154655e-01,4.384582792773153437e-02,7.048346836415472945e-03,3.106609345040824447e-04,2.549129261128334489e-01
6.000543000751517031e-01,3.978760264518570872e-02,5.454733323223717560e-03,2.590556829812997223e-04,3.544443082734576311e-01
5.784304589783467732e-01,3.187016826230652106e-02,3.862802152279101037e-03,2.305430642219288189e-04,3.856060275428456197e-01
6.350486265019763543e-01,5.257841173802253049e-02,4.639837143232032959e-03,2.389091824267250788e-04,3.074942154343422995e-01
5.285729119981528168e-01,5.593426774695198223e-02,5.934261356512733968e-03,2.929710510447173328e-04,4.092655878473376863e-01
7.966997744335516662e-01,5.008029109704193599e-02,5.754133424151835867e-03,1.483929276366244276e-04,1.473174081176179817e-01
7.191536116800162359e-01,6.452342580219605495e-02,1.122884405333307925e-02,3.106785388904363394e-04,2.047834399255642202e-01
7.001797010425729884e-01,2.343487768308311070e-02,6.194979544614372460e-03,3.158878633246871770e-04,2.698745538664047983e-01
6.879247009730861118e-01,4.677137137399908773e-02,9.698698765073702696e-03,5.755626449243118198e-04,2.550296662429167860e-01
7.740488104563064686e-01,2.555180029395782981e-02,4.839562612618346187e-03,2.981302638677194700e-04,1.952616963732496658e-01
6.298009755107485397e-01,9.329011139241587258e-02,1.386656068405473473e-02,5.944764491463294274e-04,2.624478759636344471e-01
7.690306699708502336e-01,6.877968640948398105e-02,1.309175613402962547e-02,5.597608502858495089e-04,1.485381266353502372e-01
5.528182920429124403e-01,1.111018541358523293e-01,1.633386286892399286e-02,5.608558112717298852e-04,3.191851351410395221e-01
5.241354238987773195e-01,1.472016339293873988e-01,1.517329650705079129e-02,3.131363746921039955e-04,3.131765092900924419e-01
5.928861386142683099e-01,9.534141163592972645e-02,9.708250433165619558e-03,2.979554414280397132e-04,3.017662438752083953e-01
8.029838275440113193e-01,7.271834346016187167e-02,7.901787234628955547e-03,2.465423307347042029e-04,1.161494994304631545e-01
7.833179155641682989e-01,5.194748395290525733e-02,8.673085029351563363e-03,2.662042948749130896e-04,1.557953111586999340e-01
7.023413234338755640e-01,2.541561261551655154e-02,3.911075881924644393e-03,2.264775813227840658e-04,2.681055104873604211e-01
6.795453692000511525e-01,3.956401130733867844e-02,5.719998287106359963e-03,2.685809987163498887e-04,2.749020402067873792e-01
6.643396346080807646e-01,6.002883975086414914e-02,8.023169664807809631e-03,3.146514703238989605e-04,2.672937045059233241e-01
5.695867105619293325e-01,9.895214103732551114e-02,1.330553951629280356e-02,4.109709523466302983e-04,3.177446379321058334e-01
5.814526389348274593e-01,1.332441767146265998e-01,1.564381738954538290e-02,4.012348695998998343e-04,2.692581320914007037e-01
3.869233039267123142e-01,2.941015955782837477e-01,4.620098014984981571e-02,1.032535871834074775e-03,2.717415844733200858e-01
3.686619688226844271e-01,2.616613608828153303e-01,5.199911359731751448e-02,1.053643735251239824e-03,3.166239129619315973e-01
3.814640726666329584e-01,2.617927294678340511e-01,4.575758827927643019e-02,9.304499876038976099e-04,3.100551595986527076e-01
5.015098742793473452e-01,2.258329604078717912e-01,3.385834914767101023e-02,9.506227012369930941e-04,2.378481934638729256e-01
3.989182029830662390e-01,2.843357828826640898e-01,3.529562146862828126e-02,9.031257130564063033e-04,2.805472669525850837e-01
4.146363019614742185e-01,2.198666920349341691e-01,2.841051778196803865e-02,7.664577922184315998e-04,3.363200304294051146e-01
4.168212695007105228e-01,2.026883253113671568e-01,3.065123280785184146e-02,7.789234205892187762e-04,3.490602489594813451e-01
5.863355165186209250e-01,6.870904676094845287e-02,1.084793162891296674e-02,3.999329951636756736e-04,3.337075720963539882e-01
8.933083337441096727e-01,8.900201173864303109e-03,3.003777793812039115e-03,3.174083327620419686e-04,9.447027895545176412e-02
8.561495085507366820e-01,4.893476959111004061e-03,1.741282494470593190e-03,2.901124757927295728e-04,1.369256195198891024e-01
9.490142761409957606e-01,2.646854384384563375e-03,6.388411030694112055e-04,8.067641332392324889e-05,4.761935195822620398e-02
9.842693100408599349e-01,2.117906139499666288e-03,1.050680477390059358e-03,1.455541063588601373e-04,1.241654923589162809e-02
9.567223661782150446e-01,4.458583614847099787e-03,2.465129777877546596e-03,2.297331948770872092e-04,3.612418723418314714e-02
9.449776347055954817e-01,8.577697194405216330e-03,1.022863179093889269e-02,9.334477681630344928e-04,3.528258854089740687e-02
9.780103160845657895e-01,4.485743269160499813e-03,2.605845459552969760e-03,2.702865794132543621e-04,1.462780860730770321e-02
9.463395342076079686e-01,2.299993772132720438e-02,9.588212629819192062e-03,4.698434884544431872e-04,2.060247195279111057e-02
9.381140268259017256e-01,1.962188463493762247e-02,1.337416034104476140e-02,8.196032442099258474e-04,2.807032495390594448e-02
9.351204075016829043e-01,1.597083630057500106e-02,2.587289321301139075e-02,1.492816504151775990e-03,2.154304648057912483e-02
9.785629126121063726e-01,3.606854183759233140e-03,5.771855767781568572e-03,6.443880539423074054e-04,1.141398938241055053e-02
9.655455451837499092e-01,1.016053085746886422e-02,1.156705226052485470e-02,1.081639951904535789e-03,1.164523174635187161e-02
9.542734575082597592e-01,1.329581150092786629e-02,2.060322983739076158e-02,2.833902881224862301e-03,8.993598272196635240e-03
9.696274278612174724e-01,3.674895829778675096e-03,6.927592816923529469e-03,2.089634618424190699e-03,1.768044887365616963e-02
9.939010686109228665e-01,1.370464555515462247e-03,2.054189777376203875e-03,1.104319187213591074e-03,1.569957868971928348e-03
9.875195165700811906e-01,1.942426042544541376e-03,5.609735795230888326e-03,4.346753886271469483e-03,5.815677058720780841e-04
9.856172261713898042e-01,2.308843106537975150e-03,6.069955298154629600e-03,3.612918526222696613e-03,2.391056897694847187e-03
9.970643755222367011e-01,9.950335797800195520e-04,9.891166730963945469e-04,2.987380673394604493e-04,6.527361575472626770e-04
9.947693253662279744e-01,2.343860424292123264e-03,1.227675766232846606e-03,2.288951105061182633e-04,1.430243332740707913e-03
9.827783488699860515e-01,1.544848106827728445e-03,5.534340848999096943e-04,1.079742699598797883e-04,1.501539466832638343e-02
9.713686100659412181e-01,3.194297317028685877e-03,9.192714028975530359e-04,1.076125715714600962e-04,2.441020864256113546e-02
9.822997878675658878e-01,4.691830717346052483e-03,1.268018516614310238e-03,7.015359263686947369e-05,1.167020930583687055e-02
9.911558972187217709e-01,1.720521878280492850e-03,4.370563754370071236e-04,2.847671071740519541e-05,6.658047816843327624e-03
9.806015929423482769e-01,8.165826758277249312e-03,1.202380244643168859e-03,4.733819458189927193e-05,9.982861860149464667e-03
9.863444971127700578e-01,5.362754408567314487e-03,9.950719605663909013e-04,4.823819803304279889e-05,7.249438320062988675e-03
9.916894526221899930e-01,3.037560826764873489e-03,7.862461133888819361e-04,5.491180837023289051e-05,4.431828629286062998e-03
9.789772046615219381e-01,2.623454309126213666e-03,1.089789220920009578e-03,7.338662585835786052e-05,1.723616518257358246e-02
9.543267645141637612e-01,2.661414835087718995e-03,1.030811333917272922e-03,8.902668854412015506e-05,4.189198262828706942e-02
9.336312666664097204e-01,5.529746167596587096e-03,1.174374755193809561e-03,6.857073033999024232e-05,5.959604168045994077e-02
8.676605666285472918e-01,2.231730095864474864e-02,6.232325166070471975e-03,1.599630822465175118e-04,1.036298441644908225e-01
9.450386496183305063e-01,7.718625295516061066e-03,7.205344760151421654e-03,2.955743745202364919e-04,3.974180595148179423e-02
9.610812054964736895e-01,3.346980255635680426e-03,2.811558900188991950e-03,3.570212036804860608e-04,3.240323414402093011e-02
9.641921031775730899e-01,5.069310172343032689e-03,6.107912628675347955e-03,1.284641045298267953e-03,2.334603297611028902e-02
9.494677915889567776e-01,5.737082947100601189e-03,1.482869889385789522e-02,4.725312425562023730e-03,2.524111414452264238e-02
9.512950636226918943e-01,5.820305159476985013e-03,1.111350799685094717e-02,2.749545348066853925e-03,2.902157787291338026e-02
9.540103554972896305e-01,2.737095401538837056e-03,1.065580900874726206e-02,4.695925931234961638e-03,2.790081416118940505e-02
9.369114537204763504e-01,3.637082614984527961e-03,1.451871153644157877e-02,8.547654098119276608e-03,3.638509802997819120e-02
9.430492185027348206e-01,2.907352015281989416e-03,1.323182519081148381e-02,8.347491617144504189e-03,3.246411267402712908e-02
9.419558500084881381e-01,2.735044258826163470e-03,1.656315053583507640e-02,1.744568041293192290e-02,2.130027478391875381e-02
9.159186121907872957e-01,3.133543211673253497e-03,1.458338220024680068e-02,9.411537593713740699e-03,5.695292480357878884e-02
9.359810836779902665e-01,4.322901754321956114e-03,8.348934818313922396e-03,3.673619029200274506e-03,4.767346072017340092e-02
9.490401495150619926e-01,2.331616246493849968e-03,1.063793425864802307e-02,6.719753119797068283e-03,3.127054685999929029e-02
9.616967310598615315e-01,1.621699245227415515e-03,9.500812996549734199e-03,7.098866441493541929e-03,2.008189025686784798e-02
9.524066078434793026e-01,2.524991270721467680e-03,1.611159172366764813e-02,1.123892134891357579e-02,1.771788781321789394e-02
9.708252834672214115e-01,3.389600871287402895e-03,1.175419468093940982e-02,4.612667410767898844e-03,9.418253569783992252e-03
9.431066534030095871e-01,3.604534188036696406e-03,2.245765912388898375e-02,1.205941781354497033e-02,1.877173547151973071e-02
9.582092432292981243e-01,2.377448102066020454e-03,9.891861393159477253e-03,6.704910708744794313e-03,2.281653656673154201e-02
9.574610187671628303e-01,2.373037283892510344e-03,4.670120245831595358e-03,2.245021237766751422e-03,3.325080246534636158e-02
9.541905726275109467e-01,3.618923647217589870e-03,8.382066301816095202e-03,3.730653550823237290e-03,3.007778387263209882e-02
9.753369700685353694e-01,2.300279973246224623e-03,2.181874941930200384e-03,6.909412195551942670e-04,1.948993379673310058e-02
9.585203576474885523e-01,7.371276123637472179e-03,1.039170557726047661e-02,2.471643106808519858e-03,2.124501754480497343e-02
9.052213139264264630e-01,1.030740411133005720e-02,3.319759996668057017e-02,6.604915455482628442e-03,4.466876654008026387e-02
8.730463384483990730e-01,1.091699435802383905e-02,4.752986191926363013e-02,9.647132208693228600e-03,5.885967306562026741e-02
8.256647966832070251e-01,1.213286094891877047e-02,4.051475865144051058e-02,1.039319444065891704e-02,1.112943892757748965e-01
7.416576864098600730e-01,1.841521600071999165e-02,4.653048469985646834e-02,5.516321386724296061e-03,1.878802915028392195e-01
7.636878565299062283e-01,1.598079432732800800e-02,6.637627850776176008e-02,9.333527569161201992e-03,1.446215430658427115e-01
8.371845746874743144e-01,1.201185340180797347e-02,3.794126130894426990e-02,7.518168020524256326e-03,1.053441425812491061e-01
8.511546695263751960e-01,6.461128214542987552e-03,9.684262441624050602e-03,1.854482986539816164e-03,1.308454568309179722e-01
8.133485538754499089e-01,1.207813945233752323e-02,7.597971607459322319e-02,3.939263760872254577e-02,5.920095298889692381e-02
8.032349637958086097e-01,1.196720837313656159e-02,3.753926372857883248e-02,8.597946543386879303e-03,1.386606175590891776e-01
7.643314425424657665e-01,1.345756934250324187e-02,8.769838411728513028e-02,1.702460809215245244e-02,1.174879959055933759e-01
8.364161353342483007e-01,1.225055191698945500e-02,6.125787274930658000e-02,1.344840192243957656e-02,7.662703807701609637e-02
8.113143137969984764e-01,1.917501816611759391e-02,4.008605935549310051e-02,7.451316873353966766e-03,1.219732918080368850e-01
8.384521440747582099e-01,1.522941299330360203e-02,3.368665665381640612e-02,5.057349945994571785e-03,1.075744363321273628e-01
7.977072777598791520e-01,1.749508561055083955e-02,5.367648401611556375e-02,7.744551364774194049e-03,1.233766012486801206e-01
7.176065461896393716e-01,2.305612874113566191e-02,6.275578364247756669e-02,8.499090758605720719e-03,1.880824506681416930e-01
6.976344525975255451e-01,2.153447179484093560e-02,3.595498383030044237e-02,3.833349237415192758e-03,2.410427425399178647e-01
7.308806061607640014e-01,2.937141903463626885e-02,6.307384861329869141e-02,6.359940387135002565e-03,1.703141858041660739e-01
6.671544281988252001e-01,2.757937528322036702e-02,9.244134040570170519e-02,8.364083331674281377e-03,2.044607727805784758e-01
7.741125213769607383e-01,3.560226470880085980e-02,4.114265597667596946e-02,4.269815455390527092e-03,1.448727424821718845e-01
7.934467915900480506e-01,3.985284428225677189e-02,4.871389640921239966e-02,4.563711391637833084e-03,1.134227563268449118e-01
8.885603401420718583e-01,1.210432863934182354e-02,2.032245993041241483e-02,4.042198467532185160e-03,7.497067282064169558e-02
9.229008245090039031e-01,1.153530930176738419e-02,1.350712446448017537e-02,2.745778997973704911e-03,4.931096272677498726e-02
9.373610324568396601e-01,1.289702378355735840e-02,1.855765067942563920e-02,3.285784351538089797e-03,2.789850872863929368e-02
8.750091459482730594e-01,3.516056359528830361e-02,4.346209789638238313e-02,5.964928206376713879e-03,4.040326435367973257e-02
9.609661083810134841e-01,7.124058480882671310e-03,5.723268526365357656e-03,9.506080470702291466e-04,2.523595656466838186e-02
9.783406040086463085e-01,6.225191608656554555e-03,3.434166721282511364e-03,5.051471568819925926e-04,1.149489050453258304e-02
9.754282804278058272e-01,8.732009533080477975e-03,6.252681638659498067e-03,5.320958502991786224e-04,9.054932550155204291e-03
9.599768321690741457e-01,1.663624084546029558e-02,1.182216183567712242e-02,1.385057943275993641e-03,1.017970720651233639e-02
9.815075263353385537e-01,8.796183455986133354e-03,4.711913200194576927e-03,4.704685847201098238e-04,4.513908423760449110e-03
9.884785680326247936e-01,3.932731403248275123e-03,2.357248316822088251e-03,2.433572406788010614e-04,4.988095006626007584e-03
9.807810731093041801e-01,6.628055290110164942e-03,2.172742664234956177e-03,1.895915161130459043e-04,1.022853742023778836e-02
9.890200329162449622e-01,3.663530018825853548e-03,1.170734103182004921e-03,1.161693482464892546e-04,6.029533613500914248e-03
9.870911858351546497e-01,4.859417256402407542e-03,2.396622248519534541e-03,2.121890229203791608e-04,5.440585637002978529e-03
9.774747941955850283e-01,6.638743028950249217e-03,6.320852150288543830e-03,7.698157092811965755e-04,8.795794915894862565e-03
9.765584675609328968e-01,8.819358517373003178e-03,5.580270828104679469e-03,4.969111678352825098e-04,8.544991925754301387e-03
9.670217206905145080e-01,1.401163871138808199e-02,1.027767623537929192e-02,7.683182321966411854e-04,7.920646130521289893e-03
9.860266795329596379e-01,7.199849423222014211e-03,4.028312291588373277e-03,2.838673762635040621e-04,2.461291375966452848e-03
9.863968031183498741e-01,8.028183864167062062e-03,3.738950216699320813e-03,3.281685297316252027e-04,1.507894271052187497e-03
9.863187519724547769e-01,6.371741581151804841e-03,2.121493227481794589e-03,1.773117198282833347e-04,5.010701499083371202e-03
9.811546234641878028e-01,5.487673002515653688e-03,1.933313004531254800e-03,2.137127910306807802e-04,1.121067773773475051e-02
9.735843761468576663e-01,1.204647503261961627e-02,3.230791542334703406e-03,1.968075470101056834e-04,1.094154973117794638e-02
9.877678219403597248e-01,6.121272587811215152e-03,2.053156958524586084e-03,1.563232262823653911e-04,3.901425287022231101e-03
9.596958231751302471e-01,1.479923438803165160e-02,4.316222719742780767e-03,2.819804154046991174e-04,2.090673930169030525e-02
9.767415926557164729e-01,1.091605979137639550e-02,3.118324884347871851e-03,2.014336251645505466e-04,9.022589043394558042e-03
9.718053157612114301e-01,9.443075988714761532e-03,2.735854391309426505e-03,1.853310128039608044e-04,1.583042284596032634e-02
9.775035327433940768e-01,7.407216420666128120e-03,5.706735892726714707e-03,5.991775815518119146e-04,8.783337361661232648e-03
9.670108880440234644e-01,6.846605019159545009e-03,2.765115315255000338e-03,3.394132340381509987e-04,2.303797838752392330e-02
9.393444062459774813e-01,7.057976570223289253e-03,3.090655010519012622e-03,3.274955502319102404e-04,5.017946662304820921e-02
9.314209412446264880e-01,1.028809071826328018e-02,7.303760003651514274e-03,7.065205725828634792e-04,5.028068746087601543e-02
8.907396632872854880e-01,2.264617129261497011e-02,3.241653684718284051e-02,3.683996460014072986e-03,5.051363211290255117e-02
9.020257626095009584e-01,1.701732077068152105e-02,2.002724729623214794e-02,3.537632995417209786e-03,5.739203632816814588e-02
8.525445018580297685e-01,3.750993995635572287e-02,5.968214510109413201e-02,7.216206494315042207e-03,4.304720659020538215e-02
8.937880520016352470e-01,2.692462566934452489e-02,2.878467533779954790e-02,3.322398616484902468e-03,4.718024837473583366e-02
8.336185757391861850e-01,4.172876207207284333e-02,3.428959067278577327e-02,2.606937044829097175e-03,8.775613447112605436e-02
7.665420799534385932e-01,4.234000771505025407e-02,6.432545239706821683e-02,6.054627094904847795e-03,1.207378328395380673e-01
8.306483664284836088e-01,2.992413533570846898e-02,4.146331751228695545e-02,5.521064046398515245e-03,9.244311667712253044e-02
7.498169935125716945e-01,5.005255302501744608e-02,8.818810279962344123e-02,1.181775125308918810e-02,1.001245994096982006e-01
7.822292150123779653e-01,2.104593702827753723e-02,8.237113125506845268e-02,2.088715093178658208e-02,9.346656577248933784e-02
9.055456461594840745e-01,1.264881129033331407e-02,3.574272051464140454e-02,8.328899983280291242e-03,3.773392205226081680e-02
8.044653017841221221e-01,1.506315243654784801e-02,9.495935055658108470e-02,3.335396144630865117e-02,5.215823377644025066e-02
8.536978748246157878e-01,1.790574582556210895e-02,6.631888238531241653e-02,1.643877923036326377e-02,4.563871773414650973e-02
9.350892468809159919e-01,9.563138335757273220e-03,1.311987274545616672e-02,2.838851164193015395e-03,3.938889087367739017e-02
9.609849347885321968e-01,5.913881384817840092e-03,6.242059734875371815e-03,1.318236275974019869e-03,2.554088781580060238e-02
8.861647766507294577e-01,7.384574963242096848e-03,1.458371787086760150e-02,4.753440619891045882e-03,8.711348989526970787e-02
8.313397490736514905e-01,1.067520955574117851e-02,7.294238352371554268e-02,4.782488511246719282e-02,3.721777273442444800e-02
8.046289424794803580e-01,1.688717918177435814e-02,1.022276358841282817e-01,5.274986072559617600e-02,2.350638172902083656e-02
7.742448248748070583e-01,1.765022991942154923e-02,8.460828732752477543e-02,2.998041049522967919e-02,9.351624738301689277e-02
7.878851452845433423e-01,1.940064223501095433e-02,8.492335223715750947e-02,4.279366406981735538e-02,6.499719617347073097e-02
