8.388427415370534046e-01,2.836368406582496018e-02,3.422947685418887415e-02,2.279378992087906577e-02,7.577030762205383407e-02
9.737446484344745024e-01,1.444477743087617741e-02,4.557346913352211884e-03,8.258694126726980056e-04,6.427357808624391267e-03
9.819276215848872225e-01,1.484141684862507957e-02,1.535011890389527487e-03,8.353329196540880083e-05,1.612416384132649280e-03
9.845103557144198048e-01,1.329600809336619824e-02,1.174909841770390394e-03,3.016828708773515251e-05,9.885580633557683895e-04
9.461652732164617108e-01,3.792698822019589106e-02,4.313828105602039720e-03,1.007095018342875185e-04,1.149320095590605426e-02
9.554542369114125133e-01,2.265726298237803749e-02,7.323224682615029311e-03,4.637914475872748250e-04,1.410148397600718105e-02
9.256966378762474523e-01,5.903554783461519018e-02,1.004197900129316819e-02,2.580208957872000860e-04,4.967814392056968571e-03
8.022416910379668309e-01,1.572613559715933251e-01,3.476169213761081539e-02,5.779904743616225875e-04,5.157270378467249984e-03
7.433305696835192933e-01,2.141449117192874285e-01,3.950152492961708089e-02,3.713074135040771986e-04,2.651686254072110026e-03
8.800979346408991377e-01,9.100505960878665923e-02,2.739549128371302281e-02,2.988337637415671441e-04,1.202680702859711430e-03
9.183198015620148702e-01,6.430047322813119137e-02,1.665374853108322201e-02,1.318679204413330456e-04,5.941087583293365925e-04
7.795603087233617945e-01,1.770401824772933341e-01,4.170401317055885682e-02,3.005938559296439340e-04,1.394901772856255596e-03
9.411993889022381987e-01,4.100689175174566242e-02,1.614943102579559017e-02,2.249951025514412394e-04,1.419293217669015481e-03
7.955806069182708162e-01,1.430222631683670254e-01,5.555562778514244043e-02,8.914015136928404338e-04,4.950100614526794715e-03
8.052573668297045018e-01,1.283031497389467979e-01,5.577265371360499296e-02,9.782314989946745525e-04,9.688598218748975185e-03
9.545289031791577283e-01,2.403829732571230102e-02,1.202174248088383468e-02,4.257651274033605803e-04,8.985291886842643877e-03
9.545450847629947111e-01,2.639792705585880181e-02,1.104689579490202196e-02,5.120904253560308724e-04,7.498001960888320966e-03
9.808381144598660173e-01,1.288097362572665321e-02,3.858096828890673641e-03,2.183795431654139772e-04,2.204435542351286959e-03
9.782800556072508424e-01,1.474868633383814506e-02,2.563160513783466384e-03,1.228763495652275474e-04,4.285221195562279560e-03
8.290004741509804376e-01,1.117042002052476141e-01,4.591531484511093136e-02,2.103668940781165154e-03,1.127634185787990476e-02
6.109967220957899237e-01,2.703754300038309633e-01,8.762786474569571327e-02,1.627510798889530682e-03,2.937247235579389104e-02
5.038729970612787490e-01,3.424183891437179161e-01,1.206149221508981545e-01,1.734284712577127945e-03,3.135940693152801384e-02
7.100256942868077292e-01,2.145410915865953450e-01,6.681136465716705497e-02,7.698910164966566664e-04,7.851958452933308075e-03
9.266651541823991423e-01,6.166018244198178538e-02,1.006787976265207177e-02,1.776212334550014910e-04,1.429162379511929358e-03
9.636600780221723506e-01,3.050854325007230222e-02,5.172273790261686620e-03,1.069699491087575273e-04,5.521349883850319371e-04
9.510290818127054013e-01,4.146036690362014249e-02,6.959668967966453103e-03,1.223366813842767628e-04,4.285456343237012693e-04
9.325498823982183438e-01,5.708310859481989519e-02,9.825265521662024035e-03,1.361520805641365322e-04,4.055914047356137982e-04
8.266248017251072167e-01,1.515283809406744175e-01,2.109266285919855419e-02,1.724702067154232419e-04,5.816842683045372886e-04
8.180238541312816469e-01,1.566306587448237642e-01,2.468591500154988794e-02,1.658579044781393794e-04,4.937142178666138791e-04
8.715457550619551963e-01,1.039787951675067157e-01,2.397955965328926048e-02,1.690905744311559577e-04,3.267995428177003069e-04
8.561527469877913132e-01,1.168375042519811946e-01,2.649342750512974354e-02,1.528158133957170119e-04,3.635054417020805884e-04
8.869653886587196556e-01,9.655450507388260717e-02,1.601652043922912813e-02,9.821613339338990372e-05,3.653696947752601556e-04
9.486741004790109066e-01,4.237550273232422449e-02,8.643218417485689503e-03,7.426110034654056515e-05,2.329172708325552143e-04
9.310348996786639297e-01,5.925650565599126229e-02,9.361508071339983555e-03,7.731275327891696614e-05,2.697738407258436590e-04
9.287434010495184689e-01,5.545526699002426702e-02,1.547939873884646850e-02,1.263819738220331391e-04,1.955512477887211807e-04
9.862754905183428455e-01,1.128495602475621841e-02,2.243849339750682900e-03,3.948795293675559735e-05,1.562161642133962005e-04
9.943246803131629008e-01,4.920267894120106816e-03,6.031907727249714423e-04,1.803186142197619427e-05,1.338291585702543619e-04
9.960448840278004479e-01,3.412102778066875008e-03,3.169633846644270684e-04,1.113240725882463675e-05,2.149174022095708407e-04
9.952098371210661432e-01,4.074882423152843651e-03,4.321196811126092529e-04,1.909779102394186133e-05,2.640629836445146567e-04
9.953344972044250172e-01,3.982224631809199930e-03,4.164710964241525887e-04,1.880998548926883946e-05,2.479970818522578995e-04
9.964019472817241541e-01,2.975549133364257214e-03,3.588869193230566378e-04,1.617828579127452972e-05,2.474383797972320195e-04
9.915426657030387281e-01,5.837302670308003490e-03,8.493680079557971302e-04,3.465173108490781295e-05,1.736011887612450098e-03
9.908875209250589400e-01,6.605643767240746214e-03,1.202409244321605251e-03,4.843757498668238912e-05,1.255988488391911097e-03
9.935003188481791314e-01,3.860680866206152393e-03,9.482205320304584783e-04,5.272740348223919524e-05,1.638052350102024712e-03
9.955389448384508455e-01,3.366495099129072303e-03,5.680122333217890902e-04,2.854843836155955065e-05,4.979993907367539878e-04
9.846016606932083137e-01,1.144963637582723653e-02,2.969150477144558500e-03,9.498830515371499265e-05,8.845641486663158130e-04
9.933751222860968122e-01,4.953787071166787168e-03,1.351346768690462642e-03,4.272622293254626754e-05,2.770176511134510864e-04
9.937570117537130043e-01,3.234602431884644417e-03,7.743763339003483567e-04,4.761837274567554286e-05,2.186391107756356558e-03
9.963252130864543865e-01,2.484620892614116620e-03,4.784651846270847461e-04,2.652271709715060908e-05,6.851781192073414179e-04
9.984421218356277494e-01,1.135498386676286236e-03,1.679841088658028299e-04,1.164315606215187283e-05,2.427525127681225549e-04
9.976732015197242731e-01,1.804527488948128077e-03,2.496584793294641825e-04,1.727657783204660370e-05,2.553359341661634585e-04
9.984565733326995485e-01,1.172782473231918747e-03,2.165846159522857568e-04,1.731885587840266140e-05,1.367407222377748169e-04
9.976241693654956944e-01,1.866578024913749479e-03,3.550398163152734886e-04,2.030451518294223306e-05,1.339082780921959379e-04
9.971514414497801848e-01,1.967613323917795365e-03,4.001942844201119578e-04,4.163289282541094447e-05,4.391180490564383881e-04
9.969963514441392283e-01,2.170628818329186499e-03,3.607917455280482675e-04,2.698031408810773509e-05,4.452476779154687842e-04
9.984132779840578786e-01,1.169763539981009222e-03,1.800553050481445776e-04,1.438757611765263272e-05,2.225155947953454160e-04
9.986799116921531994e-01,9.702391756094906183e-04,1.336399370518691896e-04,1.082392800644773991e-05,2.053852671792442367e-04
9.990992878411167899e-01,6.646506572649142890e-04,7.649826780863634961e-05,6.789430546861375131e-06,1.527738032628924629e-04
9.988934358522523205e-01,5.302854959700553043e-04,6.220931783178217393e-05,7.971191532080589470e-06,5.060981424136365122e-04
9.987632393030428934e-01,8.981213492349233041e-04,9.408798419991568009e-05,7.405985561237597337e-06,2.371453779610957100e-04
9.984902120598542208e-01,1.154545776527646098e-03,1.904056827512114604e-04,2.156048207166715486e-05,1.432759987953272334e-04
9.991476576605679005e-01,5.890468339715673393e-04,1.076853086811308099e-04,1.275453882509850585e-05,1.428556579542809835e-04
9.977869767240887811e-01,1.604821438454656461e-03,2.301228356365475375e-04,2.025698430522794198e-05,3.578220175147443652e-04
9.962545712453704239e-01,2.847302082286737226e-03,4.861261158907143705e-04,3.592234745374702041e-05,3.760782089985597373e-04
9.972009128373157116e-01,2.275928448646382177e-03,2.942749549700469100e-04,1.758709260470417109e-05,2.112966664634183928e-04
9.913626950482273825e-01,7.559537733917719854e-03,7.276884333222131702e-04,3.205602477470509361e-05,3.180227597580867374e-04
9.913179363566680946e-01,7.242749048497026422e-03,1.191463720324263155e-03,4.524960769786965281e-05,2.026012668128085892e-04
9.947429013299112777e-01,4.225252996596252225e-03,8.933286738715667114e-04,3.684786929901259002e-05,1.016691303218879435e-04
9.942309569292147042e-01,4.845745538000894095e-03,7.470113969414016305e-04,3.005866639077789572e-05,1.462274694520638598e-04
9.973299580129959541e-01,2.233724766293895825e-03,2.896050603221349989e-04,1.715830602627867315e-05,1.295538543617477147e-04
9.966572166652672982e-01,2.887155967663954798e-03,2.927100355480510559e-04,1.551207801378944897e-05,1.474052535068237711e-04
9.980386761249633309e-01,1.629139954158486964e-03,1.860319113524428879e-04,1.275199010188191253e-05,1.334000194241858012e-04
9.980419807962421785e-01,1.643017635697450714e-03,1.744650585185198138e-04,1.190126854468346423e-05,1.286352409971822162e-04
9.968293468089789444e-01,2.649663197100641816e-03,3.805606297808629868e-04,2.030078878846364898e-05,1.201285753510857566e-04
9.972175547838245668e-01,2.355141242624279440e-03,3.004784766347938811e-04,2.025387855188390596e-05,1.065716183644730634e-04
9.944714222045734076e-01,4.659479812137687187e-03,6.358321223207404711e-04,3.099071504648224314e-05,2.022751459215687436e-04
9.943599192005734277e-01,4.602121469809666680e-03,8.588399166542362616e-04,3.488606250987989261e-05,1.442333504527482687e-04
9.668065581774052397e-01,2.697380103969477388e-02,4.974726186728236667e-03,1.357217058798728337e-04,1.109192890291981360e-03
9.696480017490840542e-01,2.434108792919134623e-02,4.954891900241981985e-03,1.241836987807733302e-04,9.318347227017556274e-04
9.672365712383935721e-01,1.938448020234601055e-02,8.380996161567236952e-03,3.957597531143607810e-04,4.602192644578706991e-03
9.780484048402542374e-01,1.240846309586479505e-02,8.144618793938580847e-03,3.440682637107269205e-04,1.054445006231606802e-03
9.968613028237133245e-01,2.046986378250029593e-03,6.699474081586775931e-04,3.758422049006276988e-05,3.841791693880234194e-04
9.936925205047336673e-01,4.475783351589163704e-03,1.432948872696187745e-03,6.547282823488712630e-05,3.332744427460724375e-04
9.906353849323084049e-01,7.022098668907246488e-03,1.991590768362644457e-03,1.019125497774575368e-04,2.490130806442617992e-04
9.895330344173499659e-01,6.630183074842150269e-03,3.579589239104183276e-03,1.463585101763381028e-04,1.108347585273916712e-04
9.930919692874877747e-01,4.460809269980005841e-03,2.263168383300098990e-03,9.348069955947215133e-05,9.057235967266233975e-05
9.861911075822323847e-01,1.045288716620404110e-02,3.079864221739036720e-03,9.183132702187992151e-05,1.843097028024603663e-04
9.739071642085965763e-01,1.911686941206707999e-02,6.274482524529076052e-03,1.499811273778100000e-04,5.515027274293397928e-04
9.865862342303812760e-01,7.872062021019620923e-03,5.008588303699231144e-03,2.206157502410027466e-04,3.124996946589074813e-04
9.820589794430800712e-01,1.264672929867283538e-02,4.093285499789980561e-03,1.957055875030659284e-04,1.005300170954131047e-03
9.567184930688040767e-01,3.305601565984909312e-02,6.919703637788441122e-03,1.676626613667111338e-04,3.138124972191392876e-03
8.401920426512835549e-01,1.229290742152614191e-01,2.656678886701187639e-02,3.797422622621649717e-04,9.932352004181051533e-03
8.346467587950080480e-01,1.197559944173438723e-01,3.436582428663606525e-02,6.687923853601385237e-04,1.056263011565203302e-02
6.112589821447597105e-01,2.890254898619568635e-01,5.110304742182990301e-02,5.643820715951010413e-04,4.804809849985854087e-02
8.442773107729326654e-01,1.002953876965587826e-01,3.232542571538744858e-02,5.020374006338202723e-04,2.259983841448730962e-02
9.319099767115630595e-01,3.983304397906788780e-02,1.626498051656647542e-02,3.227920547909307668e-04,1.166920673801174167e-02
8.811040337789250998e-01,3.357724230121416492e-02,1.671136133560779599e-02,6.448001149136146004e-04,6.796256246933937706e-02
8.261680719411642615e-01,3.705194992478381966e-02,3.134057845941178727e-02,1.317883004615713356e-03,1.041215166700243111e-01
7.627315405852116426e-01,7.744986686085261751e-02,7.022180804514530084e-02,1.829168773781851033e-03,8.776761573500871383e-02
8.132331288783897216e-01,4.706919067460409167e-02,8.821009994793366227e-02,2.821866718326005580e-03,4.866571378074641824e-02
8.858276460516473216e-01,3.823592041423106574e-02,4.170286549437997314e-02,1.682495081739199608e-03,3.255107295800253875e-02
7.713141787812508587e-01,8.456873722553154282e-02,6.581052967672224030e-02,2.375976830117238099e-03,7.593057748637799254e-02
8.277528678691787878e-01,6.147907941303368956e-02,5.891113619424098030e-02,2.139372982669385161e-03,4.971754354087724176e-02
7.770078028482195753e-01,6.073548257558540608e-02,1.010568234490803741e-01,3.832529124782965962e-03,5.736736200233170935e-02
8.482008604245874217e-01,3.088586067964202084e-02,5.091070045686384160e-02,2.314875981480616924e-03,6.768770245742607161e-02
9.662262772192995453e-01,9.191342363664853354e-03,7.822237480026862991e-03,4.904683720199951935e-04,1.626967456498857809e-02
9.827388572749241602e-01,7.285539428837859051e-03,6.018690518341574675e-03,2.919783439553480650e-04,3.664934433940975934e-03
9.884608244027897062e-01,5.812049111408437718e-03,4.546006325061687642e-03,2.753994827394929215e-04,9.057206780007312366e-04
9.867392844017848219e-01,7.147538205141509837e-03,4.394886802901306830e-03,2.747871447199468249e-04,1.443503445452497648e-03
9.721698866787289450e-01,1.625526772563573932e-02,8.979248685550098030e-03,4.562091966171082373e-04,2.139387713468221541e-03
9.830887768646634495e-01,8.934425020058483699e-03,5.719559875481623756e-03,3.458236242726849094e-04,1.911414615523805705e-03
9.893759049974786279e-01,6.987348517650844928e-03,2.415116567490446699e-03,1.245157108313921300e-04,1.097114206548763281e-03
9.938055661928829609e-01,4.372016832633853628e-03,1.349806316631309115e-03,6.775969908149680578e-05,4.048509587703997712e-04
9.918633598517759831e-01,6.083346302604208944e-03,1.709235038885903750e-03,5.918699157036343459e-05,2.848718151636054166e-04
9.928272494542605964e-01,4.853925730196280430e-03,1.564186072547269803e-03,4.360406812797134089e-05,7.110346748678648618e-04
9.921584202549720288e-01,4.068327438461901389e-03,1.015275409512673283e-03,4.860831496782929003e-05,2.709368582085469428e-03
9.486817845803037219e-01,2.770692171153736269e-02,1.819889802090191022e-02,5.692890457043453143e-04,4.843106641552666694e-03
9.681919012630212373e-01,1.313318396696749879e-02,1.689193745778434785e-02,4.843760083470773276e-04,1.298601303879840917e-03
9.694633114447366307e-01,1.382999866905908377e-02,1.325987685403075961e-02,3.057569500448033164e-04,3.141056082128708491e-03
9.719735685168268136e-01,1.160204811982352632e-02,1.421342366849517695e-02,4.057992456509449883e-04,1.805160449203509990e-03
9.759022319283470193e-01,1.170242779359117330e-02,1.123379747851179118e-02,4.519988942961179041e-04,7.095439052537913949e-04
9.500182536296295499e-01,2.169213187692888359e-02,2.533809236873814374e-02,9.883935169500543318e-04,1.963128607753294053e-03
9.742021443544441883e-01,1.211739748567838316e-02,1.016645460806163415e-02,5.482702379540782154e-04,2.965733313861779793e-03
9.941470418048777846e-01,3.500267300460672450e-03,1.850404768237685210e-03,1.182483141127814094e-04,3.840378123110308275e-04
9.981056027962694754e-01,1.072360138583887488e-03,5.270310582710928827e-04,5.243205607290294193e-05,2.425739508025845023e-04
9.982293564811264286e-01,8.829116721434838869e-04,3.072989469763568794e-04,3.514304260172906869e-05,5.452898571518648022e-04
9.975261696531143585e-01,1.114521388048930924e-03,6.520922662666097302e-04,1.137891510777656586e-04,5.934275414921600256e-04
9.966611596220152913e-01,9.997540496131701766e-04,4.543334186901796016e-04,7.723572573912278433e-05,1.807517183942271158e-03
9.921755191122924034e-01,2.142586121371809448e-03,7.690998255938714554e-04,1.231326098128589545e-04,4.789662330929133141e-03
9.957879551039698907e-01,2.192007500144108577e-03,5.634561223072679856e-04,6.263853793501195685e-05,1.393942735643735392e-03
9.950032649080899905e-01,2.639863789750394527e-03,5.424968566738396728e-04,6.205630354116409059e-05,1.752318141944481230e-03
9.926965022770782854e-01,2.296006287830244623e-03,6.480798631751983913e-04,1.164301112746601624e-04,4.242981460641648793e-03
9.842847147871254254e-01,6.151036607801949746e-03,1.747240292630643406e-03,1.614600269715987173e-04,7.655548285470227185e-03
9.911266263818733213e-01,4.816949286649324126e-03,6.976379736614839872e-04,4.754042717794938115e-05,3.311245930638019759e-03
9.959555586147318396e-01,2.382109913849254391e-03,4.519243546505257760e-04,2.887933794522102785e-05,1.181527778823153680e-03
9.973795403940364235e-01,1.814511559122238514e-03,2.892877490359186277e-04,1.550458898465066236e-05,5.011557088206778070e-04
9.924027191342493781e-01,4.115483817490245277e-03,1.191372554932020045e-03,7.103504733785543734e-05,2.219389445990406929e-03
9.950551472552693344e-01,2.771428475052566988e-03,8.834069092872941058e-04,6.885108285423647417e-05,1.221166277536690553e-03
9.968704211761757472e-01,2.263475571337434863e-03,4.735902898970407505e-04,2.123555706299257598e-05,3.712774055268698863e-04
9.978240345780606813e-01,1.786122190742333400e-03,2.374605687285840500e-04,8.220448489751923984e-06,1.441622139785392125e-04
9.975969880818865709e-01,2.113774568391758261e-03,1.537292109359934085e-04,6.976128775028551670e-06,1.285320100106927094e-04
9.978825015018186750e-01,1.845695528621378286e-03,1.722278130849807761e-04,6.835724281446024607e-06,9.273943219346414391e-05
9.970876728124485888e-01,2.567357734496738750e-03,2.467124858273815852e-04,1.107019231577969942e-05,8.718677491150185715e-05
9.923168524858517747e-01,6.893189610228209196e-03,5.999675005557228175e-04,2.171604900544903832e-05,1.682743543587058124e-04
9.976639325987071150e-01,2.012395389494020526e-03,2.473883534371984234e-04,7.639549575641528593e-06,6.864410878603604898e-05
9.983816533329431531e-01,1.438144294802108647e-03,1.213531009169637522e-04,5.309434086800191730e-06,5.353983725110634579e-05
9.987684307070595624e-01,1.081933649863363626e-03,9.187836351451619441e-05,4.350759990294370042e-06,5.340651957239863111e-05
9.973096347851775345e-01,2.420293873423185783e-03,1.663766120656374656e-04,7.149862794819717264e-06,9.654486653875203812e-05
9.971807628350245478e-01,2.437506802274767327e-03,2.903383697119252022e-04,1.139263220992965279e-05,7.999936077871845500e-05
9.975714741559692511e-01,2.101646298890363831e-03,2.568340280749336008e-04,1.127825102525693621e-05,5.876726604015871557e-05
9.979178058135297347e-01,1.805012549131540956e-03,2.055661736826618568e-04,1.109969646243722981e-05,6.051576719354807599e-05
9.971065084264554290e-01,2.530740707464546220e-03,2.583298422047948495e-04,1.420402236242647039e-05,9.021700151270294749e-05
9.949463246765977154e-01,4.231070004664248992e-03,7.161138023974403678e-04,2.319308351632934318e-05,8.329843282426236664e-05
9.977494955906156537e-01,1.859359029128672229e-03,3.256325643803667296e-04,1.456036930806135357e-05,5.095244656717180061e-05
9.981038369098190755e-01,1.651477746129713289e-03,1.741889793601270736e-04,9.714955099559193381e-06,6.078140959148586344e-05
9.935277347264279690e-01,5.712543641926206249e-03,5.142003032773019566e-04,1.916335222613286591e-05,2.263579761424493165e-04
9.939955878850065263e-01,5.240962879284909691e-03,5.499885923060824971e-04,2.039217909899732832e-05,1.930684643035228366e-04
9.982092672178208836e-01,1.508380695188832202e-03,1.736956646913659363e-04,9.003796672301921382e-06,9.965262562650956980e-05
9.922259194952711692e-01,6.671276353327077954e-03,7.890142728916723584e-04,2.699798510521360834e-05,2.867918934048138322e-04
9.981826736048440285e-01,1.523796537912645421e-03,1.663825701822247251e-04,7.968134688630046440e-06,1.191791523722999228e-04
9.974631149368516914e-01,2.188860010297032262e-03,1.910385356554767712e-04,9.024859140205330308e-06,1.479616580554342017e-04
9.963262744554985950e-01,3.186837350064331779e-03,3.545556641687696740e-04,1.331978824802882249e-05,1.190127420203322141e-04
9.981385308757291241e-01,1.608168099244590074e-03,1.693991936298126051e-04,8.872054488326654246e-06,7.502977690804722970e-05
9.939963100066406820e-01,5.253511783680530831e-03,5.093814497162907308e-04,2.194203747921193468e-05,2.188547224834097842e-04
9.950987919942253512e-01,4.314479750961978770e-03,3.747190841353468301e-04,1.709016627378219535e-05,1.949190044036591544e-04
9.968248804776261851e-01,2.735233044472454040e-03,2.936088595151423262e-04,1.077253330608025732e-05,1.355050850801480975e-04
9.971778972308533717e-01,2.480299460866689475e-03,2.262299386987413148e-04,8.677802468010228991e-06,1.068955671130694354e-04
9.961936451176900409e-01,3.292251821130358531e-03,3.746109857527526381e-04,1.222645230037855166e-05,1.272656231265324647e-04
9.981594524522378054e-01,1.609996977630534509e-03,1.351439221165284560e-04,6.832495627401162992e-06,8.857415238769540808e-05
9.974200250765242748e-01,2.218446797103354896e-03,2.265285425312248710e-04,1.151877032584536892e-05,1.234808135152768750e-04
9.974991239326131964e-01,2.208566471933889452e-03,1.736104565099335739e-04,9.631694304783254039e-06,1.090674446381877913e-04
9.969088170713179542e-01,2.762680524333910054e-03,1.722886773691304461e-04,9.341102589724354824e-06,1.468726243892121944e-04
9.974614961663533785e-01,2.240014567953080640e-03,1.752900433192271766e-04,1.019285339592762971e-05,1.130063689784186284e-04
9.969434225088175117e-01,2.719148622478587130e-03,1.629483603424787281e-04,7.802340470907978114e-06,1.666781678906344383e-04
9.989313169718442298e-01,9.101658413214125994e-04,7.445168560075155471e-05,4.119458545922712780e-06,7.994604268763690980e-05
9.984031216524710262e-01,1.413331690336737303e-03,8.031507658189931606e-05,4.290631330764394706e-06,9.894094927973439335e-05
9.953538489935365163e-01,4.279018421611257075e-03,1.742832488749270533e-04,7.188730435597145377e-06,1.856606055418516142e-04
9.948508136363152232e-01,4.560323377292580665e-03,1.626955493090688802e-04,7.705548405715441614e-06,4.184618886773512343e-04
9.916224128746801147e-01,7.483200735665811870e-03,2.896046539557751119e-04,1.228872912643372043e-05,5.924930065717209579e-04
9.965569455925417097e-01,3.102744243268168358e-03,1.327952704624051896e-04,6.644154095144591786e-06,2.008707396325102603e-04
9.939195367668959280e-01,5.450356269845020411e-03,3.959842545267172435e-04,1.307187605700771818e-05,2.210508326754682148e-04
9.956274773401579958e-01,3.885948843024208781e-03,3.563377435515258248e-04,1.229152189088348709e-05,1.179445513753886053e-04
9.895559953932414610e-01,9.423673510748530741e-03,6.744256223307727250e-04,2.060595938215010862e-05,3.252995142970231852e-04
9.883284438603235911e-01,1.029459368034859462e-02,9.947838534713755558e-04,3.790249483622439551e-05,3.442761110200166070e-04
9.899018718166485709e-01,9.060189842057440879e-03,7.615642989683424346e-04,2.662783386542406848e-05,2.497462084601559471e-04
9.958592244607969990e-01,3.713858457272884057e-03,2.631508097968921671e-04,1.072680597724579321e-05,1.530394661558170141e-04
9.887925638828847230e-01,1.022191214635045746e-02,5.621783117168049123e-04,2.236165107364687101e-05,4.009840079742705036e-04
9.029403785532730264e-01,9.056380964504791298e-02,4.604868512259787348e-03,7.913194918744627816e-05,1.811811340232023738e-03
7.653062061930889781e-01,2.199594220077324969e-01,1.142286045335331145e-02,9.450029255855457787e-05,3.217011053266850655e-03
8.759068969590058096e-01,1.098526437225702396e-01,1.044413690028224428e-02,9.758049368180664101e-05,3.698741924459897704e-03
9.149498262535197268e-01,7.283321417188272362e-02,9.210131583991316984e-03,1.207634638110904142e-04,2.886064526795165033e-03
9.742889427734929830e-01,2.243568371249050550e-02,2.519087531402474690e-03,4.140288552998422768e-05,7.148830970840292171e-04
9.900070447924914641e-01,8.926927316646645835e-03,5.983792210201357986e-04,1.630684353041635356e-05,4.513418263114744454e-04
9.662478456163491325e-01,2.979122089209214688e-02,2.347725023520217617e-03,4.142777186902982099e-05,1.571780696169467178e-03
9.103228143955939267e-01,8.286464413619940017e-02,4.386269993062235674e-03,5.175016777112073071e-05,2.374521307373461849e-03
9.644566369824878471e-01,3.193037287489430831e-02,2.217782739162942399e-03,3.569221970524701348e-05,1.359515183749692054e-03
9.266612146239120440e-01,6.708485460083998819e-02,4.399669177763563567e-03,6.302214077747142051e-05,1.791239456707093610e-03
9.662728191436033010e-01,3.059912390528782278e-02,2.124609709527099360e-03,4.084977723296480460e-05,9.625974643486923501e-04
9.839958539594632070e-01,1.409480392468999768e-02,1.105356693263397473e-03,3.067910852733800428e-05,7.733063140559829057e-04
9.872438265015760495e-01,1.099636996158699642e-02,9.580161859424845107e-04,2.732931496032908359e-05,7.744580359340839460e-04
9.794001453500161825e-01,1.821745211482626164e-02,1.453419531939150995e-03,3.819996318214599103e-05,8.907830400363501294e-04
8.797186461030364057e-01,1.089104475015502255e-01,7.982620785853917697e-03,1.012416585262687684e-04,3.287043951033229508e-03
6.591886330168906794e-01,3.112639564541704873e-01,2.398292254168124180e-02,2.006235881331466559e-04,5.363864399124509789e-03
8.938802390212468030e-01,9.470073877190249290e-02,8.682851211493447866e-03,1.008545785393537736e-04,2.635316416817848426e-03
9.520359884126914363e-01,4.240473948007696114e-02,4.341721352193670704e-03,5.977987143230105980e-05,1.157770883605865149e-03
9.751895534768137974e-01,2.214219485655751982e-02,1.861373163707378533e-03,3.149499704476849761e-05,7.753835058766007406e-04
9.287794719558637446e-01,6.606728850793847085e-02,3.698198321822190621e-03,4.025087945063497241e-05,1.414790334925014777e-03
9.072877572107174160e-01,8.450362570460161205e-02,6.249550459098763763e-03,6.742172883742040591e-05,1.891644896744695261e-03
8.187309238933951905e-01,1.664174783955976455e-01,1.247282231604391299e-02,1.074151672819375974e-04,2.271360227681410663e-03
9.330879840443047080e-01,5.983395243517591888e-02,5.616834224346429691e-03,4.587671078231425116e-05,1.415352585390567981e-03
9.470039417360444078e-01,4.645743885831429137e-02,4.275579859113355814e-03,4.386466153615473231e-05,2.219174884991776883e-03
9.758264799070479611e-01,2.078854111665396145e-02,1.840915042360458933e-03,1.955619036225793978e-05,1.524507743575377735e-03
9.733660031180842998e-01,2.273562358563871455e-02,2.496075514033140649e-03,3.636765713281022924e-05,1.365930125111204608e-03
9.460016832027909883e-01,4.618188719155449234e-02,5.570311592295242031e-03,8.732026687289645977e-05,2.158797746486535839e-03
8.670707065850010720e-01,1.121862895956398376e-01,1.654581150038042861e-02,2.185530862329056016e-04,3.978639232745754921e-03
7.919120927994960368e-01,1.774563923211808780e-01,2.590257973380932430e-02,2.458059679746084900e-04,4.483129177539298127e-03
8.742844322543841251e-01,1.044219712449367676e-01,1.680696407259960404e-02,1.852803267224682954e-04,4.301352101357142771e-03
7.699529564904872281e-01,1.963578518949303797e-01,2.907343543191352742e-02,2.528726659891734375e-04,4.362883516679651880e-03
8.221455467743770118e-01,1.535595845356126088e-01,2.090241457693709642e-02,1.994260218220113181e-04,3.193028091251224557e-03
9.437782328017831901e-01,4.703827855256899337e-02,7.585449671972716371e-03,1.005608459647774498e-04,1.497478127710390660e-03
9.316449945367656360e-01,5.740962414438514905e-02,8.820122690585680339e-03,1.497039114990389257e-04,1.975554716764460310e-03
9.009132712938374699e-01,8.744058926662702513e-02,9.892454399884571814e-03,1.388080937319737917e-04,1.614876945918741454e-03
9.492813623808574741e-01,4.268398499053299017e-02,5.469601946532008305e-03,8.680815289538438184e-05,2.478242529182192282e-03
9.911482649176559523e-01,6.276128758184505371e-03,7.536821267843114413e-04,2.711167456722118543e-05,1.794812522808037544e-03
9.671209887115258530e-01,2.660380520956602546e-02,4.672277421941642937e-03,1.272484083460167755e-04,1.475680248620477768e-03
9.654016952623458714e-01,2.699649348630048934e-02,5.587421858128777639e-03,1.774052609205332531e-04,1.836984132304367821e-03
8.622160287667772760e-01,8.470226687560719614e-02,1.248825981305583255e-02,3.124616666773410881e-04,4.028098287788240556e-02
7.297298838807260157e-01,6.193056483058307499e-02,1.795239244577469945e-02,8.340970569682114050e-04,1.895530617859480516e-01
7.740562208315682202e-01,5.124159393226914577e-02,9.005277015346072403e-03,2.805921219829120793e-04,1.654163160988335601e-01
6.802795405899488834e-01,1.632891068738401008e-01,2.865407413381905813e-02,4.258731447715656190e-04,1.273514052576202038e-01
4.793316959920316256e-01,3.366504952260147843e-02,8.797207248919743788e-03,1.880311827714985272e-04,4.780180160536757761e-01
6.866303754951251781e-01,8.343734748521132449e-02,1.506294471331881546e-02,3.582575586735444470e-04,2.145110747476710045e-01
6.113507694373878643e-01,4.363610874747005097e-02,8.036321379709695026e-03,2.552473420226197571e-04,3.367215530934097312e-01
7.528945449534411027e-01,6.174968477325568778e-02,7.959553561336193961e-03,1.845652161656902255e-04,1.772116514958013145e-01
6.876351256515207400e-01,5.282042435130206853e-02,1.024081558546058486e-02,3.126377647673066066e-04,2.489909966469494029e-01
5.459722483068234489e-01,4.458262885738265707e-02,1.241530401850386538e-02,4.990090546191322616e-04,3.965308097626709105e-01
6.351341382010226022e-01,3.439769064485991706e-02,1.916191269547887904e-02,7.413212638911136857e-04,3.105649371947474813e-01
5.997031506668624168e-01,6.745453686019858321e-03,4.525782494427987163e-03,3.822826184598960989e-04,3.886433305342298916e-01
6.181312519284477558e-01,6.969883164301264068e-03,2.785745904544252496e-03,3.521121441264787833e-04,3.717610068585801564e-01
7.379812674508593462e-01,1.696159209873468465e-02,4.500372748172154318e-03,2.720338691288447697e-04,2.402847338331050298e-01
9.180652013008318013e-01,6.057557268705278386e-03,1.602355215033963911e-03,1.806858194438485331e-04,7.409420039598528518e-02
9.776163168521100344e-01,5.758572299176838681e-03,1.394053199721352002e-03,1.509869156270739784e-04,1.508007073336472235e-02
9.345142716769105906e-01,4.179035071903553639e-03,5.598454730801719374e-04,7.206283031980896406e-05,6.067478494778578979e-02
9.744880439856596910e-01,9.329852347340463273e-03,1.414627994043015985e-03,1.381687784867267248e-04,1.462930689447006216e-02
9.597440072451759452e-01,1.596592038360462179e-02,2.138972594459121086e-03,1.847737409824216350e-04,2.196632603577779869e-02
9.545853755875312041e-01,8.422880196315577286e-03,1.327556037031846041e-03,9.414570741279559255e-05,3.557004247170859196e-02
9.636515705165672463e-01,5.259307632882171540e-03,1.209312703162403451e-03,1.097415700452575169e-04,2.977006757734278197e-02
9.491575099746836219e-01,8.796791367242651205e-03,1.054201372403168685e-03,7.027171086543311930e-05,4.092122557480507017e-02
9.890211014911108878e-01,6.030271953448041247e-03,1.086796744858410310e-03,6.879962827289580203e-05,3.793030182309763826e-03
9.361035450149697290e-01,4.150635346912721207e-02,3.369905296166252843e-03,1.071591721254525580e-04,1.891303704761143276e-02
9.744099351407199405e-01,6.955284966945605128e-03,1.098253179809059125e-03,7.822579743309858891e-05,1.745830091509215087e-02
9.344860898148640294e-01,3.181575664337069065e-02,6.655986325155571759e-03,3.160446807984687860e-04,2.672612253581126140e-02
9.526625475061232251e-01,8.219652860377405640e-03,1.591230127117799695e-03,8.913997168686190126e-05,3.743742953469466478e-02
9.690934913158922859e-01,8.976668500089317326e-03,9.756394777673458012e-04,4.904845972499560905e-05,2.090515224652592444e-02
9.475298107771803480e-01,3.428130802173059294e-02,3.236641871262564869e-03,8.396044114017061927e-05,1.486827888868651366e-02
9.895309981343882733e-01,7.670717080810077887e-03,6.909042813056390448e-04,1.697184018707838872e-05,2.090408663309012080e-03
9.780644105298239577e-01,1.856692774798930634e-02,1.361776577000717043e-03,2.437436779795667957e-05,1.982510777388033982e-03
9.736634233086746137e-01,2.326143254880205791e-02,1.529985683997358301e-03,2.144374022297217591e-05,1.523714718303101259e-03
9.748693849807910095e-01,2.227949781057259743e-02,1.970252453132525887e-03,2.708681395556490355e-05,8.537779415483794185e-04
9.741599171886410335e-01,2.299553352644476134e-02,1.791465809428765231e-03,2.378912885368586816e-05,1.029294346631893587e-03
9.470106539946786528e-01,4.705256226196535829e-02,4.201006139473513652e-03,3.619379154786944264e-05,1.699583812334555478e-03
9.207966468112571690e-01,7.052023998456205534e-02,6.863900998978558765e-03,4.900915765700323396e-05,1.770203047545049852e-03
9.202319782295591555e-01,6.799783752420038296e-02,9.912597907504266601e-03,5.660798791573524264e-05,1.800978350820465947e-03
9.527750321203861672e-01,3.874280388336602543e-02,6.651009293946838485e-03,4.414316362031345221e-05,1.787011538680629641e-03
9.129488928500462119e-01,6.915137407001184511e-02,1.270710488050245945e-02,9.080689000023049349e-05,5.101821309439377207e-03
9.579546743211734272e-01,3.151038468847938007e-02,6.277243172571281976e-03,6.588313457656289865e-05,4.191814683199416615e-03
9.407179478993780153e-01,3.644302002346006680e-02,1.660219844243235321e-02,4.389376855040142593e-04,5.797895949225483764e-03
9.347056807735283357e-01,1.550609067079331341e-02,1.454245679847415013e-02,6.849049543704284568e-04,3.456086680283358692e-02
8.742156717738256422e-01,2.842265242570626849e-02,3.314766561939781059e-02,1.856190222472900529e-03,6.235781995859728671e-02
6.925763429228269930e-01,3.783898182300646923e-02,1.459668593930717462e-01,8.243253342500081113e-03,1.153745625185945284e-01
5.642887355343030320e-01,7.859011173421408258e-02,1.635815078379085075e-01,8.339828167936783054e-03,1.851998167256375671e-01
4.470502500626857834e-01,8.702312481087245977e-02,1.144030902224127538e-01,4.907921157104056312e-03,3.466156137469249554e-01
4.837219949654081863e-01,6.502613882948263258e-02,8.937639583734882653e-02,3.342603658547433580e-03,3.585328667092129162e-01
6.031243307614209126e-01,5.319388538631854985e-02,1.024513748890258230e-01,4.077460679842967277e-03,2.371529482833917291e-01
6.387965051819183282e-01,3.898552597751883675e-02,3.791712270668148865e-02,1.565688542674757103e-03,2.827351575912065984e-01
5.880477173009120984e-01,5.776083908210357526e-02,5.363047648139680074e-02,3.331104472580326530e-03,2.972298626630071050e-01
6.896819910799819597e-01,4.035958451454079582e-02,5.152859041428627801e-02,2.627057514234701179e-03,2.158027764769562817e-01
6.199498163162858733e-01,5.223913142338525162e-02,1.400724486449579365e-01,6.895821250775402075e-03,1.808427823645954724e-01
7.995470988674209245e-01,3.909457966381324479e-02,8.108945270476305978e-02,3.599455394029461505e-03,7.666941336997330769e-02
8.206567823984551868e-01,3.797022415447414562e-02,8.301591735209179479e-02,4.553045838138932745e-03,5.380403025683990620e-02
9.279462021683342332e-01,2.356847019547945316e-02,2.824034127437995145e-02,1.287790387999955977e-03,1.895719597380636154e-02
9.402905340423444169e-01,2.713291174419257129e-02,1.787721013961809935e-02,4.888406062546117679e-04,1.421050346759033384e-02
9.808095092976834017e-01,6.654835377641192193e-03,3.368817769135392173e-03,1.388436060488793607e-04,9.027993949491063680e-03
9.598570136491106908e-01,4.128244585583294192e-03,1.455888798266338898e-03,7.825552715827307690e-05,3.448059743988130671e-02
9.937761427919254986e-01,2.037698272786128001e-03,4.156349628960928416e-04,1.931974445441078851e-05,3.751204227937967716e-03
9.940151145679072542e-01,1.260846067848006005e-03,2.463283426533894715e-04,1.471783950474419222e-05,4.462993182086440712e-03
9.967996295668966056e-01,5.822082672164220242e-04,9.348063439948234787e-05,7.844814459484553544e-06,2.516836717028023921e-03
9.969414086585263179e-01,8.039889740961007111e-04,1.319104142603854377e-04,1.083652843989651901e-05,2.111855424677326881e-03
9.962271053433068291e-01,2.021337550762582029e-03,2.322547912947543736e-04,1.230195906373199186e-05,1.507000355572189190e-03
9.971159355109696643e-01,1.191162109201223751e-03,1.875279622142048206e-04,1.302104075916696933e-05,1.492353376855799687e-03
9.917623829212670605e-01,5.071497524041150215e-03,7.302629526838218818e-04,3.236408112554060851e-05,2.403492520882314406e-03
9.941022079489799657e-01,4.102041694585229457e-03,7.707243417326675294e-04,3.036073085221592248e-05,9.946652838500598219e-04
9.891671118430439558e-01,8.062638320032544312e-03,1.358366639036868734e-03,5.373149463392238071e-05,1.358151703252690823e-03
9.954291329145316114e-01,3.394700343054802942e-03,7.669596626828320031e-04,2.910759819820924024e-05,3.800994815325986877e-04
9.972869130304281571e-01,1.923770945760958691e-03,5.586546896695433794e-04,3.149609616846430995e-05,1.991652379730937672e-04
9.951077051566911136e-01,3.692930284045917947e-03,9.620670831506040674e-04,3.799802776134400257e-05,1.992994483509709098e-04
9.970703979089603486e-01,2.085552835903523548e-03,6.878783874219279292e-04,3.101060966434178662e-05,1.251602580498090069e-04
9.963850964222141782e-01,2.071089630704191914e-03,1.274747102262161315e-03,9.729016266093944458e-05,1.717766821587087553e-04
9.930008344070290205e-01,4.558766247233422657e-03,2.102899841272897787e-03,1.007919018946511430e-04,2.367076025699885438e-04
9.974183293527728589e-01,1.817670060872508819e-03,6.300151074499403753e-04,3.465158448172586013e-05,9.933389442287047686e-05
9.977828748900975375e-01,1.568029943776938408e-03,5.536406496950012400e-04,3.233554335826074362e-05,6.311897307226084432e-05
9.990017983412559088e-01,7.470718944701093935e-04,1.883997080969723704e-04,1.431954946612561027e-05,4.841050671085502985e-05
9.989344152501746787e-01,8.311263710781522122e-04,1.704754562385383599e-04,1.098465299922161380e-05,5.299826950940625717e-05
9.990048621464465706e-01,7.234046170270251510e-04,2.105618476822553411e-04,1.373961337422439612e-05,4.743177546974390699e-05
9.965490443032781753e-01,2.367722639150729794e-03,8.469753753772362673e-04,5.325669862722876046e-05,1.830009835664956675e-04
9.907767953982390408e-01,5.504086477057548027e-03,3.330752556559297538e-03,1.435111874426750987e-04,2.448543807013253064e-04
9.979720071054380970e-01,1.200225363258078859e-03,7.195570041684955275e-04,3.734015329008890641e-05,7.087037384514436645e-05
9.988095552353382089e-01,8.059084065553856393e-04,2.877657533596057575e-04,2.044026261954675619e-05,7.633034212727903131e-05
9.970814884677394740e-01,2.080091714723954991e-03,6.942204194525006776e-04,3.646072201837906481e-05,1.077386760657313830e-04
9.983634119885026470e-01,1.116694930010053450e-03,4.314315459940155396e-04,2.643854223443630657e-05,6.202299325885405452e-05
9.984844522787812426e-01,9.708748715473472469e-04,4.588216495018110483e-04,2.985489133608481101e-05,5.599630883349944758e-05
9.982962304943602261e-01,1.118828462837188811e-03,4.839213131248378571e-04,4.051396555110394496e-05,6.050576412646727824e-05
9.856828556095926785e-01,8.892111331265020041e-03,4.825107667798814864e-03,2.727897408508131579e-04,3.271356504926390199e-04
9.753500593735845436e-01,1.579225769081023592e-02,7.431651499403450073e-03,3.469045990125886473e-04,1.079126837189042613e-03
9.699533223532808002e-01,1.765708728471102745e-02,1.144604838135523071e-02,2.814791309689696711e-04,6.620628496838067579e-04
9.391548310268182931e-01,3.620958109910331346e-02,2.330846317898680950e-02,4.842051989017599474e-04,8.429194961898166900e-04
9.745582280751323712e-01,1.690760271893334415e-02,7.990793534678309815e-03,1.564366491628337897e-04,3.869390220930875486e-04
9.631226838670421397e-01,2.205910181997857919e-02,1.419169541397850495e-02,2.904695477418975337e-04,3.360493512589738329e-04
9.393202549689350089e-01,2.433853104911964244e-02,3.514427947665178797e-02,8.212621179367141176e-04,3.756723873567729770e-04
9.682796145782865960e-01,1.674276815806620411e-02,1.385355939452254624e-02,4.435210224532941587e-04,6.805368466713291068e-04
