5.851103220459882293e-01,3.807602647003718171e-02,1.774050684940458311e-01,8.403088719424693653e-02,1.153776957956818006e-01
8.777724493638145997e-01,1.266781635189694923e-02,2.528482479045216988e-02,1.034858530624874033e-02,7.392632418758761370e-02
4.044190295567040017e-01,1.367586630247686064e-01,1.041199905315980528e-01,5.120347613221347752e-03,3.495819692737079376e-01
4.431739298928268345e-01,1.660904662460562786e-01,9.288021174727298379e-02,2.995373414361368093e-03,2.948600186994825290e-01
2.322096946638048942e-01,7.667402821464321117e-02,9.114504874093531939e-02,1.830325855373152134e-03,5.981409025252432121e-01
5.434714021671680495e-01,9.457908654836993945e-02,8.365189408342434130e-02,1.600569297912655736e-03,2.766970479031249375e-01
4.027145291106475344e-01,1.066568130753695470e-01,1.150392691251826971e-01,1.350103266461678310e-03,3.742392854223384191e-01
1.360995615816841808e-01,2.079146267085652533e-01,3.206869664055345126e-01,1.291736291452157907e-03,3.340071090127639808e-01
1.780935701434429863e-01,2.478647118487847800e-01,2.778865304451341167e-01,1.139928193986328858e-03,2.950152593686518054e-01
3.552388246136516936e-01,1.889775336785633753e-01,2.686542751504132354e-01,1.242399297533173597e-03,1.858869672598385536e-01
7.164073303901115075e-01,4.075015026323392658e-02,9.534248652613960817e-02,1.944281420520178535e-03,1.455557513999948538e-01
5.064490441444146063e-01,6.315038499853414811e-02,1.755658826109707804e-01,5.512649035494797747e-03,2.493220392105857941e-01
8.105985168116915940e-01,1.176236315012602757e-02,2.009407026116000888e-02,1.554999905453479606e-03,1.559900498715688921e-01
8.107691116478955573e-01,1.731549087807203804e-02,3.225733254833007546e-02,3.209694457675580075e-03,1.364483704680267140e-01
6.962963324775502949e-01,1.423475555583805958e-02,3.345428378787507206e-02,4.639460596489392366e-03,2.513751675822471499e-01
8.283506748086738591e-01,1.099041709624017787e-02,2.935507694319952621e-02,6.402035025642950801e-03,1.249017961262435666e-01
7.207180087713723760e-01,2.019357797314290034e-02,8.346829307895722860e-02,2.332341043893427016e-02,1.522967097375932666e-01
8.804304590790869023e-01,6.989803047224353930e-03,1.772980073665374884e-02,6.017889712353245192e-03,8.883204742468159276e-02
7.680448663224515027e-01,1.884941838738806927e-02,4.246191522849759870e-02,9.125590891730043369e-03,1.615182091699327860e-01
4.560150709046451034e-01,6.393800590182655008e-02,6.651716028534918057e-02,3.933902264144896466e-03,4.095958606440342487e-01
3.545090422725474810e-01,2.953741728378195611e-02,2.631865824768687620e-02,1.011120304036724517e-03,5.886237618919468728e-01
1.494974183958258929e-01,4.779600976739235840e-02,3.638258148768260675e-02,5.095602202998366888e-04,7.658144301287993505e-01
1.924358926780545820e-01,2.888633099238470739e-02,2.929454903964918283e-02,6.860556987431749507e-04,7.486971715911684422e-01
2.069519779774139367e-01,1.587464331329114381e-02,2.438232416209275624e-02,8.478576434067263724e-04,7.519431969037956298e-01
2.711781504590322078e-01,1.881448090357165648e-02,2.212027020050334400e-02,5.301179522062735537e-04,6.873569804846864084e-01
2.195357536347094241e-01,1.909686996299892608e-02,1.939318674878701826e-02,5.595194479301177689e-04,7.414146702055746108e-01
2.068371695519698461e-01,2.695386841584774401e-02,3.546471564819798916e-02,6.888938118790220114e-04,7.300553525721055204e-01
1.819132135394641303e-01,2.043087625653628239e-02,4.436518610398448859e-02,1.300232872209336563e-03,7.519904912278058129e-01
2.276315939165269864e-01,2.113510889974667614e-02,8.042108051105159583e-02,2.711989404944638304e-03,6.681002272677299958e-01
1.787076886920487273e-01,1.646493688884603096e-02,6.221256306484768128e-02,1.751376388741185744e-03,7.408634349655163209e-01
3.539999159816110685e-01,1.673314193101710715e-02,4.554667202846857110e-02,1.946842653804704663e-03,5.817734274050985199e-01
4.325467883449068962e-01,6.793435614786136507e-03,1.304363482148616221e-02,1.072386261551088772e-03,5.465437549572698117e-01
4.746977753529729727e-01,1.868624925444289583e-02,2.640062001800779976e-02,8.510751821978912880e-04,4.793642801923784225e-01
5.040337464047448535e-01,2.797987848183539072e-02,5.138525107194449881e-02,1.144643078594190276e-03,4.154564809628810695e-01
6.613618439654238568e-01,1.051799161459719516e-02,1.428975589796424063e-02,6.224556625936473239e-04,3.132079528594212126e-01
7.825106800766271631e-01,1.780243230617459954e-02,1.612056682348841571e-02,7.352420555147508828e-04,1.828310787381951519e-01
8.793139752620213745e-01,7.861466960631977724e-03,1.648881794544629353e-02,1.940911223069168414e-03,9.439482860883097182e-02
8.014610820311715011e-01,1.244161573419290921e-02,2.229766017124215280e-02,3.260217718823480923e-03,1.605394243445700531e-01
6.978752760126752941e-01,1.439057163658823482e-02,3.927859070970927957e-02,6.082050846252475516e-03,2.423735107947747602e-01
7.821398003371164975e-01,1.350352623982981753e-02,3.469722391020499397e-02,1.229584677356231927e-02,1.573636027392864289e-01
7.199035149862502703e-01,2.073186188463653490e-02,3.524440528890802893e-02,4.219014677821379851e-03,2.199012031623837349e-01
7.858519131879544428e-01,1.474933879639107881e-02,2.861165120435514228e-02,6.490230132573976581e-03,1.642968666787254228e-01
7.464133951145321966e-01,9.926933737205746733e-03,1.172731768744226903e-02,1.151936340994960672e-03,2.307804171198248877e-01
6.271266411690527010e-01,1.285070608037913904e-02,9.083624155101017311e-03,5.828144933457629715e-04,3.503562141021214216e-01
5.554833288272474912e-01,2.678797192275124764e-02,1.227135118830525659e-02,4.318733307686929701e-04,4.050254747309273151e-01
4.547806711606190433e-01,3.426003196808555251e-02,4.288119101074765877e-02,9.419539415065735898e-04,4.671361519190412870e-01
3.873175550449947657e-01,7.118935415809608813e-02,1.101023195948588052e-01,1.794631058248876516e-03,4.295961401438014859e-01
3.884992340397168120e-01,5.657792756072472368e-02,5.783090320737560575e-02,1.109237421793756720e-03,4.959826977703890583e-01
4.037031522823077423e-01,4.235090988203343149e-02,6.040293790667506518e-02,1.241191433548948474e-03,4.923018084954347562e-01
5.020073398761752959e-01,6.168568094213296160e-02,6.676461577639544731e-02,9.744678031204021245e-04,3.685678956021759545e-01
4.787109363955088237e-01,8.096631505763371428e-02,2.127666156691419286e-01,3.756045026807936470e-03,2.238000878509076030e-01
5.112936413197455288e-01,7.941692654852269828e-02,1.024303157135871001e-01,1.909585529187157521e-03,3.049495308889575984e-01
4.411612565619063564e-01,1.086699165625215346e-01,1.355335294373948840e-01,2.201614219571421116e-03,3.124336832186057622e-01
3.105989619038992400e-01,1.122044374579523190e-01,2.248185245945800714e-01,2.671532355896146221e-03,3.497065436876721778e-01
3.681421803721172115e-01,1.203521085416101588e-01,1.981096257069607236e-01,2.157255228167002936e-03,3.112388301511449518e-01
3.935042277064607630e-01,8.614797920820720101e-02,1.877051718707980488e-01,3.224090106462857395e-03,3.294185311080711220e-01
4.571492542832012451e-01,5.390228618020839746e-02,1.308649776831423694e-01,4.250460831772177352e-03,3.538330210216759086e-01
4.990256233044194634e-01,5.657870558736990962e-02,1.014310902833751027e-01,2.588771488537826640e-03,3.403758093362976300e-01
4.837091255063900586e-01,4.992593093983674346e-02,1.433575603486308137e-01,3.930995790279615681e-03,3.190763874148626611e-01
6.260566972851024925e-01,2.892680230209468406e-02,7.281986841377188768e-02,3.660678139254944057e-03,2.685359538597760221e-01
6.439666395424320511e-01,2.736159805683250484e-02,8.633214232471048133e-02,7.462277499472000884e-03,2.348773425765529610e-01
5.881827937829572361e-01,3.172650186185822785e-02,7.741042676474518824e-02,3.623306426265156602e-03,2.990569711641740680e-01
6.914168941079729125e-01,3.162969578867908665e-02,5.701941245141724235e-02,4.028325118252528564e-03,2.159056725336783167e-01
7.877608175528881818e-01,2.012846586915337938e-02,4.175360950787964515e-02,2.938907936321059899e-03,1.474181991337576991e-01
6.411967702238323685e-01,4.506054297740419434e-02,7.490321906380374706e-02,4.989769786736866428e-03,2.338496979482228566e-01
6.000046541583919923e-01,5.101622881338194193e-02,1.038527023064905741e-01,4.246883097708225967e-03,2.408795316240273376e-01
5.274580686689971376e-01,5.869065479416153003e-02,1.973196352587027191e-01,6.101494072629777034e-03,2.104301472055089828e-01
7.254657504388584144e-01,2.229322641319626819e-02,4.429519169445605281e-02,2.188729075978540668e-03,2.057571023775108254e-01
7.652630702170687416e-01,1.439309412026364837e-02,1.567689857932659525e-02,1.071784391591933464e-03,2.035951526917489096e-01
7.570003751596413588e-01,1.549837688643299939e-02,2.076573020471453659e-02,1.254595823287451943e-03,2.054809219259236264e-01
7.499439457195857806e-01,1.623012298144560148e-02,1.789300215852230452e-02,1.133250928820583956e-03,2.147996782116257664e-01
8.100635977865054960e-01,1.375883150142658690e-02,3.054768257041427099e-02,2.240406949160859626e-03,1.433894811924928125e-01
7.800441380054600193e-01,1.304441894355426977e-02,3.522034081212310763e-02,3.540897338159767864e-03,1.681502049007028154e-01
7.647243495562769944e-01,2.189446763079992350e-02,4.743235497210739060e-02,4.141194849567456267e-03,1.618076329912482569e-01
6.179393199835753192e-01,6.445454721366433715e-02,7.355981797985254589e-02,2.787305869491117465e-03,2.412590089534166482e-01
8.130999928531030818e-01,2.335839004877081349e-02,2.038227486677752359e-02,1.029927226459925391e-03,1.421294150048885985e-01
9.105872664796841320e-01,2.414727834874118295e-02,1.403309585908289574e-02,8.478625527924019221e-04,5.038449675969938063e-02
7.965523820943321009e-01,3.105482635962189542e-02,3.534294184896516478e-02,2.374443478244177286e-03,1.346754062188366130e-01
6.198231411320400674e-01,6.323555565123131772e-02,1.002150337135670755e-01,4.872792638201623415e-03,2.118534768649598943e-01
6.386413908949317708e-01,4.114538395244536628e-02,9.265121070128375103e-02,3.401108870109214623e-03,2.241609055812299189e-01
6.457804283377409638e-01,4.057563818862056776e-02,7.340872584292104652e-02,2.359917994382761466e-03,2.378752896363345859e-01
6.629235047054159446e-01,5.503331364779547041e-02,9.034704653115409323e-02,2.428904944137649097e-03,1.892672301714968530e-01
7.768248417472520817e-01,2.434660784450760201e-02,5.704698774195209737e-02,1.938613383497108690e-03,1.398429492827911735e-01
7.699797171265990725e-01,3.295433558672418439e-02,5.884155856894184022e-02,2.862332909015359930e-03,1.353620558087194337e-01
7.833095419962392558e-01,3.250152964094350089e-02,3.987709656866836316e-02,2.419407252389751614e-03,1.418924245417591823e-01
7.335889909271415821e-01,4.053531668660244336e-02,4.911451723314645690e-02,1.806352339600158109e-03,1.749548228135093253e-01
7.205076071407373606e-01,5.478588827808336670e-02,6.759415742221551449e-02,1.909769856775228418e-03,1.552025773021885324e-01
7.481676664127783205e-01,3.605320015027477232e-02,5.488020932925452566e-02,2.428304353448565607e-03,1.584706197542438133e-01
7.729459119923508537e-01,2.325575207383103957e-02,4.465016920458783622e-02,1.839360304232697148e-03,1.573088064249973939e-01
7.499257967991157514e-01,2.441215833087836962e-02,3.170667385444961989e-02,1.894990565322566146e-03,1.920603804502337975e-01
7.041543617055835425e-01,5.428133531878637924e-02,5.131436289049622068e-02,1.609066246920174770e-03,1.886408738382137074e-01
6.319940801803977104e-01,7.121589898425188803e-02,5.763498073733630545e-02,1.908834105396864942e-03,2.372462059926172817e-01
6.824563999355397481e-01,3.413993075116217302e-02,4.909720055855970600e-02,2.251171490966309002e-03,2.320552972637720535e-01
6.689525366354581726e-01,3.801125050164810837e-02,5.153102108436057038e-02,2.024466928765067397e-03,2.394807248497682062e-01
7.046280620436884412e-01,2.390142424377288827e-02,4.001823780695765165e-02,1.199997553512917965e-03,2.302522783520681848e-01
7.453106351657068362e-01,1.317527554951969208e-02,2.709774748493583296e-02,1.485744579833084972e-03,2.129305972200044861e-01
7.731475707951641629e-01,9.929865712914546366e-03,2.359512442079469974e-02,2.095363003653727754e-03,1.912320760674729170e-01
7.408467593572455323e-01,2.192051958349209434e-02,3.437488140675709625e-02,2.316620967130970064e-03,2.005412186853741952e-01
6.395612227207964073e-01,5.559362191682578475e-02,6.975159943114481176e-02,2.366193774943179881e-03,2.327273621562898631e-01
8.669319091024756396e-01,6.135300988059166384e-03,4.731924733225817067e-03,4.334818024918594146e-04,1.217673833737475120e-01
9.184257344175125182e-01,4.734219541816473212e-03,2.669816771029033357e-03,2.653584809373102024e-04,7.390487078870459914e-02
8.588829490054837867e-01,1.418925734724813502e-02,7.652168648565429651e-03,5.249340854125726435e-04,1.187506909132902688e-01
8.729655330816628034e-01,6.831480062975701928e-03,8.502921798546128618e-03,1.822955234521589449e-03,1.098771098222935533e-01
7.963682459489215271e-01,1.732296171456102277e-02,5.264337029589179207e-02,1.098521167640831471e-02,1.226802103642173070e-01
8.208038790962784992e-01,6.893316615141055308e-03,1.082323781424734087e-02,1.818120931792005426e-03,1.596614455425409695e-01
7.998584904514894900e-01,1.196528159176769510e-02,2.540831975169776866e-02,5.225788589982045297e-03,1.575421196150628700e-01
7.634877873489960276e-01,1.203388147664165991e-02,1.772103484701248802e-02,4.023223814981848750e-03,2.027340725123679133e-01
9.275637591908278967e-01,8.481249520492105745e-03,8.803728574359386688e-03,1.731182145153245273e-03,5.342008056916736775e-02
9.035621533451001497e-01,7.250646927112155624e-03,5.088808704258937846e-03,8.975469791301454942e-04,8.320084404439861969e-02
8.389083992011140412e-01,2.946107660092693592e-02,1.683453483679298035e-02,9.852153862409413626e-04,1.138107739749250891e-01
7.046240056626220660e-01,1.446590681909022680e-02,1.622520688213750437e-02,1.922112432423325572e-03,2.627627682037269041e-01
7.331826791876832061e-01,1.125385724285727848e-02,8.996669024166717779e-03,7.240335397928678593e-04,2.458427610054998991e-01
7.147955230119178438e-01,1.137802697686979281e-02,1.116047640790027336e-02,4.913551086689826267e-04,2.621746184946430192e-01
7.726655774399728838e-01,1.678391746562038836e-02,2.219056558815471827e-02,1.030428081252180448e-03,1.873295114249999005e-01
9.241150858017410652e-01,1.124597089514211765e-02,5.301376909573449550e-03,2.891177853272214695e-04,5.904844860821612668e-02
9.712770798331493705e-01,7.746619077768024386e-03,4.060128281724218260e-03,3.424748773039760488e-04,1.657369793005435826e-02
9.796045176527859999e-01,6.321050411671043541e-03,2.203468956368525699e-03,2.042385216184861756e-04,1.166672445755577783e-02
9.543309362692458109e-01,2.851184460246573155e-02,4.416245415183483146e-03,1.811539383574951726e-04,1.255981977474750905e-02
7.683458260296011089e-01,1.879734350728321235e-01,2.404374067551417332e-02,3.718955925185219477e-04,1.926510262953404912e-02
8.012749274594236359e-01,1.564960431723433354e-01,1.527006605320274137e-02,2.234569126006834955e-04,2.673550640242978657e-02
8.876104967880805718e-01,7.323507254255906540e-02,1.032054999727131418e-02,1.339213292809169394e-04,2.869995934280806030e-02
7.653878771029818395e-01,1.798489468422218296e-01,1.757136890768876830e-02,1.674946704385874788e-04,3.702431247666908287e-02
8.291731786788585357e-01,1.244289621856696504e-01,8.869015973038005263e-03,1.042815275227786467e-04,3.742456163491106325e-02
4.551323421479136488e-01,4.549271716333372351e-01,3.409926987521149505e-02,1.411556407198200406e-04,5.570006070281780658e-02
3.282854095029352770e-01,4.961649476688881344e-01,4.606739638347692734e-02,1.887987255435859626e-04,1.292934477191560183e-01
2.559366958227694555e-01,5.756592772610156228e-01,8.504365045892889330e-02,2.191170496760762234e-04,8.314125940761005196e-02
1.024430959549977316e-01,5.819326539238847129e-01,1.233513834444851381e-01,2.882239659719256527e-04,1.919846427106604581e-01
1.635222351163474197e-01,5.487238217659996531e-01,1.161537966549617273e-01,3.866783297464027633e-04,1.712134681329447461e-01
7.604319919644295100e-02,5.983639289753810431e-01,1.737201203907521585e-01,2.728820990251102762e-04,1.515998693383986962e-01
1.038926250718290450e-01,6.156901344546548138e-01,1.428744991072871118e-01,2.628524484924568737e-04,1.372798889177365977e-01
3.724045501783052048e-01,4.115116847178784121e-01,1.008893974251332676e-01,4.044886725213534331e-04,1.147898790061617630e-01
2.037505742409351228e-01,5.677220012496243529e-01,1.620195299140553546e-01,3.400600787996845985e-04,6.616783451658563020e-02
6.019618387401871884e-02,6.793189554370537842e-01,2.055700798649181260e-01,2.642419727010079759e-04,5.465053885130845279e-02
3.481697104900589868e-02,6.015790728438865642e-01,3.338514028976391490e-01,3.088045753978959219e-04,2.944374863407036441e-02
2.813367568555301401e-02,6.082520286776043061e-01,3.204370203249158333e-01,3.055185899974306968e-04,4.287175672192936049e-02
6.881177022393444864e-02,5.036652684369213873e-01,3.670857947838460644e-01,5.371243947164313498e-04,5.990004216058163189e-02
4.858003281477287633e-02,5.024445227809437586e-01,3.773347559009562757e-01,7.109544908532927686e-04,7.092973401247390508e-02
1.712293512556778766e-02,4.408805713358718292e-01,5.074658348217699899e-01,5.643063745815290848e-04,3.396635234220881511e-02
1.222755747771364990e-02,4.380929644487760455e-01,5.135369609522385526e-01,5.827451447740293177e-04,3.555977197649771993e-02
1.915418782572089751e-02,4.735370443991644418e-01,4.568304924986950066e-01,5.017228773450607693e-04,4.997655239907454472e-02
1.525700299289381098e-02,4.629787443443222350e-01,4.744304983575448609e-01,4.352876664760465739e-04,4.689846663876297977e-02
1.652143987230928618e-02,4.705639544938055030e-01,4.751826100275679532e-01,3.969963531724068385e-04,3.733499925314486684e-02
1.299897867913817617e-01,3.181978787667565922e-01,5.084030792458267278e-01,1.044084198678419013e-03,4.236517099735642028e-02
6.980772527429319751e-01,1.190106592031024563e-01,1.439514703405901930e-01,1.367215068371249167e-03,3.759340264500411061e-02
5.213577411725156541e-01,2.587395142106774237e-01,1.535987556333651971e-01,1.048065778769655685e-03,6.525592320467206442e-02
3.460193948152758270e-01,4.282256536420573356e-01,1.594451064177035693e-01,8.918526928492787617e-04,6.541799243211389447e-02
2.178149276459734884e-01,5.185927681056127225e-01,2.200028414557927969e-01,6.745264561184385367e-04,4.291493633650255574e-02
6.341477451266622212e-02,6.022606515842470198e-01,2.887168297622526580e-01,3.887989280052114535e-04,4.521894521282893847e-02
6.246540676319103924e-02,6.049614571856576362e-01,2.702979222380548774e-01,3.338693160873341340e-04,6.194134449700911677e-02
1.287181463334240439e-01,6.156650993125852844e-01,2.158359853806405548e-01,2.591128817101377713e-04,3.952165609163997562e-02
6.209033115737076086e-02,6.472937052779934586e-01,2.582162538246585148e-01,2.136546046631996893e-04,3.218605513531402895e-02
3.278269324274984964e-02,6.217725767277425541e-01,3.124306700835626782e-01,2.095944236528155327e-04,3.280446552229211027e-02
2.357642764436941249e-02,5.925234626617154055e-01,3.515906211708660911e-01,2.179088012272019912e-04,3.209157972182178492e-02
1.677133688615898427e-02,5.526801825512025479e-01,3.213877993885007056e-01,1.639616610739223941e-04,1.089967195130637778e-01
3.548215175359460682e-02,5.232662097895525166e-01,3.185582742931638567e-01,2.840649521653300846e-04,1.224092992115237005e-01
2.475557356630681341e-02,4.548676262159918049e-01,4.714775976590749873e-01,3.647850988304108264e-04,4.853441745979600319e-02
2.317047689683662468e-02,5.127911767004726951e-01,4.204688025867432954e-01,2.965071085355605834e-04,4.327303670741192154e-02
2.166368003200127776e-02,4.837528937643845728e-01,4.545711103349366344e-01,4.457140290933723462e-04,3.956660183958411042e-02
1.170895825962013116e-02,3.489049947742747237e-01,6.065015523868062530e-01,5.289839341660898748e-04,3.235551064513285391e-02
1.004350065630000149e-01,4.173927393632049232e-01,4.567297226326786919e-01,6.317400468619222128e-04,2.481079139425439867e-02
8.842709461054985010e-01,6.999519953268643069e-02,4.106822136662018063e-02,2.459471579747532824e-04,4.419685837220172983e-03
4.594847165003772549e-01,3.978594592793381901e-01,1.253878934563813496e-01,5.128223753460799724e-04,1.675510838855720497e-02
2.752466907802702534e-01,4.863981033523803177e-01,2.189745669320665167e-01,8.972373433156988426e-04,1.848340159196710381e-02
8.999860833054658393e-02,3.979795738651318859e-01,1.705397489522232635e-01,4.553684472613905702e-04,3.410267004048368467e-01
4.334987987929282000e-02,4.235645275013955602e-01,1.742211052298714424e-01,3.805128174645486944e-04,3.584839745719756721e-01
4.036899411752840616e-01,2.152365558732753925e-01,4.525797110902125137e-02,2.140233234839891956e-04,3.356015085189352209e-01
2.712062768099204324e-01,3.857116340034110191e-01,7.124723719790961030e-02,1.431757901945683586e-04,2.716916761985643802e-01
1.341196939688697742e-01,5.660749887609251019e-01,9.942976280877459383e-02,1.397169178612450051e-04,2.002358375435694116e-01
1.750815582680451954e-01,5.690581260951110831e-01,9.795466051467280333e-02,1.358766006840863183e-04,1.577697785214867976e-01
2.334149809366756756e-01,5.354464141375115949e-01,1.369811057432459289e-01,2.583992619249763679e-04,9.389909992064171540e-02
8.752701437829059350e-02,6.170043240081783953e-01,2.210869725305276701e-01,3.294040250814778484e-04,7.405228505792191274e-02
4.331026104680604782e-02,5.903173949513237373e-01,2.947639271636854352e-01,2.496511217086726394e-04,7.135876571647618849e-02
2.784317234147821660e-02,5.112642163941724105e-01,4.191004934065629683e-01,3.024997309657248708e-04,4.148961812682068484e-02
5.530669956257019959e-02,5.370578231516022205e-01,3.662626246067571811e-01,3.024794572985711641e-04,4.107037322177175404e-02
4.456972573916619801e-02,5.069031216117197980e-01,3.876951663637093204e-01,3.664812676858191388e-04,6.046550501771873198e-02
3.017732109727076090e-02,5.714928466628327319e-01,3.483595338935167041e-01,2.355368785393682643e-04,4.973476146784044233e-02
2.419347716293092018e-02,4.893857865028998777e-01,4.428305163231771036e-01,3.306105723579165490e-04,4.325960943863419589e-02
4.101099458467924452e-02,5.558874784249168144e-01,3.582816405588040709e-01,3.005790705458056709e-04,4.451930736105401409e-02
2.276582724790540344e-02,5.158021868217713690e-01,4.374559556600913779e-01,2.830892329244834521e-04,2.369294103730739537e-02
1.526067859537216104e-02,4.388542766123854078e-01,5.288347958910076807e-01,2.981260146089907866e-04,1.675212288662576363e-02
1.757435654350943122e-02,4.501633318164544040e-01,4.947984674888784018e-01,4.020783595462329506e-04,3.706176579161172407e-02
4.179726920565045994e-02,4.880362428145047504e-01,4.385928367611696688e-01,4.673370173001743831e-04,3.110631420137499603e-02
4.376131783901298644e-01,3.150297531473208457e-01,2.196610279032795709e-01,5.603093263010622792e-04,2.713573123296868228e-02
1.480090529396704269e-01,5.381660806670862662e-01,2.809644029622002104e-01,4.480120904553625124e-04,3.241245134058769184e-02
7.589202709806311398e-02,5.771804329532870259e-01,3.000433369781382309e-01,4.960769062956698304e-04,4.638812606421606477e-02
3.655174983522511273e-02,4.763820105312728814e-01,4.352841780842391928e-01,6.040714398588256564e-04,5.117799010940388138e-02
7.810672430874851524e-02,5.249168784846357516e-01,3.554335166403096991e-01,4.535081840014459518e-04,4.108937238230465916e-02
3.339835828199193279e-02,4.454673074765808094e-01,4.821872441790349129e-01,4.363177388113065975e-04,3.851077232358101482e-02
2.968598816672265300e-02,4.919336799729122633e-01,4.124054076064650465e-01,4.248001136269767227e-04,6.555012414027305834e-02
1.926514857669235289e-02,4.903245475099631823e-01,4.127961876854276957e-01,4.046706119882447893e-04,7.720944561592857358e-02
1.875410236826378918e-02,4.703970182148341506e-01,4.381419407601127580e-01,4.127318372688983670e-04,7.229420681952043737e-02
2.361678126619680060e-02,5.162371809412943380e-01,3.846290180012136295e-01,3.844305669796446072e-04,7.513258922431555187e-02
2.079935886336176792e-02,5.467230701959294725e-01,3.582239817908516866e-01,3.188197137020325027e-04,7.393476943615499841e-02
1.892643479879670479e-02,6.093000879239178769e-01,3.154723147838526809e-01,2.022898920627314099e-04,5.609887260137012832e-02
2.369084923899200668e-02,6.127564396605663655e-01,3.099167816192597846e-01,2.641242138574396991e-04,5.337180526732424740e-02
1.982375005038265747e-02,6.063865512458278539e-01,3.255241167633879384e-01,2.230369410459011944e-04,4.804254499935563250e-02
2.199191548679357844e-02,6.317504084724733238e-01,3.160674512086922849e-01,1.974121312390490334e-04,2.999281270080172285e-02
2.171471484457684897e-02,6.332620942081417237e-01,3.219271486278136862e-01,2.128425642700518597e-04,2.288319975519784860e-02
2.409744244114568612e-01,4.037118669966762718e-01,2.008655857100241637e-01,6.730339653663735015e-04,1.537750889164762880e-01
7.698973292665888257e-01,1.214784206368319103e-01,7.262373572600019922e-02,7.916281356482848721e-04,3.520888623493077796e-02
9.131469114043513358e-01,4.595370485996894822e-02,3.063188792878409825e-02,9.502031778195019034e-04,9.317292629076059929e-03
9.007809434236201396e-01,5.133765290661416320e-02,2.348207261917778163e-02,1.025036313423877783e-03,2.337429473716396561e-02
9.473777626218486958e-01,2.187485184942759495e-02,2.011547235947632253e-02,1.234018050961214119e-03,9.397895118286118607e-03
9.482596030848932100e-01,1.180916863719979649e-02,7.076051752530931535e-03,3.865627458662097404e-04,3.246861377950985977e-02
9.772496431202415401e-01,5.839182694229621759e-03,2.929977446928959395e-03,1.495888428589717224e-04,1.383160789574088001e-02
9.255114674253146489e-01,2.699199269269918558e-02,7.821448547451969116e-03,2.066184506109264947e-04,3.946847288392353603e-02
8.885269440739494984e-01,1.782061479228095116e-02,1.060367865414054388e-02,3.051628000800329769e-04,8.274359967954908468e-02
8.536994538996678372e-01,5.630698564587836852e-02,2.102390444371387765e-02,4.116285335735780449e-04,6.855802747716624457e-02
9.165191555047468297e-01,1.791615906346257295e-02,8.429497964890448128e-03,2.588944201868941409e-04,5.687629304671316249e-02
7.934523521911112098e-01,1.676530924383501028e-02,1.483889780003059405e-02,7.907281900481162237e-04,1.741527125749749993e-01
8.508234068969845465e-01,1.531053664204019837e-02,9.998185010702988554e-03,8.205483758066642623e-04,1.230473230744656282e-01
8.001147628414836399e-01,1.213506871563952219e-02,8.022916684288099870e-03,6.652535453831469369e-04,1.790619982132053978e-01
8.106895577579997791e-01,1.504423386303854748e-02,9.920272872162842759e-03,8.292556663480219956e-04,1.635166798404509014e-01
8.571660989566729505e-01,1.780997338973229135e-02,1.485768480629650473e-02,1.451251041539828408e-03,1.087149918057582904e-01
8.378137632501904131e-01,2.370165047325479418e-02,1.342890631612527093e-02,1.012170486891414076e-03,1.240435094735381216e-01
9.446204555989893281e-01,1.046157074353306488e-02,8.791298626151649101e-03,1.679976116401872208e-03,3.444669891492405100e-02
9.407647341666398599e-01,1.822418788897906330e-02,1.773910934293079777e-02,3.388254216453740614e-03,1.988371438499675001e-02
7.767001431599355188e-01,3.608348525946687008e-02,1.039636693411586515e-01,2.049616719956248029e-02,6.275653503987659032e-02
6.979211406633097914e-01,3.379530885536194407e-02,1.064888822464790524e-01,1.029412237145145223e-02,1.515005458633977287e-01
7.096240459696014913e-01,3.546651673656087134e-02,7.649663664618923387e-02,5.267828194505943043e-03,1.731449724531423651e-01
7.017383879654044421e-01,1.541350085828858442e-02,3.802145129489842984e-02,2.772645728325350348e-03,2.420540141530831135e-01
7.985755599302170049e-01,1.740700446100593504e-02,3.390429000710003249e-02,2.317293652800534766e-03,1.477958519488766498e-01
7.553718900123320701e-01,1.074694704022278666e-02,3.691479779613611456e-02,3.401683844971027139e-03,1.935646813063379434e-01
7.704383573789350681e-01,2.103292305433443130e-02,3.321438228230054468e-02,1.931477705069711837e-03,1.733828595793603655e-01
6.884820849450209446e-01,3.812833106748214629e-02,3.341066918199815661e-02,9.363280056371387026e-04,2.390425867998616782e-01
7.013643699727983849e-01,2.157812983263097603e-02,2.868570804672309488e-02,1.017893590502536808e-03,2.473538985573449367e-01
6.853355943076048229e-01,3.147668190393326793e-02,4.707325728501727397e-02,1.676605972650618099e-03,2.344378605307939900e-01
6.344271746643839194e-01,2.179817560668876469e-02,7.876770207624259057e-02,5.189634326689705930e-03,2.598173133259949474e-01
6.553573863066964877e-01,1.327131317274931818e-02,8.018882086188791614e-02,7.442888550059470129e-03,2.437395911086067679e-01
7.711427987898594738e-01,8.385427440732588431e-03,3.835598508794477168e-02,6.182593632414576552e-03,1.759331950490486129e-01
8.611988414874471864e-01,4.129489088062075937e-03,5.491636712795180779e-03,8.494356827568479672e-04,1.283305970289387032e-01
8.548363640526146501e-01,7.785456435451965779e-03,1.029840734476265146e-02,6.700957665368425728e-04,1.264096764006336915e-01
8.112583078758622834e-01,1.209474607568640850e-02,3.696038368767358417e-02,3.108940102638247868e-03,1.365776222581395749e-01
6.331004292679687229e-01,2.957551084686570880e-02,5.869056926938903684e-02,3.506175570057897418e-03,2.751273150457188010e-01
5.584277366481199545e-01,6.106388836572911039e-02,7.596133630025730943e-02,1.862785814930876735e-03,3.026842528709627334e-01
6.218843066345649540e-01,3.319256266784432335e-02,9.072561887374090694e-02,4.997535073490426416e-03,2.491999767503592922e-01
5.183191768275567934e-01,6.416456592031775930e-02,8.918676479934729839e-02,2.441092362212524472e-03,3.258884000905655220e-01
3.861068211834798869e-01,6.321648163055776370e-02,6.165706803095064026e-02,1.053480520664647983e-03,4.879661486343470078e-01
5.483154201101302361e-01,6.036361219602897482e-02,1.176424283873638843e-01,3.258137577916575198e-03,2.704204017285604111e-01
4.965767190005082599e-01,7.126734103356158201e-02,1.248545594737209830e-01,2.873352939285918166e-03,3.044280275529233082e-01
4.025889772662251676e-01,6.355391184417975847e-02,1.300242653601484666e-01,2.923278240996642421e-03,4.009095672884499528e-01
2.954073531075087633e-01,7.578880609302482418e-02,1.225335111352371664e-01,1.942309085676038015e-03,5.043280205785531933e-01
3.469433141309741786e-01,4.869274821700877304e-02,6.502556818635284175e-02,1.325426956627714968e-03,5.380129425090364181e-01
4.561128911910542483e-01,5.120231701365927229e-02,9.946745429143052930e-02,3.318120125528600459e-03,3.898992173783272785e-01
4.953822565419540580e-01,6.071777995046535870e-02,1.134407832810173100e-01,2.335010743284475845e-03,3.281241694832788269e-01
4.441518247176723944e-01,7.027491054042150909e-02,1.460155996790468147e-01,3.103396207930241187e-03,3.364542688549290173e-01
3.617205780613924060e-01,4.574301833448336796e-02,8.831722723386825624e-02,2.091959371107047008e-03,5.021272169991489731e-01
3.303061810886243621e-01,4.038841153961027913e-02,1.090403026370883460e-01,3.755248873076320534e-03,5.165098558616008084e-01
2.551091652883038519e-01,8.645292477285322630e-02,1.277385993600325675e-01,2.226672939627328922e-03,5.284726376391830627e-01
2.565732190940600566e-01,7.344614441656022175e-02,1.414963323652659033e-01,2.391172997269168290e-03,5.260931311268447486e-01
2.769031329804111929e-01,9.825913100646180287e-02,2.547603800449074751e-01,2.958911066154575140e-03,3.671184449020650775e-01
1.785225099713687869e-01,1.196210013038464526e-01,2.679940852627754055e-01,2.098520504868045360e-03,4.317638829571414094e-01
2.438209016891929870e-01,9.821219073753395534e-02,2.149911775715339091e-01,2.846256196334664805e-03,4.401294738054046807e-01
3.309913298016144978e-01,1.189718191275267595e-01,1.898313046155559736e-01,2.029614189659954739e-03,3.581759322656428712e-01
4.877807006261171141e-01,8.989640472648506575e-02,2.335687776961749840e-01,1.972493751112610119e-03,1.867816232001101862e-01
4.692543481851248477e-01,1.011985128827982000e-01,1.443363845782166255e-01,1.241224485336353978e-03,2.839695298685240843e-01
4.696573003998419926e-01,1.007867586022697659e-01,7.800767518850382221e-02,7.275582476276587236e-04,3.508207075617568171e-01
2.840624307934665471e-01,1.635479587438112836e-01,2.339643355902029098e-01,1.996512021567769905e-03,3.164287628509515060e-01
4.556424832382632295e-01,6.851736388686027746e-02,2.280499543812203878e-01,4.148150749825333522e-03,2.436420477438308307e-01
3.798160345554055795e-01,5.112884079147213268e-02,1.522399712284047135e-01,3.547790441551479726e-03,4.132673629831661311e-01
4.303884530863008595e-01,5.988459404546233461e-02,1.436143376793753701e-01,2.582860733831976278e-03,3.635297544550295523e-01
4.855017256023661520e-01,6.368112445869315852e-02,1.401054969439164410e-01,2.498048969362403823e-03,3.082136040256617804e-01
3.852801434201428288e-01,9.931972462773730470e-02,1.752099385342611171e-01,1.853277568198139326e-03,3.383369158496605800e-01
3.240595568979863783e-01,1.032105498615364381e-01,1.909229767805716849e-01,1.697900197603750437e-03,3.801090162623017021e-01
3.269715532590248830e-01,9.409666626849699789e-02,1.779638069261718913e-01,2.247668653998554939e-03,3.987203048923076976e-01
3.035713343412617671e-01,1.052113646332684394e-01,2.362213569675226110e-01,2.516243554163736639e-03,3.524797005037834663e-01
6.170159736221320079e-01,6.525979904333142900e-02,1.106352533006526445e-01,2.974575413879984240e-03,2.041143986200040228e-01
4.229601726985931509e-01,1.096981991945020218e-01,1.178188742070092609e-01,1.801464873944101349e-03,3.477212890259515077e-01
4.203474486921670583e-01,7.227492305422067442e-02,1.691704652390089714e-01,4.144524542364043558e-03,3.340626384722392705e-01
3.532125981346188603e-01,6.033220144671461865e-02,3.360204686800650764e-01,1.017283243985560477e-02,2.402618992987458346e-01
4.339795140543805108e-01,3.631077523571501348e-02,3.666106090259726447e-01,3.437365926283849488e-02,1.287254424210933501e-01
3.453773709086889188e-01,4.855897230786695995e-02,3.680543277215010400e-01,2.624264855791263312e-02,2.117666805040303857e-01
3.407086752698783028e-01,9.739224711767420495e-02,3.133767202930285434e-01,1.195983644806982750e-02,2.365625208713491856e-01
2.396003882944658658e-01,2.022785725562213366e-01,3.322747877634851799e-01,4.262271934445402768e-03,2.215839794513822236e-01
5.204377176096959268e-01,7.162797040855083119e-02,2.390825155053035722e-01,5.042607748398193410e-03,1.638091887280515579e-01
3.836815129218315024e-01,1.307096947779025353e-01,2.449318236273930471e-01,3.867683766839743846e-03,2.368092849060332017e-01
6.996959520928454079e-01,6.732444424175160202e-02,1.735583181800532393e-01,6.087814377069078638e-03,5.333347110828073195e-02
6.866821392929646217e-01,7.467909549277834680e-02,1.523408497802126171e-01,3.561784338290763588e-03,8.273613109575368718e-02
6.677781608099371269e-01,8.977374258360482084e-02,1.404508524458932262e-01,2.765987456821714270e-03,9.923125670374303986e-02
7.967573317707470348e-01,3.342084149775727264e-02,7.924063240768253191e-02,1.748449823682369716e-03,8.883274450013074752e-02
6.038149355565868293e-01,7.171592474561554187e-02,1.589777722302708751e-01,2.967104872123065961e-03,1.625242625954037567e-01
6.396483512516786263e-01,7.452472059969875162e-02,1.347891457789973657e-01,2.795381246860938803e-03,1.482424011227643779e-01
5.992493443368532846e-01,1.004493921524919064e-01,1.041336066379100478e-01,1.432748850277860671e-03,1.947349080224668461e-01
7.310175003059095067e-01,6.150910200933942806e-02,9.601372491958967692e-02,1.613615456062318871e-03,1.098460573090989933e-01
7.433064163300514560e-01,7.195195936725896912e-02,6.768750729869010829e-02,1.141865083299359969e-03,1.159122519207001073e-01
7.870272457342576411e-01,4.267977436732378616e-02,4.571757528369167767e-02,6.969353089085634232e-04,1.238784693058181396e-01
7.471310759898843745e-01,4.082841846123642926e-02,1.143323851773138389e-01,3.877823976383392400e-03,9.383029639518196408e-02
8.060151499470861181e-01,3.271335387818902207e-02,1.011807087582974468e-01,2.914473799796296789e-03,5.717631361663113448e-02
7.051669140301308758e-01,7.163602677246297401e-02,9.840612965135520085e-02,1.894806072421125268e-03,1.228961234736298813e-01
5.529628812283124972e-01,1.508485853464299198e-01,1.456541111804082189e-01,1.525244862502820502e-03,1.490091773823465915e-01
5.163698383432475669e-01,1.263763890841350102e-01,1.662162334775190153e-01,2.515805839442149337e-03,1.885217332556562153e-01
6.563179610914907647e-01,7.533762716011394023e-02,1.417192150044495336e-01,1.978996098836609697e-03,1.246462006451090621e-01
7.525893402557213285e-01,7.388791378448640590e-02,8.988974513789384224e-02,1.590622145442743222e-03,8.204237867645569615e-02
7.487276410427555762e-01,6.467832557853450681e-02,8.213012249274226351e-02,1.814416966017373851e-03,1.026494939199504991e-01
5.967381995566986008e-01,6.688395078226234969e-02,2.126643885853543581e-01,3.146963012775807339e-03,1.205664980629087280e-01
4.902978083972467371e-01,7.074097884124692925e-02,2.821640711136970681e-01,3.243957101145405423e-03,1.535531845466639733e-01
4.923133492829426250e-01,6.446288503198205344e-02,2.227835933475886820e-01,2.509092469232373536e-03,2.179310798682543293e-01
7.249631177365680745e-01,3.911798102097895774e-02,8.527348592348224510e-02,1.782289193684378050e-03,1.488631261252862936e-01
8.096173944281492840e-01,2.242130767172410485e-02,4.772233941801549972e-02,1.108699460696933826e-03,1.191302590214140950e-01
8.974386340141206064e-01,1.233842733071994352e-02,1.640140198350427403e-02,4.857485334113187348e-04,7.333578813824384590e-02
8.921616251784986185e-01,1.304399820536196117e-02,3.185083823425363669e-02,6.904545506328030931e-04,6.225308383125315037e-02
9.666999678501045912e-01,7.228886609451728139e-03,8.585316420131217097e-03,2.091787671663473979e-04,1.727665035314608979e-02
9.304355029656699028e-01,8.950378723614838342e-03,1.875524091306868951e-02,7.935376087042935421e-04,4.106533978894224418e-02
8.486494659550823938e-01,1.801683805813840758e-02,3.429899318379903139e-02,1.295129816254189789e-03,9.773957298672598937e-02
8.175323272358001603e-01,3.064032329180469208e-02,6.655934604336798122e-02,1.487614218792679454e-03,8.378038921023461816e-02
6.924792346444585966e-01,5.678826643696836818e-02,7.410840829313036782e-02,1.411218924788866036e-03,1.752128717006537495e-01
7.716143245864733879e-01,4.026647929811680987e-02,6.059096398005402173e-02,1.492139519378460778e-03,1.260360926159773132e-01
6.197295949442442886e-01,7.911355426206163888e-02,1.112586841101605162e-01,1.594092279676693341e-03,1.883040744038568248e-01
6.012469576203234300e-01,5.364169146495475354e-02,1.282423977455358077e-01,2.810869783337536457e-03,2.140580833858483911e-01
8.342285187037230543e-01,2.070367545119181779e-02,5.053327869060432465e-02,3.010889605415259258e-03,9.152363754906540916e-02
6.872495913164670123e-01,6.015415556452977791e-02,1.665848741979268077e-01,6.016395331868168266e-03,7.999498358920824337e-02
4.685351207611483382e-01,1.219565659966823368e-01,1.961187859880469120e-01,2.747435682068177874e-03,2.106420915720542408e-01
5.690073662514286701e-01,5.238567487855090576e-02,6.845716428270910703e-02,1.494504455325649378e-03,3.086552901319857267e-01
5.680893041476537952e-01,2.325533152309463766e-02,3.184852877988186837e-02,8.165349558423647298e-04,3.759903005935273379e-01
6.607826437081163462e-01,2.136303302622521993e-02,2.517205722970278919e-02,5.705669215262572109e-04,2.921116991144294683e-01
5.295721726108216787e-01,2.718657761491907743e-02,6.597582056851539201e-02,1.099177908241218355e-03,3.761662512975025852e-01
5.546105619938693776e-01,1.642929112771447653e-02,2.067495558954866863e-02,3.706202677506139969e-04,4.079145710211169451e-01
4.684980312431403782e-01,5.009781729967942993e-02,6.607825864271997529e-02,6.033821818141229653e-04,4.147225106326459798e-01
5.083077113932676916e-01,2.897320995646503888e-02,4.648792173951478424e-02,8.514741809923484549e-04,4.153796827297601690e-01
6.066090906956134177e-01,2.245443253288078450e-02,3.103137790450471653e-02,6.921451974784790118e-04,3.392129536695226433e-01
