4.452515476688498897e-01,1.261595021987245782e-02,7.371993158437936677e-02,1.358185580819621097e-01,3.325940124449361379e-01
4.224574775154584794e-01,2.725455170163944632e-02,4.488614441191553228e-02,2.166534659668168522e-02,4.837364797743047284e-01
2.314072979205804848e-01,1.055358227418148886e-01,4.147834893995438338e-02,5.448672647021359124e-03,6.161298577506288954e-01
1.809923495217332923e-01,4.849243064332296738e-02,2.300789504218199791e-02,2.075626782866876047e-03,7.454316980098948386e-01
2.144509905818195450e-01,2.910630279384259986e-02,2.983368717840849393e-02,3.901198314205635721e-03,7.227078211317237155e-01
8.396240712188939026e-02,5.468685064860590722e-02,2.379089568979346828e-02,1.262915932663293689e-03,8.362969306070477948e-01
4.706227398126954647e-02,1.525641451710880725e-01,4.648783364008932106e-02,5.463232688564950441e-04,7.533394239386966840e-01
7.172624587424847320e-02,2.318336000766621774e-01,5.721459336891868142e-02,4.951260732747776597e-04,6.387304346068959360e-01
3.120468926107938107e-02,1.630777822753457784e-01,5.107194212813438716e-02,5.197302173171769891e-04,7.541258561181233278e-01
6.405371397060632965e-02,2.562795949423075093e-01,6.268689200140889484e-02,5.092592058635113210e-04,6.164705398798138170e-01
4.999285548478824698e-02,2.626652685747277727e-01,6.469155811230865860e-02,4.238374743986979927e-04,6.222264803537765898e-01
1.607139904447421053e-01,2.422105978074626520e-01,1.347531982947035578e-01,2.202089663613537342e-03,4.601201237894779195e-01
4.399838541127140124e-01,1.328551705413237582e-01,7.241020519161013580e-02,2.010307768265341341e-03,3.527404623860867505e-01
3.850071256015423771e-01,9.063710178738708378e-02,2.117772711698919785e-01,2.655284465602148966e-02,2.860256567851569565e-01
2.896550326314171753e-01,1.139021695939090861e-01,2.121263252939327437e-01,1.246912222465870745e-02,3.718473502560821764e-01
3.099201168610232759e-01,8.889767430398293202e-02,1.467457893800295787e-01,1.086658198363150626e-02,4.435698374713326619e-01
8.718374659919642111e-02,4.139617793700554882e-02,7.155349622392730147e-02,3.677311704944953054e-03,7.961892675349258042e-01
1.471295823196986929e-01,5.939789839477174066e-02,1.332388323901774474e-01,7.480627324989349777e-03,6.527530595703627814e-01
9.039009831322354638e-02,2.898442351447273052e-02,7.047903098496613450e-02,4.748279499096362544e-03,8.053981676882413510e-01
2.997657999873245757e-02,5.943480117727800716e-02,6.823079681117055761e-02,1.547688456996293861e-03,8.408101335558226808e-01
3.179753152649457404e-02,1.444393774907291317e-01,8.959789307725969654e-02,7.444850663207184735e-04,7.334207128391957431e-01
3.099974885060696045e-02,1.887794687784583592e-01,1.424191460964540634e-01,1.039810849489880085e-03,6.367618254249906018e-01
2.146997608262128654e-02,1.494339792071466833e-01,6.892965492960598239e-02,4.888693851753504478e-04,7.596775203954507782e-01
2.088346956764807610e-02,1.925472554242347867e-01,5.806341822016991561e-02,3.546638145366922887e-04,7.281511929734105770e-01
4.410933055563387439e-02,3.194817878231602792e-01,2.580458197897158579e-01,1.095051672216037055e-03,3.772680101592740254e-01
3.934147992059697230e-02,3.173270998510288599e-01,1.514580966802218376e-01,7.088450653479746923e-04,4.911644784828044230e-01
3.448040629221878206e-02,2.605785486027259457e-01,7.905823846353232653e-02,4.399870686766583550e-04,6.254428195728461981e-01
2.173488208025912624e-02,1.609406833772395740e-01,4.647918432076134782e-02,2.984615765357440326e-04,7.705467886452043169e-01
1.795093626886001825e-02,1.684823201631965861e-01,4.010729471807680802e-02,2.380892517527234079e-04,7.732213595981139997e-01
2.156226207498833022e-02,1.664705018348670573e-01,3.768577152849646866e-02,2.428721752463358229e-04,7.740385923864017137e-01
3.502725231365126646e-02,2.138520791654797970e-01,6.147668858475130449e-02,4.697379224792558707e-04,6.891742420136381941e-01
2.141454384091947757e-02,1.645191750729426972e-01,7.304228429457773619e-02,5.059214691026752125e-04,7.405180753224575030e-01
2.389178421120249224e-02,1.091513388322734035e-01,6.501050254377052640e-02,5.313857517196242603e-04,8.014149886610340001e-01
2.916078768656388612e-02,1.592478862209714408e-01,5.776260824663683596e-02,2.953135442038982094e-04,7.535334043016238548e-01
2.861904675506124485e-02,1.352977726367651234e-01,9.117341882594955094e-02,4.238010377295491570e-04,7.444859607444945793e-01
1.989105331137567753e-02,1.805229279266003239e-01,7.641002324146446700e-02,1.999425035010356688e-04,7.229760530170584731e-01
4.548848631564154227e-02,9.463726324248106225e-02,1.555069348502767235e-01,2.406580393185990888e-03,7.019607351984146204e-01
3.137463198807890347e-02,9.848329399200912715e-02,1.445466492179755258e-01,1.537764354035546163e-03,7.240576604479009859e-01
3.306179900138411093e-02,1.117063355136453662e-01,2.796373433820298904e-01,2.840579809020530450e-03,5.727539422939200708e-01
1.623008118764347751e-02,6.963983752290575646e-02,2.244374027552011874e-01,1.904969566302613156e-03,6.877877089679469425e-01
1.612734459104949239e-02,1.289477363986694380e-01,2.335502107354457679e-01,1.272314533997036994e-03,6.201023937408381981e-01
1.749489054067423360e-02,1.904652994814388933e-01,1.340557308044919849e-01,5.668369277751687894e-04,6.574172422456198150e-01
1.266643377063350270e-02,1.468694045490012146e-01,1.001615635252142145e-01,7.428041215542443296e-04,7.395597940335969511e-01
1.043647465172545426e-02,9.014611920945998780e-02,4.204075153837413120e-02,3.193506048398197595e-04,8.570573039956005390e-01
1.140006497086198251e-02,9.835035949375497966e-02,1.006820419225852720e-01,6.680520450058414269e-04,7.888994815677919936e-01
2.320412745204316826e-02,1.143778023841497682e-01,1.258952203819959925e-01,8.877545122070023284e-04,7.356350952696041334e-01
5.654050403573107966e-03,4.335074008822333014e-02,2.896148000019050164e-02,2.385912179734579340e-04,9.217951382900396728e-01
1.600864624115538870e-02,7.913820697621426481e-02,3.442845794294255302e-02,3.257013983582876179e-04,8.700989874413296299e-01
1.228078884257575824e-02,9.579983555726394318e-02,3.350263619869859461e-02,2.939537768744198386e-04,8.581227856245872143e-01
1.548531560000983472e-02,6.075481492895101754e-02,2.446798444034787440e-02,2.184483307644471289e-04,8.990734366999266758e-01
3.028598354046001945e-02,6.175505521984483298e-02,3.416667375205728607e-02,4.952722093632227736e-04,8.732970152782747464e-01
1.299052395028914807e-02,7.093236501479302514e-02,5.222007668439804934e-02,3.909521436149619570e-04,8.634660822069046837e-01
3.102476221229066508e-02,1.155776685806911563e-01,4.993541297663952466e-02,4.407961182115153098e-04,8.030213601121672928e-01
3.899721901977976080e-02,1.311801205656834834e-01,8.270572027461325915e-02,9.142718776548194003e-04,7.462026682622687757e-01
3.905694894578462528e-02,1.683159543840410666e-01,1.698669587246434409e-01,1.675767255944449110e-03,6.210843706895864402e-01
2.005544573401287292e-02,2.362116009187733567e-01,1.933890271653686543e-01,1.501471596399451408e-03,5.488424545854457826e-01
2.844661388499121132e-02,1.608687527850276300e-01,2.402979163601210999e-01,1.763369123654902381e-03,5.686233478462052737e-01
1.541489527611583123e-02,1.144971573631899664e-01,9.813079393403870143e-02,7.180702581730971732e-04,7.712390831684824422e-01
2.386861434398807394e-02,1.179285585863126262e-01,1.191926618505706886e-01,1.428559205390638343e-03,7.375816060137380115e-01
2.062283538229968752e-02,1.084919682950881842e-01,1.583270805657801539e-01,1.943651025161771554e-03,7.106144647316702256e-01
4.088986070954011426e-02,1.182806168827019305e-01,1.157390396175693725e-01,1.404754778675140021e-03,7.236857280115133184e-01
4.626285565613984241e-02,1.255138571921875779e-01,1.213163508037373717e-01,1.827335830449142422e-03,7.050796005174859715e-01
2.645611932360566673e-02,1.815444659247161807e-01,1.748145578659424659e-01,1.175221880901072087e-03,6.160096350048348546e-01
2.259717242797787060e-02,1.297812545269080575e-01,2.289057294714945401e-01,3.323871350017910866e-03,6.153919722236017575e-01
1.054099440035797738e-02,4.844969745599746885e-02,1.345333030041578892e-01,1.948983487083985394e-03,8.045270216524026408e-01
1.051635604471876789e-02,6.291819148186017507e-02,9.808037608702939447e-02,1.071801866004278318e-03,8.274132745203873762e-01
7.116312778113967862e-03,3.810117133357274199e-02,5.380210604889115733e-02,7.353096427810887348e-04,9.002451001966410571e-01
9.404022986937623368e-03,6.838738411107643522e-02,4.330034842097138514e-02,3.609084212977452873e-04,8.785473360597165771e-01
2.470718945331277713e-02,8.918230592087253439e-02,7.159222052107340473e-02,9.716278475645618012e-04,8.135466562571767035e-01
3.784945420286030954e-02,1.211548926308914781e-01,1.214664624804220883e-01,9.993305002524211812e-04,7.185298601855735212e-01
2.522424234238480542e-02,8.921606855252493806e-02,6.015618245942243314e-02,6.808994180108510859e-04,8.247226072276570008e-01
1.788745955230372497e-02,5.238142356948385231e-02,2.667467330867936970e-02,3.963535693135437953e-04,9.026600900002195171e-01
1.491809202183236663e-02,8.062308094474479603e-02,5.340920728230301451e-02,4.118426116603291485e-04,8.506377771394596499e-01
2.268389590389836147e-02,1.137480953837935599e-01,8.937458000596526508e-02,6.167882553451175046e-04,7.735766404509978322e-01
2.003623867680708048e-02,1.177856111182294940e-01,1.435731935701561879e-01,1.131349985990553336e-03,7.174736066488166530e-01
4.842117774222055339e-03,3.051121939095271379e-02,2.270929284345184901e-02,2.689479743221986712e-04,9.416684220170511432e-01
1.376584913662033324e-02,5.068691454306874927e-02,4.600538198514441540e-02,5.968163644527402440e-04,8.889450379707137806e-01
2.244916484472239335e-02,7.790485181689255079e-02,7.113803819145513019e-02,9.772159894278417691e-04,8.275307291575021429e-01
3.416006444466467007e-02,1.350851819689082023e-01,2.258082106972711389e-01,2.166450896396946574e-03,6.027800919927589485e-01
8.500947454339734255e-03,3.981144406586648032e-02,4.076161054510728243e-02,4.480315428281832213e-04,9.104779663918581845e-01
5.951212580559285537e-03,1.729814802901982751e-02,8.943290632356262412e-03,1.270908678265161656e-04,9.676802578902381491e-01
5.833587347315247196e-03,1.259127437151863656e-02,6.238086364208476203e-03,8.692839130185115620e-05,9.752501235256557655e-01
6.714252590634766336e-03,1.572021587786848196e-02,1.812443392541586429e-02,2.887622141679432246e-04,9.591523353919129136e-01
1.004556450742851402e-02,3.546684813090665578e-02,4.824955080986008393e-02,6.122106114225853808e-04,9.056258259403821009e-01
2.352891854971131055e-02,7.969610068918900336e-02,1.329142463503436011e-01,1.668182168699585809e-03,7.621925522420562871e-01
1.782042380958642064e-02,1.056002028715814778e-01,1.090981218451684553e-01,9.846347598815978226e-04,7.664966167137819975e-01
2.614475508098072429e-02,1.646996968338700906e-01,2.109485316826972268e-01,1.497707804983332194e-03,5.967093085974685129e-01
2.873732413308279290e-02,1.332773440597573300e-01,3.598876499419996766e-01,3.593974036775487817e-03,4.745037078283847465e-01
2.752880252013510318e-02,1.272031332985628094e-01,3.208522997420922840e-01,4.396393815587912486e-03,5.200193706236219127e-01
3.189786902200390795e-02,1.369033894126670259e-01,2.501169114602883603e-01,3.650442331276511701e-03,5.774313877737641265e-01
2.811333676726986489e-02,8.285880567468303926e-02,3.397764017145352700e-01,8.924161233211356375e-03,5.403272946103004903e-01
4.363400347386919842e-02,1.193547352505121839e-01,3.111628269064636854e-01,6.562493859823020047e-03,5.192859405093320779e-01
3.399371162582967565e-02,1.346973177317312143e-01,3.713870789843884412e-01,6.223012452046913778e-03,4.536988792060037134e-01
2.798551422227781027e-02,9.186517420351597574e-02,2.796578571336720831e-01,5.101465993781498405e-03,5.953899884467527270e-01
2.527400831365314016e-01,1.730810832191143622e-01,2.382391298058591511e-01,4.072979071900138630e-03,3.318667247665949005e-01
3.470543446482649563e-01,6.526791413324993518e-02,1.364319059442102300e-01,6.155773596951092524e-03,4.450900616773238450e-01
2.290848382012851125e-01,9.407051087109698229e-02,2.268170676262326879e-01,6.395238486456089957e-03,4.436323448149292470e-01
4.159890095349602079e-01,6.714442772866854869e-02,8.164809359215099982e-02,2.051199201004699074e-03,4.331672699432155271e-01
6.597311586390085525e-01,4.557672499669512128e-02,6.101076581686540323e-02,3.824000001836313362e-03,2.298573505455946409e-01
3.096765816955419637e-01,4.064379624360342502e-02,5.667361112525900330e-02,3.606766682127285177e-03,5.893992442534682352e-01
2.156781146458232323e-01,2.753310864116443116e-02,3.629966936319365539e-02,3.894187079961475718e-03,7.165949202698572718e-01
9.305758488742345014e-01,1.585005092552291273e-02,6.630467186871283336e-03,3.963906019266997182e-04,4.654724241144463093e-02
8.273055836258567108e-01,5.780536311829101437e-02,1.661420938714275319e-02,5.724919378156786889e-04,9.770235193089389647e-02
3.483590842448776037e-01,1.912871772052232577e-01,4.109134051156616840e-02,7.749532714067244518e-04,4.184874447669263975e-01
6.931880445356443099e-01,1.167936823072202729e-01,4.144522164575415585e-02,1.070960080059350132e-03,1.475020914313218967e-01
6.481526718347314642e-01,1.352747274929902432e-01,5.066579204227808497e-02,1.129947375563890820e-03,1.647768612544363021e-01
6.667280129293935431e-01,1.043311758935932948e-01,5.918379335099097083e-02,1.752184528143381406e-03,1.680048332978787973e-01
9.130911197124247369e-01,2.940189229965035900e-02,1.047122276480928066e-02,3.604899691988603522e-04,4.667527525391659826e-02
5.934883578128922199e-01,1.678906063829962159e-01,2.870727965743186463e-02,1.034635685147103443e-03,2.088791204615325636e-01
1.248213990145685820e-01,1.914809296178721365e-01,6.145414931038637590e-02,1.786152997270414955e-03,6.204573690599026747e-01
5.694101674265752977e-02,1.060042568209478148e-01,2.552368730793293933e-02,7.619926831417516821e-04,8.107690464453199963e-01
2.621125350057422823e-02,4.156965230491271868e-02,1.160038583110748617e-02,3.746374169192273704e-04,9.202440709464863033e-01
1.791769739349480250e-02,2.312498842073749949e-02,4.091521458733522396e-03,1.338950492224876628e-04,9.547318976778117472e-01
3.804109734832770116e-03,6.544918135410021133e-03,8.593597737604279866e-04,2.226739797159872861e-05,9.887693449580251537e-01
1.331480051116964297e-03,2.408282027075114157e-03,3.573599601367534332e-04,9.000939285751976128e-06,9.958938770223855208e-01
8.333983048070323215e-04,2.129567919921528454e-03,3.639501758527011448e-04,7.346873597082722675e-06,9.966657367258218159e-01
6.743380565141690597e-03,8.469317602024640720e-03,9.517498322609081914e-04,1.553577871746188808e-05,9.838200162218552203e-01
5.242339281615964429e-03,6.666244142168982305e-03,6.915357401094517640e-04,1.038671800506228826e-05,9.873894941181005080e-01
2.353399960904300082e-03,2.675076267561125355e-03,4.089854019023758018e-04,6.763691590485672938e-06,9.945557746780416819e-01
1.283010314490698033e-03,1.609140602293268434e-03,2.781157717826662074e-04,5.202136799311520827e-06,9.968245311746340986e-01
3.972651567549573097e-03,1.168967501670025756e-03,2.201979357048890250e-04,8.259523897097033600e-06,9.946299234711784010e-01
1.893807732471247240e-03,1.210102379200218327e-03,2.913721576733572551e-04,8.317265482132896835e-06,9.965964004651729491e-01
2.788483776981449686e-03,3.300962198117081935e-03,7.308314881077125971e-04,1.759474758400437333e-05,9.931621277892097588e-01
1.098049166949329435e-02,5.265184447654790850e-03,7.870896506492045842e-04,2.501068526166835886e-05,9.829422235469410518e-01
4.898764844774385757e-03,5.753962213570324238e-03,8.720917136940922916e-04,2.160525072613987631e-05,9.884535759772350438e-01
2.528471706804916262e-03,4.146741798214648687e-03,1.238547135122410438e-03,2.329392714077892012e-05,9.920629454327172247e-01
8.502200582705688944e-03,4.239019728857417249e-03,7.951748592878802712e-04,1.669248076384711728e-05,9.864469123483853297e-01
3.541224545152493394e-03,5.446651618780462903e-03,9.105262281557943227e-04,1.553904135583003383e-05,9.900860585665554048e-01
1.852446662024916004e-03,3.005574474172966089e-03,4.837114981898753708e-04,9.706466453449941691e-06,9.946485608991588734e-01
8.078375966410086774e-04,5.758569960645165903e-04,1.778666789822700876e-04,4.650119957082689932e-06,9.984337886083551883e-01
1.294269825667163564e-03,7.394259958731037516e-04,1.756309282415925287e-04,5.597039436495628897e-06,9.977850762107817184e-01
1.317978185795134734e-03,8.308443474455861526e-04,1.519616682023439515e-04,4.811863373181662788e-06,9.976944039351837157e-01
1.883039919035291209e-03,1.199837199479258021e-03,1.700225875907911610e-04,5.508453901420208206e-06,9.967415918399932240e-01
6.568884626945806779e-04,6.377295520777270322e-04,1.148630974971214750e-04,3.041086538520669105e-06,9.985874778011920583e-01
5.404015644855849352e-04,5.292590938531203937e-04,1.196756940081811866e-04,3.242470387598791437e-06,9.988074211772656197e-01
6.589672271554084101e-04,7.040456764807403881e-04,1.476374982242223183e-04,3.586428257815923112e-06,9.984857631698819125e-01
2.104294331027190944e-03,1.822987916963007349e-03,2.880805829109518408e-04,7.752505657525379361e-06,9.957768846634413862e-01
9.066265376979918203e-03,4.532169117446949690e-03,6.677429739336480626e-04,1.276927863186022714e-05,9.857210532530075175e-01
7.704869108593330115e-03,7.292354467028288462e-03,1.119572933263226133e-03,1.781802957026601983e-05,9.838653854615448946e-01
6.242290263751857325e-03,4.245685680023597239e-03,5.747596663996959411e-04,1.293927567884517880e-05,9.889243251141458524e-01
2.543016615809894337e-03,1.847394162892499652e-03,2.491735498291990374e-04,5.517099490519610383e-06,9.953548985719778974e-01
3.296114258834942357e-03,3.610944154297870100e-03,5.109078370862122015e-04,8.454191300185161064e-06,9.925735795584806898e-01
2.707234811423399595e-03,4.421377162922880688e-03,5.255894895279383935e-04,7.785342922420890118e-06,9.923380131932032500e-01
4.493406084466048875e-03,7.369113979105654244e-03,9.379456151730809115e-04,1.238956287784943073e-05,9.871871447583774328e-01
2.659364384624886973e-02,2.189160957749819794e-02,2.287120000357635054e-03,2.836882914126754966e-05,9.491992577467539549e-01
5.804817973851844962e-03,8.143904083602895860e-03,1.082552415104276336e-03,1.613269524242251531e-05,9.849525928321986035e-01
6.323260649873227966e-03,9.420368258917722476e-03,1.123999718469312131e-03,1.627758149729620734e-05,9.831160937912424291e-01
4.303512166076125384e-02,7.825503589006325977e-02,1.570425015859986534e-02,9.142724275296000374e-05,8.629141650478227010e-01
4.203119747911161774e-03,1.851941525666083235e-02,7.104755040869435365e-03,4.103289672511359354e-05,9.701316770578334303e-01
1.716160387031796146e-03,5.479760792321442149e-03,1.570496458796830390e-03,1.977366466709672008e-05,9.912138086971827855e-01
1.249441652191273650e-03,4.754784745877779426e-03,1.473477179602363744e-03,1.962146104336787183e-05,9.925026749612850807e-01
1.747012700135347962e-03,6.251833468720946647e-03,1.679950288127303199e-03,2.281351835545880299e-05,9.902983900246609128e-01
1.811998747653546056e-03,5.749345010903928258e-03,1.539563127493595194e-03,2.369792855733152687e-05,9.908753951853918052e-01
5.409120551584459431e-03,1.112379140151942281e-02,1.935605516838980649e-03,1.810904246082981026e-05,9.815133734875962634e-01
9.948334331087351629e-04,2.048848485699360320e-03,3.559894431548910618e-04,4.870164460942269746e-06,9.965954584735760013e-01
1.107690430361680106e-01,1.567592319193878564e-02,1.279837516702249812e-03,1.856886975221325639e-05,8.722566273854388541e-01
7.457381753729221963e-01,1.568408201538129890e-02,1.239766022036632720e-03,4.255809382528926170e-05,2.372954184958346313e-01
1.830210870667789702e-01,5.546830138668264187e-02,2.635181270417888064e-03,5.329518012554695531e-05,7.588221350959948319e-01
3.909394175819448647e-02,4.751913371061367714e-02,2.367492600094118615e-03,3.784906514952020821e-05,9.109815828659482140e-01
3.945786951314040301e-03,4.795896740685952689e-03,6.741685775646735507e-04,1.184011366146396383e-05,9.905723076167738395e-01
4.000415415035467152e-03,6.764543166046721109e-03,9.336240982643350143e-04,1.438875442140138767e-05,9.882870285662319620e-01
3.499801242475063939e-02,2.026645644602264804e-02,2.060277638017638836e-03,2.174009892973872141e-05,9.426535133922792076e-01
2.118177829027587111e-02,3.238933430296928040e-02,2.558925658191993184e-03,2.631205997265531900e-05,9.438436496885903582e-01
1.339174664513127257e-02,4.233282718251187710e-02,4.456121550125501096e-03,3.197513503520102972e-05,9.397873294871961214e-01
1.316023249025976768e-02,5.016095669480131330e-02,4.942130685478428667e-03,3.416732599717002067e-05,9.317025128034633896e-01
1.699776297493087521e-02,7.842760976135912387e-02,8.272494559008445464e-03,3.815186636306240749e-05,8.962639808383383588e-01
1.307035944421037696e-02,5.929474614974664798e-02,7.435162705680542147e-03,4.161942742246395441e-05,9.201581122729399764e-01
4.743000625746339113e-03,1.361089204627233783e-02,1.859046183869343194e-03,1.828754677400835628e-05,9.797687735973379386e-01
6.697846250511489512e-03,8.069968665928442877e-03,1.006244825464600859e-03,1.417492065386128329e-05,9.842117653374414799e-01
5.426989110390799918e-03,6.219243497616079586e-03,6.581242771578775432e-04,1.019281914814317107e-05,9.876854502956871062e-01
3.269566802670914769e-03,1.936592320921692867e-03,2.158140881409353505e-04,4.228241703708275185e-06,9.945737985465628039e-01
8.163415509523578098e-03,5.088679889244810198e-03,5.320995638003721273e-04,8.996420454065371289e-06,9.862068086169771819e-01
9.104712163528993346e-03,1.252120156132851062e-02,1.117264595328111652e-03,1.187725068812941100e-05,9.772449444291262388e-01
8.481905195246051965e-02,7.877107709791436596e-02,5.851265917234181428e-03,5.488704033501999011e-05,8.305037179920559121e-01
9.837254956716828813e-02,1.232543422273114780e-01,7.768781157207880171e-03,6.998779394066149777e-05,7.705343392543715364e-01
3.369947501620373237e-02,4.900420317735118547e-02,3.782749118109774746e-03,3.657231278547516153e-05,9.134770003755499079e-01
2.335034045630460242e-02,3.356982369615828243e-02,2.423840122502782246e-03,2.392786077732919891e-05,9.406320678642569044e-01
1.608733484956362605e-02,3.630386561835074327e-02,3.445533000262173285e-03,3.207770941355388638e-05,9.441311888224099835e-01
4.042720523684983913e-03,7.303369312165717414e-03,8.911318514138520490e-04,1.233614281284769894e-05,9.877504421699225823e-01
2.672696839737627537e-03,4.682995978752536176e-03,5.588798535945748791e-04,8.484451648244332349e-06,9.920769428762669095e-01
4.808977846764978317e-03,8.660064032791094796e-03,1.080429711130859866e-03,1.241202721724473309e-05,9.854381163820958855e-01
1.075457615699306965e-02,1.472724665095967098e-02,1.722075265978916837e-03,1.959929445786660134e-05,9.727765026316105290e-01
8.436669038502832155e-04,2.043071367056308561e-03,2.805906446325498634e-04,3.486238565985862704e-06,9.968291848458948889e-01
5.095243197342491908e-04,1.508411525098885897e-03,2.571989312860063596e-04,3.202914951418234791e-06,9.977216623089295577e-01
4.437255659244804251e-02,1.721103810660160049e-02,1.993814438836317548e-03,2.483850461294472345e-05,9.363977523575010009e-01
2.239083572138631795e-01,4.942962016146978943e-02,3.618983149598569305e-03,4.728855315247351785e-05,7.229957509219159251e-01
9.328775645682310103e-01,1.881572998110787875e-02,1.100442941611113603e-03,2.066580056419407846e-05,4.718559670848595372e-02
9.115858026208681908e-01,4.293509202791197243e-02,2.035513523292896941e-03,3.712776821769955593e-05,4.340646405970926408e-02
5.619217320211842281e-01,2.416763693838935578e-01,9.318861383547477964e-03,9.932574890090545706e-05,1.869837114624738894e-01
4.044606887754159108e-01,2.098291502182081936e-01,1.943964578587240380e-02,2.066948739247114299e-04,3.660638203465786944e-01
2.498540816466806314e-01,1.723693370202941666e-01,4.165086909405456284e-02,5.047859522619011679e-04,5.356209262867087650e-01
2.268792933632812203e-01,1.961142437933829363e-01,5.235602598523744766e-02,5.338596032215017469e-04,5.241165772548768143e-01
1.179232250089646689e-01,6.376886946048275495e-02,2.108469869375226291e-02,3.130934777724343190e-04,7.969101133590279495e-01
2.919638953749713606e-01,3.846379683759548751e-02,1.469291227242561747e-02,5.656474510670755776e-04,6.543137480639404924e-01
3.228180579051433408e-01,5.355453030652619628e-02,1.133158307030173589e-02,3.121237693399612372e-04,6.119837049486887004e-01
5.779838046542996599e-01,1.860394523780736081e-02,4.814562276030655459e-03,2.298138973536701204e-04,3.983678739345086761e-01
5.654966883412028134e-01,3.584909085469873552e-02,8.745656927284767290e-03,3.456426414782113243e-04,3.895629212353355353e-01
5.593062466220608542e-01,1.100507871129959292e-01,3.500586954564600256e-02,6.731332635405624411e-04,2.949639634557567058e-01
5.631482715875159029e-01,1.083629650179454562e-01,3.282430107873925834e-02,6.839470936299477241e-04,2.949805152221695037e-01
2.719398620398710831e-01,7.932244856854034354e-02,2.444920301319455577e-02,4.426412832257359069e-04,6.238458450951682721e-01
2.341495034657141983e-01,4.483968858293401610e-02,1.559044226576803034e-02,3.582761620019414128e-04,7.050620895235819585e-01
1.238627537005614204e-01,6.430128683921577937e-02,2.758035481882816636e-02,5.360070202073463413e-04,7.837195976211872583e-01
5.928702570575481584e-02,1.813074640703267112e-02,8.349767784012564198e-03,1.763825902154515920e-04,9.140560775129845661e-01
8.788058671246222475e-02,1.963771547804804216e-02,2.439476267433825576e-02,8.903254452854880317e-04,8.671966096898658938e-01
1.172423685307800167e-01,9.843225321395854960e-03,7.649038858766062099e-03,3.585092995432801735e-04,8.649068579895149433e-01
7.914595376864091980e-01,1.257421929414582508e-02,1.321565153511513289e-02,2.353748167080553077e-03,1.803968433172492558e-01
7.227765501065791520e-01,2.366763641831759815e-02,1.415567167734499247e-02,1.055533026936515510e-03,2.383446087708218919e-01
9.015868359690404343e-01,1.859010237104286034e-02,7.750045585188140677e-03,4.143282012201370641e-04,7.165868787350854197e-02
8.050924971718370626e-01,1.437539349837980117e-02,6.239839922720783957e-03,5.664746471658399854e-04,1.737257947598965513e-01
6.713135231662002989e-01,2.486397901843029681e-02,6.817960101881799517e-03,4.406225735440262884e-04,2.965639151399435680e-01
8.025790637315153297e-01,2.016597119329137724e-02,7.122153917101621198e-03,5.616052609379628205e-04,1.695712058971536595e-01
5.508025022662010883e-01,3.479617101112383176e-02,9.420417859916662556e-03,6.120793165981691956e-04,4.043688295461602134e-01
2.782816457269331467e-01,2.016086591965418340e-01,1.389230151905701538e-01,3.396044470642575665e-03,3.777906354153123258e-01
1.009449247950432865e-01,3.009755224805416574e-01,3.066232474472233571e-01,3.735970689477711385e-03,2.877203345877140661e-01
9.724537579069482407e-02,3.322236057768066519e-01,4.113284895976259126e-01,5.005281531789634343e-03,1.541972473030829294e-01
1.062831104572301705e-01,2.718280468649356130e-01,3.976161896746452373e-01,4.458491331130881585e-03,2.198141616720580005e-01
2.317256439476927388e-01,3.060421914570541357e-01,2.011019679786506531e-01,1.728320355056810762e-03,2.594018762615455942e-01
1.156189225137597837e-01,3.381323132366707007e-01,1.213156403813540479e-01,8.591124930970646823e-04,4.240740113751184648e-01
5.371061792671927293e-02,2.517863836070765582e-01,1.430468555848490864e-01,8.562358083648375284e-04,5.505999070729902245e-01
3.737899565828104592e-02,1.410427644990522866e-01,2.354273682129220668e-01,1.930080898595792644e-03,5.842207907311488535e-01
1.991090189948048830e-02,8.621103758059182887e-02,2.666127520831553244e-01,2.339452334213124301e-03,6.249258561025592407e-01
1.389169276437865301e-02,3.705882164841237114e-02,1.630899793719317870e-01,1.492152491296410300e-03,7.844673537239809091e-01
2.720417599455054319e-02,5.227852851733021111e-02,9.526449305098852460e-02,9.147888919490121916e-04,8.243380135451816582e-01
2.740589544541435774e-01,4.990559667973587521e-02,5.369449893525317374e-02,1.065177103930298229e-03,6.212757728269371338e-01
1.293811834137943984e-01,2.096802540467216855e-02,3.538143863031155412e-02,9.384100086719665557e-04,8.133309425425500061e-01
1.522435066719333430e-01,7.507596057883200724e-02,1.880515760214047094e-01,2.808614412869130453e-03,5.818203423149609366e-01
5.674546201894558467e-02,2.188698496713742392e-02,9.381496472236716677e-02,1.376085753492969823e-03,8.261765025380569671e-01
5.006520559931115777e-02,7.242275594847320114e-03,1.589577218228078320e-02,3.372821172969892338e-04,9.264594645062637079e-01
6.285883594254623730e-02,3.605730367490672574e-03,6.119979332281842883e-03,1.685449345875842070e-04,9.272469094230936237e-01
1.366918333588352241e-01,2.540044094495872568e-02,2.990572774179560411e-02,5.965628333586878553e-04,8.074054351210517844e-01
1.991898121490940921e-01,3.272919269592604319e-02,7.173760661730828325e-02,1.286340140097187073e-03,6.950570483975744285e-01
1.092822604263623681e-01,1.441918886862994173e-02,3.106800513015282872e-02,8.269550993232494809e-04,8.444035904755314847e-01
1.236306703971302018e-01,2.303986357434605753e-02,1.580025566080586197e-01,4.653761183272266469e-03,6.906731482371927244e-01
8.372250333802459810e-02,2.317572743179378836e-02,7.894530089846417409e-02,2.258104538892067616e-03,8.118983637928253172e-01
8.429775942325605509e-02,2.130266232294207238e-02,4.579093225629830149e-02,8.695065572179563797e-04,8.477391394402854496e-01
4.390681308239009761e-02,1.416101725544728976e-02,4.088325688445143546e-02,8.487285641109421856e-04,9.002001842136001519e-01
4.280922740092585332e-02,1.660367145285040341e-02,4.130583055456712310e-02,9.380548794287622491e-04,8.983432157122279715e-01
2.439637187151163372e-02,5.987741713030779803e-03,1.072900091618044643e-02,2.464321121690040534e-04,9.586404533871081268e-01
5.155919839733515142e-02,8.399995485972927209e-03,8.181229242870078147e-03,2.369114430359150244e-04,9.316226654307858679e-01
5.262317416058354819e-02,8.417398148270985314e-03,7.505350294162697715e-03,2.154924931981083464e-04,9.312385849037847496e-01
2.201244986503688578e-02,6.562908819417586845e-03,5.439555287547388242e-03,9.997951674843719844e-05,9.658851065112497025e-01
1.699182837523264752e-02,4.040717382293508575e-03,2.172080525996689191e-03,5.181305719601637618e-05,9.767435606592812514e-01
1.301295593392071681e-01,2.187015557478368816e-02,1.308226414473858193e-02,3.595638391879588960e-04,8.345584571020826514e-01
2.385938896886778404e-01,2.256751621441046782e-02,4.005136032618779318e-02,1.749114474638600522e-03,6.970381192960851680e-01
1.713307403561440401e-01,1.526051256630029523e-02,2.631759794344670084e-02,1.273094892892365085e-03,7.858180542412166458e-01
2.059949526081930049e-01,2.622989400538306565e-02,1.799974671509069202e-02,6.512785663965919890e-04,7.491241281049366707e-01
6.257592121984477396e-02,9.095670807132439153e-03,4.458096706766626061e-03,1.509826282680540354e-04,9.237193286379880020e-01
1.435257925873495155e-01,2.962296662243669998e-02,1.813434427414893635e-02,5.218106494790421008e-04,8.081950858665859494e-01
2.080712539518279336e-01,5.854792247438552616e-02,7.496439766590935749e-02,1.395389581568452601e-03,6.570210363263087050e-01
1.616442008143716413e-01,7.785663001561105023e-02,1.635578073419025613e-01,2.636622202130074755e-03,5.943047396259847348e-01
1.386020986238839514e-01,5.851777343853150487e-02,1.993949726599568983e-01,2.793138006065762173e-03,6.006920172715617401e-01
9.284124900967016814e-02,3.590545728426940142e-02,5.517048072508396600e-02,9.474602067603211161e-04,8.151353527742161154e-01
8.635078744701997489e-02,1.299119508626113417e-02,2.599611078263914382e-02,5.425124957305746311e-04,8.741193941883492746e-01
1.100473673403839781e-01,1.134409513361494919e-02,1.768834461110328077e-02,6.253524118376016993e-04,8.602948405030600432e-01
8.800510468276848131e-02,1.069204223134591174e-02,1.351648745518097168e-02,5.081135157576818209e-04,8.872782521149471524e-01
4.782051867610925822e-02,1.026128569049794721e-02,8.074530882312191959e-03,1.900944966116705414e-04,9.336535702544689341e-01
5.231260425266500563e-02,2.005754875610579052e-02,1.192717870250805876e-02,2.146858535845828399e-04,9.154879824351364048e-01
4.113987720081984517e-02,2.012630804390849737e-02,7.998393180845771860e-03,1.186279459506581918e-04,9.306167936284751585e-01
9.538212392790282323e-02,3.233379304471643151e-02,2.266195749416683933e-02,3.273498032611380512e-04,8.492947757299527112e-01
1.161671625832728649e-01,6.375937696435475532e-02,7.337049752461109742e-02,7.859448541110607492e-04,7.459170180736502953e-01
2.886104108596311557e-02,2.127290640951724418e-02,1.735527270858229845e-02,1.671188845679018721e-04,9.323436609113695539e-01
1.015915332886924011e-01,5.008951113730276961e-02,3.967594554727109368e-02,5.016848063833120831e-04,8.081413252203503150e-01
5.135537129726463340e-02,2.329215496805373334e-02,2.087065773550209405e-02,4.274466517880614030e-04,9.040543693473915843e-01
4.812780599114623026e-02,3.487418351269648553e-02,3.906589073752816249e-02,6.708586197181499317e-04,8.772612611389108972e-01
1.061792826202171414e-01,7.009834955885094199e-02,9.741177836153626368e-02,1.419704374344577403e-03,7.248908850850510621e-01
2.592008578173105038e-02,4.553909515534954044e-02,4.303272990656521746e-02,4.160731846073142297e-04,8.850920159717469149e-01
3.973460942257699136e-02,5.082034104039043210e-02,3.584441472250058519e-02,3.421927496627342937e-04,8.732584420648691337e-01
7.317189987584538091e-02,9.097680036415178861e-02,6.203947769418197145e-02,4.372271839931635802e-04,7.733745948818275817e-01
9.857175415389633766e-02,1.435440171024197908e-01,1.498042089762513518e-01,1.154911857971194743e-03,6.069251079094613033e-01
1.080894513287308234e-01,1.277268446306431271e-01,2.453613925127242634e-01,2.559265764484534508e-03,5.162630457634171943e-01
8.071085427853573468e-02,9.065253340768997248e-02,1.346597768260062722e-01,1.760427237219269140e-03,6.922164082505487537e-01
6.041860772046743489e-02,7.561531863602974357e-02,1.415015950403857581e-01,2.055982316156731906e-03,7.204084962869602426e-01
3.644486227217563767e-02,6.609406484252604297e-02,9.169588752770951867e-02,1.193059506470099153e-03,8.045721258511187024e-01
1.097900527815141580e-01,1.116139634948496717e-01,1.864069535289195056e-01,3.225887199159919658e-03,5.889631429955567432e-01
3.443452148954410930e-02,3.154578404815260723e-02,4.565553016741080716e-02,7.242040794132613337e-04,8.876399602154793067e-01
3.119573152934849644e-02,3.190995290069467000e-02,6.034872496969700267e-02,8.808641805921114433e-04,8.756647264196677494e-01
1.944914224467179584e-02,1.274303963074318279e-02,2.156858339615552733e-02,2.866728483435602992e-04,9.459525618800859181e-01
3.620955007149984084e-02,4.011455918338380222e-02,5.383836834478949313e-02,6.007099147931757241e-04,8.692368124855336387e-01
5.322753049148123972e-02,2.750877380961990956e-02,2.224055965321642542e-02,2.323893617681093392e-04,8.967907466839141195e-01
5.854177950711278444e-02,2.662719708976129390e-02,1.116855890906541006e-02,1.279701748119663174e-04,9.035344943192484823e-01
2.035596889745036261e-02,7.998472891683905059e-03,2.879040593036302602e-03,5.692641220411918257e-05,9.687095912056252756e-01
1.432862831596506265e-02,6.421281975428173167e-03,5.549079659712554714e-03,9.937878103176408043e-05,9.736016312678623663e-01
3.547022329392086892e-02,1.437724457212376586e-02,8.707581207722941974e-03,1.791470886986045298e-04,9.412658038375336655e-01
3.322448687028420333e-02,1.750582805307481643e-02,1.060979588687716024e-02,1.599166466558603068e-04,9.384999725431081297e-01
2.111347943902908489e-02,1.234130325709639243e-02,6.401834581151041696e-03,9.449043469012882040e-05,9.600488922880333620e-01
2.431337850016517532e-01,4.830147826363319352e-02,7.131675289521066663e-02,2.158370915690999321e-03,6.350896129238133847e-01
1.850965867673773357e-01,2.961490638849199192e-02,5.672598804693816665e-02,1.415440088558012717e-03,7.271470787086345977e-01
7.486455051825914586e-02,4.316817270046437172e-02,5.099431238847002001e-02,8.378883799484356269e-04,8.301350760128579642e-01
8.648749929087404253e-02,5.917576867052005973e-02,4.520654279593217667e-02,5.409699287189137073e-04,8.085892193139548878e-01
3.851934990014373172e-02,2.825848691971089011e-02,4.090411239207581567e-02,3.734425256319363938e-04,8.919446082624375993e-01
4.361786773924766075e-02,1.756285484766276564e-02,2.016188293697144737e-02,3.217146955232316904e-04,9.183356797805948268e-01
4.429532759774026246e-02,4.455685673764905180e-02,1.124504948917136316e-01,1.337288002690304638e-03,7.973600327702068391e-01
2.904873400675233794e-02,4.531963421738710585e-02,1.591359777217588034e-01,1.901097599510015879e-03,7.645945564545918449e-01
3.216576284038995953e-02,3.770191695064360055e-02,1.137692167446699709e-01,2.112847451965041944e-03,8.142502560123312527e-01
8.417767379848024867e-02,2.767215176644154812e-02,1.088480694794062564e-01,3.005852787569188514e-03,7.762962521681027184e-01
1.158928805124552625e-01,6.869650310437699914e-02,1.730108170874470053e-01,3.091597592765695651e-03,6.393082017029551034e-01
3.194392123984958198e-01,1.262842185989974664e-01,9.053255217173662717e-02,9.925306434320688414e-04,4.627514861873379126e-01
1.735852725084359172e-01,7.363303522988223770e-02,7.377694541303095321e-02,7.631597643259071606e-04,6.782415870843250261e-01
7.834782634827260062e-02,4.481295035686342493e-02,7.389682768084372688e-02,1.342150502800734061e-03,8.016002451112196336e-01
2.918907540139795836e-02,2.306517669056390440e-02,4.593935582402265683e-02,8.578750954270559278e-04,9.009485169885884659e-01
4.131759357294010476e-02,1.850521452817094348e-02,5.068074074270968732e-02,1.125971528627291380e-03,8.883704796275520010e-01
7.892223572960375966e-02,4.346738281906096374e-02,7.718293657049854484e-02,1.433455166280373080e-03,7.989939897145563741e-01
9.887441244953099062e-02,5.294524629851276448e-02,1.539415479549075538e-01,2.553787371859084828e-03,6.916850059251896665e-01
3.598240353796237218e-02,1.972561561551600812e-02,4.666421278748859869e-02,8.035903484422426924e-04,8.968241777105905310e-01
1.258556602299966409e-01,5.176452425744604291e-02,1.628589275593697594e-01,4.344643897774811553e-03,6.551762440554127487e-01
6.557242459627612985e-02,3.196928729157311189e-02,1.015160677869487577e-01,2.925379181349319763e-03,7.980168411438528508e-01
4.485216920412588709e-02,1.631942777318771270e-02,8.881857536740084269e-02,3.628236014294528196e-03,8.463815916409908047e-01
3.174898644693626149e-01,3.410691695279947921e-02,1.182210641083942665e-01,7.352199504800642493e-03,5.228299549646431288e-01
1.399713071959173827e-01,5.906635284145916182e-02,3.426274947602351295e-01,1.123771562032192632e-02,4.470971295820664881e-01
2.422563330297087258e-01,5.931230006407672839e-02,2.569231773338639946e-01,7.606552228738530652e-03,4.339016373436120899e-01
6.912557387330257874e-02,1.489185779675277453e-02,5.241144074173078454e-02,2.020726815872721412e-03,8.615504007723411295e-01
1.426042913989566951e-01,2.578748688832450953e-02,9.392147973017268836e-02,4.719397900584664310e-03,7.329673440819615138e-01
6.222421780945939368e-02,2.496108246725080998e-02,8.510532553989452742e-02,3.840089612741700350e-03,8.238692845706536705e-01
7.843672509340335330e-02,1.078051726830947174e-02,3.003834705549260353e-02,1.126942842495756887e-03,8.796174677402988085e-01
2.243876154658149824e-01,3.009635177769912420e-02,8.077583521745496098e-02,3.162643976664860669e-03,6.615775535623659165e-01
2.008148026347336967e-01,4.809801878341698339e-02,2.122111531453466093e-01,5.468193111698325601e-03,5.334078323248043763e-01
1.519920385521244255e-01,4.914668010008622911e-02,2.269001585508517160e-01,5.520658932311652695e-03,5.664404638646259871e-01
7.420617104426857624e-02,1.803648921514967515e-02,8.308875412583940911e-02,1.709184319340190886e-03,8.229594012954021265e-01
5.092576533914008885e-02,9.657342044251978133e-03,4.193418248046676400e-02,9.094746262007661133e-04,8.965732355099406137e-01
8.850472449506534278e-02,7.083639918757584850e-03,3.508134076490928427e-02,1.609847312432435579e-03,8.677204475088353686e-01
