1.390498488214255979e-01,2.049648672323808873e-02,1.841590677126784051e-02,2.209914825799237474e-03,8.198278428582691513e-01
8.761480291501113626e-01,7.466782421108581966e-03,1.330354824929256934e-02,8.629452113629672641e-03,9.445218806585777005e-02
9.064342889376941770e-01,1.393889695478442783e-02,1.071951485408115939e-02,3.295358102241084056e-03,6.561194115119924064e-02
9.831181446833957560e-01,4.851398855069842878e-03,7.403619837492377053e-04,7.203760488671279573e-05,1.121805687289845720e-02
9.912002352254088988e-01,5.430279646741831626e-03,4.161536741066616026e-04,2.573857781819165321e-05,2.927592875924492355e-03
9.775240007379679685e-01,1.605473631884488106e-02,1.589205867370534989e-03,4.143480568745510327e-05,4.790622270129000354e-03
9.869711793412324630e-01,6.791899331350722581e-03,1.622592177294706001e-03,7.130419590308262215e-05,4.543024954219041997e-03
8.016435702348227998e-01,1.462019183489770002e-01,2.613902382732088275e-02,3.279378903373939675e-04,2.568754969854189843e-02
5.134986155288168153e-01,2.889937134928249329e-01,1.320362784797533551e-01,1.189135749664302225e-03,6.428225674894069708e-02
2.908299402295962954e-01,4.679913819514875950e-01,1.646004334160023341e-01,8.697035343376462776e-04,7.570854086857604914e-02
2.989751081871202532e-01,3.988533165826882443e-01,1.849786405753929830e-01,1.068828094119571043e-03,1.161241065606789385e-01
2.828065365503704132e-01,3.909699073847373030e-01,1.788596403085305486e-01,1.160929047131843564e-03,1.462029867092299040e-01
6.975280531441788723e-01,1.251997592559677130e-01,9.177404012366446873e-02,1.439202341721320614e-03,8.405894513446744709e-02
8.804476436073630508e-01,2.353043965728129905e-02,1.276246378437505963e-02,3.733738663737662172e-04,8.288607908460673968e-02
8.802484038454914117e-01,2.705281138705005126e-02,1.866916763726430423e-02,8.281518303138638406e-04,7.320146529988029449e-02
9.275276796790741241e-01,9.732725065075307352e-03,8.792700820016602012e-03,4.207520641342795244e-04,5.352614237169966982e-02
8.163724622951604726e-01,4.558032724625565163e-02,2.841664751588002941e-02,1.020824624088153372e-03,1.086097383186159365e-01
9.467615227859602633e-01,1.801366470994450117e-02,1.059289572253331764e-02,2.500791950160631961e-04,2.438183758654587779e-02
9.744893010373496534e-01,1.023389826245835708e-02,3.755999027717985776e-03,1.533372813486537649e-04,1.136746439112533598e-02
9.672707761160734830e-01,8.698455952724811271e-03,5.753803614350660664e-03,2.322880653471737537e-04,1.804467625150375093e-02
8.886279465829624025e-01,3.393753334631859075e-02,2.073357405338923515e-02,6.927123113414541955e-04,5.600823370598817519e-02
7.966747326319187916e-01,9.352270295867956551e-02,5.966140472248693954e-02,1.210911510055228150e-03,4.893024817685931449e-02
9.749707701563085083e-01,1.085270448638145369e-02,5.589252515629427459e-03,2.430283733743070630e-04,8.344244468306342283e-03
9.505897976793845627e-01,1.542759687909751876e-02,8.766951159830739179e-03,2.884484023835098268e-04,2.492720587930375223e-02
9.241529430378997434e-01,4.603859492599035597e-02,1.178543834898796230e-02,2.119494781395395307e-04,1.781107420898262253e-02
8.711730710588301285e-01,9.039315734058285534e-02,2.094012936036909744e-02,2.294636978288818461e-04,1.726417854238890964e-02
7.355890320013309669e-01,1.995336363677666647e-01,4.185742984175316872e-02,3.220758445418601739e-04,2.269782594460732425e-02
8.709882762048245519e-01,1.032223900368864911e-01,1.976871343261376104e-02,1.300075620287767530e-04,5.890612763646227781e-03
9.325094381382009745e-01,5.102610991488892855e-02,1.308370858138935104e-02,1.215186892188147217e-04,3.259224676301991207e-03
8.182452172049528016e-01,1.423058505275379693e-01,3.231794877142732392e-02,2.518977565155054634e-04,6.879085739566291949e-03
7.459513735976066595e-01,1.801529242259356511e-01,6.440800294747731081e-02,3.128797088689722126e-04,9.174819520111355750e-03
5.567817204982946633e-01,2.758295287052534572e-01,1.538319705342308941e-01,4.352649036776246863e-04,1.312151535854340877e-02
3.496306517520250123e-01,3.795913435557868865e-01,2.472349921122246330e-01,4.434009515197126212e-04,2.309961162844367810e-02
2.925852775330851085e-01,4.015461694842898943e-01,2.701103802106079588e-01,4.223423747137520275e-04,3.533583039730324449e-02
6.035324006333194768e-01,1.971725118975825586e-01,1.362379967292906002e-01,4.304378600285339970e-04,6.262665287977872697e-02
7.584429682045039645e-01,6.286340543390270263e-02,1.375012171265896921e-01,1.361581415892554065e-03,3.983082781911112535e-02
5.765006998415344031e-01,5.782429939301475530e-02,3.145701303135985394e-01,5.985596798794394491e-03,4.511927365305790777e-02
4.952011395404564142e-01,1.460885654969872605e-01,2.494949437741021403e-01,2.433802730518092733e-03,1.067815484579360125e-01
5.705470309364770731e-01,7.222901209494976549e-02,2.068826383134807212e-01,3.360516847094840043e-03,1.469808018079975520e-01
4.515558972581307229e-01,6.134917350797289975e-02,2.990222464667470770e-01,1.128520505171545091e-02,1.767874777154339883e-01
5.309075267108356311e-01,5.922463011980035053e-02,1.656013787913054036e-01,6.161077537622925392e-03,2.381053868404356677e-01
5.011259933175528092e-01,5.433571178504549570e-02,2.734483850124725945e-01,1.210428217811683645e-02,1.589856277068124046e-01
5.398847472939725112e-01,2.785715528501574861e-02,1.081809710386157086e-01,5.189560661432790663e-03,3.188875657209632175e-01
4.517379311999379365e-01,1.238776403785304785e-02,3.324861260824901743e-02,1.798401995833279155e-03,5.008272901581266590e-01
4.070366725191772450e-01,1.864317807996875020e-02,3.916168626565602606e-02,1.595816792104790081e-03,5.335626463430932498e-01
3.434834195211649566e-01,1.784760338932182833e-02,3.268181780477604631e-02,1.320280046652831619e-03,6.046668792380844870e-01
4.139383264938136242e-01,1.190317767472535808e-02,1.448518124409868893e-02,6.988776098978623404e-04,5.589744369774645172e-01
2.876239355857072022e-01,1.354684711593833087e-02,2.098065969303261266e-02,1.173234718756137286e-03,6.766753228865659553e-01
3.177425762889569127e-01,1.059055550729445620e-02,1.517427152258634532e-02,1.058894757392357493e-03,6.554337019237698181e-01
3.255450307560291412e-01,1.014168485510268461e-02,1.425493222555618278e-02,1.169579881509318900e-03,6.488887722818028614e-01
4.164177091329328007e-01,1.596631352784860444e-02,1.619220176647011289e-02,9.641732395849695117e-04,5.504596023331634891e-01
6.223022237656310462e-01,1.114312987776725286e-02,1.100155212766542115e-02,8.363303626442309801e-04,3.547167638662919176e-01
7.120913113183349186e-01,6.464493536972061409e-03,3.319391583889687129e-03,2.344003076175978225e-04,2.778904032531857582e-01
4.648657139517822778e-01,6.128760770136391749e-03,3.058681602042458581e-03,2.672617276805485504e-04,5.256795819483582877e-01
6.028731087421743684e-01,1.435965178663492839e-02,7.183816839655869993e-03,3.748391317643168718e-04,3.752085834997704872e-01
5.564314771136782412e-01,1.940465760718158156e-02,8.059786986849962198e-03,4.533331810767194736e-04,4.156507451112136375e-01
6.511904117127698122e-01,2.148909190808939718e-02,1.235606259327790175e-02,6.319122025686353585e-04,3.143325215832943331e-01
5.862198414051141837e-01,6.724309331961172975e-02,5.515253495857744270e-02,1.480847436209897826e-03,2.899036828804867350e-01
6.028364386899722760e-01,6.658955118770987225e-02,1.013974701154898433e-01,4.050108753973018748e-03,2.251264312528549749e-01
3.940643942243077236e-01,5.900306527842674731e-02,4.806776986230832521e-02,1.665618515110212951e-03,4.971991521198470543e-01
3.458964927613676910e-01,2.586263283971743793e-02,3.791588637741473422e-02,1.774213311366026240e-03,5.885507747101340614e-01
2.302493190481027241e-01,2.799717025454958458e-02,2.174263568650924155e-02,8.542239437604298149e-04,7.191566510670780454e-01
2.434503563435484463e-01,3.084970091250342772e-02,5.737505200410015355e-02,1.809350657767840129e-03,6.665155400820801379e-01
4.731541025015747470e-01,3.329642332390005122e-02,3.367597001040223414e-02,1.232114305147538830e-03,4.586413898589754012e-01
2.867747320511164766e-01,4.792696157757014852e-02,5.321988088905038605e-02,1.824632123774223586e-03,6.102537933584888385e-01
4.298740599887456715e-01,2.328102984593522287e-02,8.101663328081591675e-02,4.502646495880065214e-03,4.613256303886231202e-01
3.883171624634574326e-01,1.275814583674824733e-02,2.586723378863914694e-02,1.302324908539125546e-03,5.717551330026160450e-01
3.439946685054772746e-01,9.537899676311762526e-03,1.524810392752974642e-02,8.564320859585485089e-04,6.303628958047226005e-01
6.802980865857862769e-01,1.636282824244699244e-02,2.060970056685463431e-02,1.030575836658438865e-03,2.816988087682536501e-01
5.745377731734978566e-01,4.257813483261946308e-02,7.617172539087135874e-02,2.618447184227717158e-03,3.040939194187834982e-01
3.624265900534750506e-01,2.058720028187845108e-02,3.836280853333131485e-02,1.807342804177266421e-03,5.768160583271378927e-01
2.752316635223521768e-01,4.671507751454101465e-02,1.113667439986174013e-01,2.813160871334935940e-03,5.638733540931543109e-01
1.894050830384100270e-01,4.803619977484827053e-02,1.824048055151780423e-01,4.820735691082985580e-03,5.753331759804807266e-01
1.888854983396718867e-01,2.448320231131563551e-02,1.769435192672546286e-01,6.143010011397098506e-03,6.035447700703608920e-01
3.078146355937688705e-01,1.200290776027305648e-02,3.440921256243209547e-02,2.077784038962299587e-03,6.436954600445637942e-01
3.363269611947167781e-01,1.847144417157489324e-02,7.134024963897886429e-02,3.250901468849679184e-03,5.706104435258797514e-01
2.687314830803686494e-01,1.138090265940617900e-02,3.417662776537330749e-02,1.776220740881623858e-03,6.839347657539701641e-01
2.665298571804882721e-01,1.265039788241564128e-02,2.485467331150754619e-02,8.522173235536450878e-04,6.951128543020349548e-01
3.691696719916177094e-01,1.268854790985144039e-02,1.702497996254960511e-02,6.160841722123399072e-04,6.005007159637689718e-01
6.819500796711167601e-01,1.450672938366090459e-02,3.007524508893913776e-02,1.789297227257276605e-03,2.716786486290259650e-01
6.444915564349776860e-01,3.881228980082308128e-02,3.773397109604929855e-02,1.528412252591865219e-03,2.774337704155580009e-01
5.463255202784977893e-01,3.977918609332289218e-02,6.351375180962280653e-02,2.617005754577087385e-03,3.477645360639792793e-01
4.035155123725745474e-01,1.436826957053164225e-02,3.090611941512019095e-02,2.662728922392682690e-03,5.485473697193807840e-01
3.145841634544033760e-01,7.013357603377088322e-03,8.166238194493861263e-03,8.563491737569770782e-04,6.693798915739688216e-01
6.080573504817216035e-01,1.944984418038914545e-02,2.314137618470542626e-02,1.524862843908493092e-03,3.478265663092752757e-01
4.085468617310218931e-01,2.626317746706358786e-02,3.774238202777249751e-02,2.780688012163362675e-03,5.246668907619788103e-01
7.636598688115089351e-01,2.121142292765969967e-02,1.738464372691469334e-02,1.119517128941159827e-03,1.966245474049755360e-01
3.992813458072579924e-01,1.297124564200171325e-02,8.146391633428696002e-03,7.014766169926179434e-04,5.788995403003190932e-01
3.862906488793819704e-01,5.623675544791846038e-03,5.560846590837362907e-03,6.125706414934131835e-04,6.019122583434953766e-01
4.205888388063997452e-01,9.141191488536612106e-03,1.600154712407033178e-02,1.848355544708734158e-03,5.524200670362846566e-01
3.289186357886323409e-01,1.659644831276915061e-02,6.687517989028601839e-02,5.174659613505185746e-03,5.824350763948074050e-01
2.120307724274769490e-01,1.526783016736558453e-02,8.939826140108898811e-02,5.298029757372811274e-03,6.780051062466956324e-01
2.208867000178739437e-01,2.688507134265466850e-02,1.000667623191729833e-01,5.621571673239122990e-03,6.465398946470592989e-01
1.939811888176088683e-01,1.653039193617523994e-02,8.045047230050442200e-02,4.777985994482592848e-03,7.042599609512288916e-01
1.332919305620436923e-01,3.572651779497158266e-03,9.844800936271231456e-03,6.296716807616252898e-04,8.526609450414264213e-01
1.514947909853979480e-01,4.103635837097220976e-03,2.175191568903657099e-02,2.227819516419366278e-03,8.204218379720488175e-01
2.074595557440113425e-01,6.511385708799710507e-03,2.962117521017050906e-02,3.576838044750776588e-03,7.528310452922675200e-01
2.794053823834767858e-01,8.869588782153197543e-03,4.822085684716782839e-02,5.549709355195702604e-03,6.579544626320064094e-01
2.291645333541750262e-01,1.671051366805666530e-02,1.113014869533442697e-01,8.685637948988959856e-03,6.341378280754349506e-01
6.254185443812647627e-01,7.445650203290671461e-03,2.303194568305185971e-02,2.611634131180887598e-03,3.414922256012117852e-01
8.003936303098929672e-01,8.272873878422157962e-03,9.849411849273360595e-03,9.279392706796638166e-04,1.805561446917316459e-01
6.190554724930700248e-01,1.335884489142284866e-02,1.340338281566637139e-02,1.049350267601952425e-03,3.531329495322386713e-01
4.023860354985994148e-01,1.989221606224721162e-02,3.482811811254162698e-02,2.170606555955224837e-03,5.407230237706563969e-01
4.764769671724036759e-01,1.798188985187368361e-02,6.455267222179596198e-02,6.498810323190174973e-03,4.344896604307364463e-01
7.481986686658874675e-01,1.362623087212669684e-02,3.493707759675679370e-02,3.474551432616517464e-03,1.997634714326124994e-01
6.865775890466285780e-01,1.724341264715559957e-02,2.840683786283861034e-02,1.727926437268905401e-03,2.660442340061084376e-01
5.111837624329554908e-01,2.343570945089590296e-02,8.123133685393152392e-02,5.354260160933067662e-03,3.787949311012840381e-01
3.968970968277359401e-01,1.673155767754423359e-02,3.092491327586965877e-02,1.954356594248720519e-03,5.534920756246013429e-01
4.620872358623745457e-01,1.221609033717568904e-02,2.539577079659062486e-02,2.323547431047861926e-03,4.979773555728113643e-01
6.038182107369061136e-01,1.344981761976066920e-02,3.098414919956108890e-02,3.260749750939782865e-03,3.484870726928324669e-01
4.309156630587019920e-01,2.074092261512668414e-02,6.856211353222414762e-02,9.450949593407954874e-03,4.703303512005392317e-01
4.710941541235630359e-01,1.881387481818033378e-02,9.883734418865630644e-02,1.472179377940198604e-02,3.965328330901984333e-01
4.958035092471932970e-01,1.545234552753159928e-02,3.410812905560261371e-02,3.584414858271890367e-03,4.510516013114006517e-01
4.982757265860300322e-01,8.861289577340223864e-03,2.584514165665697388e-02,3.143576165449554587e-03,4.638742660145232510e-01
4.178742557621490938e-01,9.137498761147578100e-03,4.768204982469222142e-02,7.709928411701811105e-03,5.175962672403092713e-01
3.879086549756057822e-01,9.253284593397144431e-03,4.133273061000317800e-02,5.779289477790371457e-03,5.557260403432034979e-01
4.911394292991263510e-01,9.307053221512562660e-03,1.889162382113825089e-02,2.659284230191294451e-03,4.780026094280315774e-01
4.879320462201288677e-01,1.535711087064900796e-02,5.184277100531490406e-02,7.638148116713022046e-03,4.372299237871942190e-01
7.629638056749705743e-01,2.135720363014461179e-02,5.057974752193009765e-02,5.843720065953254307e-03,1.592555231070014732e-01
9.391892534137159521e-01,1.227324936376159373e-02,1.554770184408605510e-02,1.572259203966065938e-03,3.141753617447028829e-02
8.245892758225374930e-01,5.022977410820886335e-02,5.887150247329175912e-02,2.880587227755564833e-03,6.342886036820616358e-02
8.845496895021652817e-01,3.256533905594433120e-02,3.157492397308206411e-02,1.761636402595236463e-03,4.954841106621308416e-02
9.357845667450737093e-01,1.325091920213225527e-02,9.012055024764127967e-03,7.733464748200555121e-04,4.117911255320986369e-02
9.086301740305797736e-01,1.390757315853164214e-02,8.756392245817210332e-03,9.396154618509174094e-04,6.776624510322036554e-02
7.443790586877206961e-01,1.183518635533173553e-02,7.149981364038662628e-03,6.951633496518361830e-04,2.359406102432571040e-01
6.763188043560937057e-01,1.351307077632794840e-02,9.339049390155442984e-03,7.425780177882194966e-04,3.000864974596346157e-01
9.589814192553300920e-01,2.333457936328310178e-03,1.173725525512905573e-03,1.572548116265175494e-04,3.735414247120217440e-02
9.501001900573787795e-01,4.017300894085593446e-03,1.404553605516809444e-03,1.652885368391581497e-04,4.431266690617967352e-02
8.942445861544868757e-01,1.808144701819932795e-02,3.834181020469614593e-03,2.072682126967530952e-04,8.363251759414731812e-02
9.200554053457024040e-01,1.339313986546635665e-02,3.955297001565390158e-03,1.918551556756906802e-04,6.240430263159002511e-02
8.257266149929580745e-01,9.035033016929809591e-03,2.657556561675224714e-03,1.560973990442921097e-04,1.624246980293924947e-01
9.899743574745379915e-01,2.863486174160875981e-03,4.583778823317383720e-04,3.040671742611206170e-05,6.673371751543261642e-03
9.783889741067334223e-01,1.017905104628668775e-02,1.652429104789317595e-03,8.476636802577442776e-05,9.694779374164727570e-03
9.233082009064321749e-01,4.570812116219074434e-02,1.028456401130843287e-02,3.720241405715845793e-04,2.032708977949697696e-02
5.338730463015087802e-01,3.416078581144201820e-01,4.143628407791331847e-02,3.325922289147484746e-04,8.275021927724289517e-02
9.266469362475580063e-01,4.181229549411689950e-02,2.279409059307192092e-02,3.846140280138106459e-04,8.362063637239333658e-03
9.666960749854998092e-01,1.885811636839088493e-02,8.018135134376224576e-03,1.495470442629807690e-04,6.278126467470275356e-03
8.644336483786672076e-01,8.752655230182401769e-02,9.280683907155827528e-03,9.269918058525523333e-05,3.866641623176766268e-02
9.226867468881101431e-01,3.675435903468553950e-02,2.782655117770932961e-03,2.786331981777342737e-05,3.774837563961543074e-02
9.596888120929262245e-01,1.838803475137054319e-02,1.007646884948049364e-03,1.374609136778716986e-05,2.090176017938747202e-02
9.746057152347216146e-01,1.611114611962228410e-02,7.412569900840483084e-04,1.343087409015505558e-05,8.528450781482035253e-03
9.694077681160602200e-01,2.452171031291571629e-02,1.440478859619552000e-03,2.511784171961792549e-05,4.604924869685031279e-03
9.728183426621007657e-01,2.193126718437250072e-02,1.266938096364425559e-03,1.693034703815018919e-05,3.966521710124171901e-03
9.313911256022640028e-01,5.875604865335304350e-02,3.056644081380981669e-03,2.984456198310462164e-05,6.766337101018949154e-03
9.601715678535599485e-01,3.023957130901689522e-02,1.609146146027909266e-03,1.515462148127419645e-05,7.964560069913974652e-03
9.663116564601951231e-01,1.395475854751267522e-02,7.932456212409599730e-04,1.155953902811623213e-05,1.892877983202307518e-02
9.676870987372454547e-01,2.134137498321703533e-02,1.486236108123986481e-03,2.367252626672585570e-05,9.461617645146927491e-03
9.055013849841668794e-01,7.550591110733720357e-02,3.406222049641369123e-03,3.038278536074393477e-05,1.555609907349380858e-02
8.870940102903610569e-01,6.786868816669040794e-02,3.511765280250791783e-03,2.578039673636789322e-05,4.149975586596146848e-02
8.224887062929437942e-01,1.213904629529991425e-01,5.871360361050823734e-03,3.333352656936000211e-05,5.021613686643688901e-02
7.674330005637336471e-01,1.767272636730884139e-01,8.177040153955638171e-03,3.617212522363304298e-05,4.762652348399853963e-02
9.077724392759015659e-01,5.809149743758023482e-02,2.746052539260060345e-03,1.822453647857732171e-05,3.137178621077963553e-02
9.226067417768849532e-01,5.563607098224413600e-02,3.196517469469169117e-03,2.518445329707306963e-05,1.853548531810440478e-02
9.212708422385440521e-01,5.902644073416854487e-02,3.962911697618387054e-03,3.351613058542596556e-05,1.570628919908357082e-02
8.414528078557493851e-01,1.278024322488343079e-01,6.733454097843808404e-03,3.670932191638079687e-05,2.397459647565619231e-02
7.680673371662245508e-01,1.945732575045570623e-01,1.531182701374122351e-02,6.083303384723356743e-05,2.198674528162995051e-02
7.490419059762054577e-01,2.085261119768428428e-01,1.785249736496586151e-02,6.374220974677639862e-05,2.451574247223920963e-02
7.607370289114460116e-01,1.982160551238784929e-01,1.954198785260187823e-02,9.113508670710659682e-05,2.141379302536636914e-02
8.141495158946342459e-01,1.549991877562357512e-01,1.465974596924510785e-02,8.064552722092215020e-05,1.611090485266403541e-02
7.634151141441898325e-01,2.002185771115401747e-01,1.984331118533741792e-02,8.812022184871960110e-05,1.643487733708374685e-02
6.817297925445178208e-01,2.679403321616157241e-01,2.940572104878210954e-02,1.017248863950197518e-04,2.082242935868932471e-02
8.137840381188214955e-01,1.523226709843900628e-01,1.465941751220858034e-02,6.978210650534736475e-05,1.916409127807459922e-02
7.646147851168001441e-01,1.969428156498493343e-01,1.950578003520584899e-02,8.060760066718612499e-05,1.885601159747759756e-02
8.041615077440550374e-01,1.621288164801979736e-01,1.892862253746083537e-02,9.576354391007589834e-05,1.468528969437596886e-02
7.815958578413148006e-01,1.771469839623265874e-01,3.042849744453320418e-02,1.120852135436457061e-04,1.071657553828176020e-02
9.211789496185798232e-01,6.004571335868381238e-02,8.430264732556546486e-03,5.685400358648125182e-05,1.028821828659326997e-02
8.031222150778826174e-01,1.602008640177732812e-01,1.916153006405323100e-02,1.122407279054142847e-04,1.740315011238548898e-02
8.425162027320092228e-01,1.263363483710932822e-01,1.625447409505624205e-02,9.676381506728939962e-05,1.479621098677409881e-02
8.599522152432851341e-01,1.134450193810762203e-01,1.461455503227907134e-02,9.969862673526373687e-05,1.188851171662430074e-02
7.342315344443902658e-01,2.187794493606241286e-01,3.106022045260844328e-02,1.288557528597554253e-04,1.579993998951754325e-02
7.549923529944384537e-01,2.036575969289745880e-01,2.645654205286953470e-02,1.180087185349079095e-04,1.477549930518252952e-02
7.467157946470938112e-01,2.101126514912237675e-01,2.254871284988226032e-02,7.148045391735816860e-05,2.055136055788277932e-02
6.255454106538486103e-01,3.130114768996110075e-01,4.112207251785902212e-02,1.020685500212966279e-04,2.021897137866013328e-02
5.514858033087816080e-01,3.738414128824093519e-01,5.282324022288303195e-02,1.157295720273137708e-04,2.173381401389871959e-02
7.235968748618859525e-01,2.289283459302968449e-01,3.104043937928048849e-02,8.508360627903359429e-05,1.634925622225780542e-02
7.269891911772162763e-01,2.219703717640139073e-01,4.037696781397966811e-02,1.165181270848460356e-04,1.054695111770522289e-02
6.489240600858161567e-01,2.885960753026712289e-01,4.741541582556157985e-02,1.453795914987506465e-04,1.491906919445212115e-02
7.377112787223563117e-01,2.148081686589095041e-01,2.773886341963999191e-02,9.122820487126235796e-05,1.965046099422305612e-02
7.601759461133696938e-01,1.936513575167865264e-01,2.772992170764478417e-02,1.075017107373799600e-04,1.833527295146148567e-02
7.574831779209564298e-01,1.955740291427731370e-01,2.850893479908362879e-02,9.379081635827660050e-05,1.834006732082854932e-02
5.885848159952237202e-01,3.362274266017036273e-01,5.611254083376140261e-02,1.864251694090696902e-04,1.888879139990217240e-02
4.272152573228942818e-01,4.418574999227165567e-01,1.026192892063719220e-01,2.720415663854320373e-04,2.803591198163179338e-02
3.946561504359957784e-01,4.308820194780818569e-01,1.255103496291372356e-01,2.093359659388552155e-04,4.874214449084623979e-02
2.906779012819157293e-01,5.125480412896918914e-01,1.669133343047115858e-01,2.355373887899276254e-04,2.962518573489063972e-02
5.031333520498887379e-01,3.303363633240080088e-01,9.623435307196200050e-02,1.891041372976431413e-04,7.010682741684362562e-02
6.884695846539914399e-01,2.202554702435735590e-01,5.134645785670904905e-02,1.745191087258793610e-04,3.975396813699995369e-02
6.315561953244791527e-01,2.774916504249793636e-01,5.423047707239672666e-02,1.704889005241339386e-04,3.655118827762067479e-02
6.913666115168907167e-01,2.275867358362743120e-01,5.430750762118782132e-02,1.862038351491952619e-04,2.655294119049808263e-02
6.862591123598931198e-01,2.347346396613124164e-01,5.261323832930604738e-02,2.152967289355116624e-04,2.617771292055283069e-02
7.704481021690803288e-01,1.808412241355714378e-01,3.323528689019966675e-02,1.642183947097159401e-04,1.531116841043895539e-02
9.239876382174725400e-01,5.961336740399016121e-02,1.022964613904993325e-02,8.009191479124450758e-05,6.089256324696240737e-03
9.124785274657758460e-01,7.160370439398071329e-02,9.766816178946518406e-03,5.969338533143863127e-05,6.091258575965526577e-03
8.088161610261490608e-01,1.636902755006013621e-01,1.929934781496917690e-02,1.100073165723186445e-04,8.084208341708153805e-03
7.194049960081700945e-01,2.329044262467022397e-01,3.475931354646105004e-02,1.939473899247660645e-04,1.273731680874181336e-02
7.237310336847230241e-01,2.186781015350508783e-01,4.335788060623938650e-02,2.638235392907170075e-04,1.396916063469600365e-02
7.073590912824615495e-01,2.329435162719196151e-01,4.641736544862762326e-02,3.263711180688373095e-04,1.295365587892239288e-02
7.912835575777901198e-01,1.638159491374155674e-01,3.680496648927551046e-02,3.029034098041554369e-04,7.792623385714607213e-03
8.304414451454863455e-01,1.361609712309609366e-01,2.674713604116464929e-02,2.052454528901242786e-04,6.445202129497991893e-03
7.823835606848836832e-01,1.744640178241371187e-01,3.500212495420108871e-02,2.157860666847638683e-04,7.934510470093431717e-03
7.024529271597595992e-01,2.382711774119433690e-01,5.092883864402578814e-02,2.793569566119026744e-04,8.067699827659452483e-03
6.934667111964070152e-01,2.405890068038122331e-01,5.577666517221349651e-02,2.637583475575892128e-04,9.903858480009734844e-03
6.787521664471654059e-01,2.618905806943681580e-01,4.856132535889371576e-02,2.295759498573937587e-04,1.056635154971513786e-02
7.627606858972013626e-01,1.774931051931836201e-01,3.875539558488458325e-02,2.159410610654066492e-04,2.077487226366495771e-02
4.880088903540814038e-01,4.114801761258398138e-01,5.943459145718883729e-02,1.919055048657590892e-04,4.088443655802412313e-02
6.661323834754230289e-01,2.612741953058106414e-01,4.551465041372416975e-02,1.767436361663167401e-04,2.690202716887571746e-02
6.238636442029285023e-01,3.094220752228485916e-01,4.558615540841376434e-02,1.783854346918849795e-04,2.094973973111715140e-02
6.187856487069464118e-01,3.223645773893394906e-01,3.671793289461955379e-02,1.353186121232455047e-04,2.199652239697145323e-02
2.703882351660139571e-01,6.326911760868908496e-01,6.404688633762531391e-02,1.349023227574506795e-04,3.273880008671250369e-02
8.536152061972697436e-02,7.794818240805907461e-01,1.011280533685088717e-01,9.671526421029025451e-05,3.393188666696299316e-02
6.453349136564488775e-02,7.804570911597338290e-01,1.118135585453070846e-01,8.770403401525452014e-05,4.310815489529888633e-02
1.668396915980888962e-01,6.410710696886788851e-01,1.439010158341678947e-01,1.926130787096305631e-04,4.799560980035483260e-02
3.355876318197461572e-01,4.790755396620153816e-01,1.471177785077501798e-01,3.369814194496490367e-04,3.788206859103855628e-02
4.247067850265159317e-01,4.287298807878808793e-01,1.149470070656590098e-01,3.252956984311961464e-04,3.129103142151289096e-02
6.292276254492975562e-01,2.601059669055590939e-01,8.796571853013505915e-02,2.881971970637572044e-04,2.241249191794463663e-02
3.262519416294498709e-01,4.966782721388445787e-01,1.473913000773857118e-01,2.974093008238218512e-04,2.938107685349589104e-02
9.869844362097383861e-02,6.542194828856962019e-01,2.176358726351272921e-01,2.374989633537827273e-04,2.920870189484883403e-02
4.048810296008529819e-01,4.052370915323753597e-01,1.581827370603359206e-01,3.447314008538673283e-04,3.135441040558189368e-02
7.796093284198821749e-01,1.451956059222643536e-01,6.237137511960613723e-02,3.528517824517787707e-04,1.247083875579549882e-02
9.578666287048284156e-01,2.668625891408548181e-02,1.357980402758347631e-02,1.232290147105964380e-04,1.744079338792082871e-03
9.278045054475154707e-01,4.455396796711529744e-02,2.343829757487328469e-02,2.407006867748806133e-04,3.962528323721012553e-03
9.710527054809591219e-01,1.738320369391865503e-02,1.030629517323144832e-02,1.531944318542560475e-04,1.104601220036538880e-03
9.845775105065330823e-01,7.751839626632126348e-03,5.593875255698238513e-03,2.455379286527897484e-04,1.831236682483650298e-03
9.241642040808781822e-01,2.887616338741223407e-02,4.416015146864860769e-02,9.983648487586532696e-04,1.801116214302388727e-03
9.934180856784736724e-01,2.959847352061809652e-03,2.399245347516702851e-03,1.626168896773270652e-04,1.060204732270607353e-03
9.983450783849813215e-01,8.246137136124105649e-04,3.561530294028780307e-04,3.086895989287139549e-05,4.432859121105486248e-04
9.937133384447651707e-01,3.786987070491660591e-03,9.144450010321229045e-04,5.439042198845225114e-05,1.530839061722527464e-03
9.959983983995051027e-01,2.066555179087319061e-03,6.043435214372729417e-04,4.322247926426854429e-05,1.287480420706127839e-03
9.966164145367517602e-01,1.759417717852581296e-03,4.080912725928854045e-04,3.235790804699622636e-05,1.183718564755678040e-03
9.918673161141551287e-01,4.078509476924265832e-03,1.367890129963049732e-03,9.522429456735193726e-05,2.591059984390168928e-03
9.744042273681344790e-01,1.413904235838581679e-02,6.034795315126473443e-03,3.198356449450632600e-04,5.102099313408132476e-03
9.905505644235195195e-01,3.808404281033670336e-03,3.431827361859263181e-03,2.154808390055215151e-04,1.993723094582006920e-03
9.961287787095096657e-01,2.145250550457191135e-03,1.285605109161778352e-03,1.010864258616356429e-04,3.392792050096046178e-04
9.984394970817446202e-01,9.997781232561695885e-04,3.180345919188900671e-04,3.604176350070064657e-05,2.066484395796238174e-04
9.968193966462577382e-01,1.844077846822014810e-03,8.142387548559424076e-04,1.077475566817866155e-04,4.145391953823618293e-04
9.958297674159259927e-01,2.250301428197533111e-03,1.310246925035682321e-03,1.454093231902331375e-04,4.642749076504804171e-04
9.938329628861873877e-01,3.139214630365635972e-03,1.790238470902486912e-03,1.959529152575214617e-04,1.041631097286958981e-03
9.897739939208909377e-01,7.039358747734795856e-03,2.308444029351200064e-03,1.291976667176164485e-04,7.490056353055323185e-04
9.926014921587015261e-01,4.386642946879400901e-03,2.115357699242547546e-03,1.857055333118659264e-04,7.108016618645968208e-04
9.929927370214004512e-01,4.438742786859438579e-03,1.976044106073815681e-03,1.285911237380298619e-04,4.638849619283538848e-04
9.963303724794266847e-01,2.044856818928985232e-03,1.355685575469355681e-03,1.036351919044919647e-04,1.654499342706153742e-04
9.938499760034908981e-01,2.573781321215628561e-03,3.128208350675588771e-03,2.547880436212474433e-04,1.932462809966598320e-04
9.935004276474033169e-01,2.929178842836440561e-03,3.148028749590755983e-03,2.672806697520244048e-04,1.550840904175542975e-04
9.961125425304077075e-01,1.990547204746572190e-03,1.587560179440367959e-03,1.697272968554927662e-04,1.396227885498578427e-04
9.985484188052459187e-01,8.367055781406505669e-04,5.021887454596042936e-04,5.476634902357222743e-05,5.792052213031268740e-05
9.880620777570779945e-01,5.576725954615027910e-03,5.151495499955290568e-03,6.940222185670830287e-04,5.156785697844702481e-04
9.491799632422099897e-01,3.206971076337498949e-02,1.113256499814798718e-02,5.385704551993579590e-04,7.079190541067646378e-03
9.929701908254330300e-01,2.570009353040837285e-03,8.460030537149533948e-04,7.817112306926377193e-05,3.535625644742007752e-03
9.888007679003916195e-01,5.793825077962359502e-03,1.654508620327613342e-03,9.480277391278925934e-05,3.656095627405733534e-03
9.409306305527215253e-01,4.495433667096936092e-02,5.574127800859241672e-03,1.064399305863831006e-04,8.434465044863488289e-03
8.965407584930059626e-01,5.951524441517320324e-02,3.798750667852705820e-02,3.213443520925172428e-04,5.635146061201063046e-03
7.717289846343048376e-01,1.672172794709786137e-01,4.984885622133912453e-02,2.852286836573673717e-04,1.091965098972007622e-02
7.671232093545308217e-01,7.460163234814248812e-02,4.546642061478407132e-02,4.969981523675852516e-04,1.123117395301750088e-01
8.153889237579416971e-01,3.545524287029045568e-02,1.519806953744371088e-02,1.905398892247452830e-04,1.337672239450993228e-01
9.118676617333729695e-01,1.534534578472659602e-02,7.587253240488145423e-03,1.567424486424465148e-04,6.504299679276991097e-02
8.771393876341467832e-01,4.743103349104745708e-02,3.122035152010635417e-02,4.454974596629810118e-04,4.376372989503633792e-02
9.317457284516458271e-01,2.226540746770597212e-02,1.324649751813146252e-02,2.377741440714555617e-04,3.250459241844518704e-02
8.576097047522338590e-01,7.209970276793555011e-02,2.813320319135112491e-02,2.662668994492040021e-04,4.189112238903028307e-02
9.012126738187451469e-01,4.698096452107132504e-02,1.930833395830880775e-02,2.766334875347623771e-04,3.222139421433986572e-02
9.752009632902635117e-01,1.259185438932199259e-02,4.605056045358784170e-03,8.547272456049296815e-05,7.516653550495363580e-03
9.079588235438844634e-01,3.689128898421161623e-02,2.832515101947729805e-02,7.365560006106312016e-04,2.608818045181603845e-02
8.875096501027139873e-01,1.170776432151664562e-02,1.223536947997635148e-02,6.032335245341195924e-04,8.794398257125883578e-02
8.324192650979868047e-01,2.556078303284501502e-02,3.460018688835783673e-02,1.846213396730535770e-03,1.055735515840799527e-01
7.052277170835125064e-01,4.045931990366114644e-02,2.654676405005832601e-02,1.154835536818033057e-03,2.266113634259501186e-01
7.659813286342669336e-01,1.068788629603047505e-02,5.150813180820132051e-03,5.355101838144743845e-04,2.176444617050680985e-01
8.281306871122899871e-01,4.619643532390967783e-03,3.272162109139077884e-03,4.489625715249808942e-04,1.635285446746549687e-01
7.780409453868508685e-01,6.555431056171234783e-03,4.976484779063473224e-03,5.576553333971664278e-04,2.098694834445171964e-01
8.040559045208731659e-01,4.701864575081644675e-03,2.697030397315846456e-03,2.927673105047422361e-04,1.882524331962245889e-01
7.260311791239476564e-01,1.023417231375664885e-02,1.095494559701215391e-02,9.098572900643033326e-04,2.518698456752191950e-01
7.213439247336199678e-01,2.131337174912653273e-02,4.007241568408827226e-02,3.411731693777952067e-03,2.138585561393873125e-01
4.862916185556939164e-01,4.496432075973239018e-02,7.637117296446289949e-02,4.584258783326545898e-03,3.877886289367843964e-01
5.200619068365719411e-01,4.175312100566253709e-02,8.899265228473347833e-02,3.439839280035608075e-03,3.457524805929965694e-01
4.477512183750876340e-01,2.672177899920949104e-02,4.899091345398737252e-02,2.760835971515023923e-03,4.737752532002005301e-01
4.736786031157320664e-01,2.894052862329283410e-02,4.466111538964825933e-02,2.212176679097042648e-03,4.505075761922297528e-01
4.117084781865931187e-01,3.550246225859880755e-02,3.112249316441531230e-02,6.577368848157891246e-04,5.210088295055769203e-01
7.103820019699323973e-01,1.188833275770183155e-02,2.815340206377427157e-02,1.704348041737062435e-03,2.478719151668545284e-01
6.510004562322241339e-01,1.366718464074889033e-02,1.844458722962554961e-02,1.113431627198429056e-03,3.157743402702029023e-01
4.382875131064737362e-01,2.114385697166494549e-02,5.570450303354495397e-02,4.457606160613707472e-03,4.804065207277026794e-01
3.881336830755663936e-01,2.883935295777709934e-02,7.759154229630614574e-02,4.448712463630623108e-03,5.009867092067198380e-01
3.466053803199078964e-01,1.663927618989892443e-02,2.092623765420160292e-02,1.656796247375427094e-03,6.141723095886162387e-01
4.365260199236132288e-01,1.300696133834538387e-02,8.917408222456815053e-03,6.769683002270134031e-04,5.408726422153574687e-01
3.956744987123238522e-01,1.551820146776185065e-02,1.108604545529225278e-02,8.011525550994356721e-04,5.769201018095225786e-01
3.829692137409330677e-01,8.471621165228490624e-02,7.164110870591294811e-02,2.330949528183405561e-03,4.583425163726856932e-01
3.955712959775807280e-01,6.253721874793362334e-02,6.183663098226589022e-02,2.129191218413320312e-03,4.779256630738064060e-01
2.510266906609755488e-01,8.297531308770314529e-02,9.380930299615708456e-02,2.628120933184053317e-03,5.695605723219802075e-01
3.075364998403086192e-01,5.190886060146984726e-02,5.990996591548605754e-02,2.587413245176987432e-03,5.780572603975583368e-01
2.131921738534563737e-01,3.132968820053365355e-02,1.912854862642778681e-02,9.081271485904944020e-04,7.354414621709917110e-01
3.101583516423918052e-01,6.765278221643319934e-02,9.717873856691680579e-02,2.859271140201358370e-03,5.221508564340568981e-01
5.469932943404556269e-01,7.365122719313345334e-02,1.537729363565806806e-01,4.688585188381505162e-03,2.208939569214487253e-01
3.271449699248817899e-01,5.884527133799994508e-02,2.540123478840500271e-01,1.809969334097259741e-02,3.418977175120955780e-01
2.043111276265902887e-01,6.516036257390445119e-02,1.357582973522993008e-01,5.859353805441111680e-03,5.889108586417647340e-01
1.465720844299388814e-01,2.939207390985354787e-02,4.691614679773682683e-02,1.781742117878549374e-03,7.753379527445921626e-01
1.455293018854029174e-01,5.227411631039951406e-02,7.568461317536795407e-02,2.048727566076196088e-03,7.244632410627533936e-01
2.444681554791276468e-01,3.481941445283026626e-02,8.458130041472408656e-02,2.497209810067920963e-03,6.336339198432500153e-01
1.120549594975232821e-01,2.424741840982590213e-02,3.227972004781392429e-02,7.403306405395843537e-04,8.306775714042974323e-01
1.273884594034759288e-01,2.841960136233487311e-02,2.403747680509914220e-02,5.673698166771116470e-04,8.195870926124129152e-01
1.077876141795823389e-01,6.541451139458320796e-02,9.181020453692585737e-02,1.657918999444983783e-03,7.333297508894636163e-01
1.465668891090866899e-01,7.062125908763203230e-02,6.220392430975586751e-02,1.091986205976033623e-03,7.195159412875493654e-01
2.402376294084655195e-01,1.337910793685022637e-01,9.557339591053445882e-02,1.522702403060196457e-03,5.288751929094375193e-01
1.864265351054613939e-01,4.472289775406100565e-02,4.234940967755457947e-02,9.075840568663609206e-04,7.255935734060566800e-01
1.681724172078858937e-01,9.668209185503583505e-03,1.169506994000698435e-02,5.525932889288893719e-04,8.099117103776747317e-01
7.733618297888066040e-02,2.027591556765250339e-02,3.198103033411904550e-02,1.041452539570676336e-03,8.693654185797771161e-01
7.227651927489146810e-02,3.239931230512211463e-02,6.329020662324330582e-02,2.056865277604397538e-03,8.299770965191386463e-01
2.127657505325104004e-01,4.006507075131865436e-02,5.649438577416205504e-02,2.486163551494476390e-03,6.881886293905143948e-01
3.668947144588049492e-01,4.238657992543829606e-02,1.658297825786318458e-01,9.648202101235901426e-03,4.152407209358888185e-01
2.336811942574932854e-01,5.199045384581715140e-02,1.143903239429023416e-01,5.196724490460910388e-03,5.947413034633262097e-01
1.499296661003881037e-01,4.891448088797303861e-02,5.444039310580071900e-02,1.841890375236108568e-03,7.448735695306021309e-01
7.541209824085509661e-02,1.135987459906790363e-02,1.647755059522538687e-02,5.765359862438064389e-04,8.961739405786078860e-01
2.315401986266779344e-01,4.553675614685637890e-02,8.235919200713391619e-02,2.406679623030609852e-03,6.381571735963010861e-01
5.665016680302943364e-01,1.915208930072676355e-02,2.485020922872650806e-02,1.178131341766226661e-03,3.883179020984862673e-01
4.058196417960373559e-01,6.140728182830480081e-02,8.337734130971873048e-02,2.572450274392089342e-03,4.468232847915470374e-01
2.788093134005545370e-01,1.052474424270472136e-01,2.694645455766535580e-01,5.199524278298102951e-03,3.412791743174466430e-01
1.945650138455913281e-01,5.533414825005099347e-02,7.730728455313903846e-02,2.174088713176202791e-03,6.706194646380423396e-01
1.103941083344641833e-01,7.931138113125352218e-02,2.411412092646805228e-01,3.875345352178604513e-03,5.652779559174232471e-01
5.832082613253808390e-02,2.015179407833340638e-02,4.563864360297452405e-02,1.161755638412273559e-03,8.747269805477415616e-01
1.679613198933350426e-01,3.780768383933687943e-02,6.973134397327747369e-02,1.618760942766167337e-03,7.228808913512843048e-01
2.100017307116897325e-01,8.771385570593101533e-02,2.085410014069830620e-01,3.451845058838150758e-03,4.902915671165580802e-01
7.383657841599793326e-01,4.392837622752163856e-02,6.374045817407962555e-02,2.357204693243832895e-03,1.516081767451756546e-01
6.083092966487494424e-01,1.227247938544605288e-01,1.140430230922439697e-01,3.290021808058647083e-03,1.516328645964875321e-01
2.099605188621771756e-01,1.721907490978272781e-01,4.442539156107073728e-01,7.477351153109358661e-03,1.661174652761788217e-01
1.736742511205392470e-01,1.903651095120831860e-01,4.013980636573256100e-01,4.987757057645202628e-03,2.295748186524066980e-01
