5.908649192068531342e-01,1.057691904169834156e-02,8.031974115099790867e-02,3.129745625173641077e-01,5.263858083086384726e-03
8.847639779560376727e-01,1.968634623276131410e-02,2.180685660983949087e-02,2.464932787261530159e-02,4.909349132874626237e-02
9.689335145996176291e-01,1.911589439467649421e-02,5.773515039648208225e-03,8.275273326982907855e-04,5.349548633359312022e-03
9.841785411081113155e-01,1.294268126672998807e-02,1.829363844328863202e-03,1.014668037905132005e-04,9.479469770391760934e-04
9.424548503985283876e-01,4.791690186141343150e-02,6.642979368381232881e-03,1.489354907169169399e-04,2.836332880960164195e-03
6.127234529560358078e-01,3.063709139286051042e-01,4.406396826804621913e-02,3.406852705251403428e-04,3.650097957678780092e-02
2.414484051372016160e-01,5.952590787491092161e-01,1.169821242665214645e-01,3.176512003618438273e-04,4.599274064680591162e-02
1.228409936117925427e-01,5.869633027805051251e-01,2.378620627439255730e-01,3.111798662104282246e-04,5.202246099756623748e-02
5.326205484861303713e-02,5.491593803245443661e-01,3.713679742777545312e-01,2.710465737640454370e-04,2.593954397532406350e-02
9.662857551206574525e-02,5.635861930692266375e-01,3.127395835010601255e-01,3.690058538549446975e-04,2.667664206379247865e-02
1.708083297863798589e-01,5.275285865365093585e-01,2.455942089057124023e-01,4.173195267143067527e-04,5.565155524468409776e-02
3.445016014389691850e-01,3.768200461147540592e-01,1.839804266242233421e-01,5.246402686512606798e-04,9.417328555340220841e-02
7.765096981981763902e-01,1.231377911265519043e-01,8.385719816626070744e-02,4.000065028090507482e-04,1.609530600620199745e-02
7.536527009472069327e-01,6.026582270037715572e-02,1.438839842009415060e-01,2.613086708456292470e-03,3.958440544301815300e-02
7.445738602407899753e-01,5.728178968778547403e-02,1.723020476620353847e-01,4.109029579330923665e-03,2.173327283005837413e-02
9.764038827821511779e-01,1.062798534139251100e-02,1.047059703835132895e-02,3.090080635433251630e-04,2.188526774561657534e-03
8.855266307418114824e-01,5.667028178000615979e-02,4.608749140840707331e-02,1.121747973512106193e-03,1.059384809626303693e-02
7.129827637230744530e-01,1.656119447766883079e-01,8.603901085218952638e-02,1.308325500514278834e-03,3.405795514753343772e-02
5.406792317546273985e-01,2.350247072706672657e-01,1.332319578171476115e-01,1.595826158244268876e-03,8.946827699931339528e-02
2.311859230942627241e-01,4.758674457226038657e-01,2.261455152303471772e-01,1.079607575746209178e-03,6.572150837704011928e-02
1.016466672337479060e-01,5.782754182418990974e-01,2.647268996824680420e-01,5.260543354666309028e-04,5.482496050641821883e-02
8.633815753614733357e-02,4.558995367135809107e-01,4.150890952252679345e-01,7.773034939844686948e-04,4.189590703101948171e-02
8.034421569540727004e-02,5.510832870047293053e-01,3.425619352408421081e-01,6.574426586391446869e-04,2.535311940038208547e-02
5.319822032944928475e-02,6.454789106134402044e-01,2.807466276499647195e-01,4.281324581686053905e-04,2.014810894897720722e-02
6.395587629406473962e-02,6.268189293697650211e-01,2.940561533938607086e-01,4.781059188050442452e-04,1.469093502350452864e-02
6.017564910651639065e-02,6.771036354093045162e-01,2.503991538370388681e-01,2.742762806098975699e-04,1.204728536653029702e-02
4.574184561287346351e-02,6.863042833994562608e-01,2.574380133591167019e-01,2.040341033109676011e-04,1.031182352524277757e-02
5.596942772017716311e-02,6.690231526886365465e-01,2.244740536980113776e-01,2.374243657609219522e-04,5.029594152741384550e-02
4.403070496745742357e-02,6.755887820030418434e-01,2.054167093615468231e-01,2.340812279032629905e-04,7.472972244005079978e-02
6.594443348942848060e-02,5.762303687739031011e-01,2.117495808352332920e-01,2.678345753868830478e-04,1.458077823260481021e-01
9.937006411219148627e-02,5.311705304264280336e-01,2.745229757128163639e-01,4.578549838414367563e-04,9.447857476472253102e-02
6.024903928541955334e-02,4.821818582190414704e-01,3.909447157640759118e-01,7.245320741559325419e-04,6.589985465730720249e-02
2.937821613286846836e-02,2.536044064250054797e-01,6.623414837235921393e-01,1.653407141698680534e-03,5.302248657683526073e-02
1.168765366604688355e-01,2.448454949971775318e-01,4.595393340254370629e-01,2.816165954387918335e-03,1.759224683625286167e-01
8.176874958497462598e-02,2.900747655013728443e-01,4.592350687639533136e-01,2.729601208628089967e-03,1.661918149410711587e-01
1.669670056718580153e-01,2.809144279482276851e-01,3.700533445201850680e-01,2.880355112299228318e-03,1.791848667474300050e-01
1.542392286310086957e-01,2.632069084095504663e-01,3.126091346985825359e-01,3.090206941169058343e-03,2.668545213196892862e-01
3.052890676170669781e-01,1.106694591198579269e-01,1.475816729632021818e-01,3.764968226800752705e-03,4.326948320730721886e-01
3.288389095350815472e-01,1.135261209644968239e-01,1.492987802298234301e-01,3.610447773963498027e-03,4.047257414966346500e-01
2.320424692223213847e-01,1.797272237973674691e-01,2.084930759841626957e-01,2.517283012863000963e-03,3.772199479832853974e-01
2.757177502767159671e-01,1.015716333562516616e-01,1.720264490639814847e-01,2.483179030109767833e-03,4.482009882729409700e-01
3.594536716639745721e-01,8.172696573378891716e-02,1.283976993261175537e-01,2.705469711350374281e-03,4.277161935647685875e-01
3.166595621210459566e-01,1.106038866260182357e-01,2.299199649131308532e-01,3.704018105878702834e-03,3.391125682339262704e-01
1.605567626796307323e-01,1.774735249736894283e-01,3.379084382682756571e-01,2.514440352505678891e-03,3.215468337258984288e-01
2.236489605712200235e-01,1.224851941566208330e-01,4.058591104723140996e-01,3.440123849029282869e-03,2.445666109508157215e-01
3.873837340593003220e-01,1.221988148650235972e-01,2.422689966823160790e-01,2.261186819008629244e-03,2.458872675743514757e-01
2.346314329643577890e-01,2.345482487717222009e-01,2.140009554674411063e-01,8.914011519041073472e-04,3.159279616445748728e-01
1.589881117021785806e-01,8.169680203684868969e-02,1.872598596704627416e-01,2.013524512865549985e-03,5.700417020776443744e-01
2.441446578634352549e-01,7.462350739765415131e-02,1.149952836804213063e-01,1.775850505199875248e-03,5.644607005532894517e-01
1.924909825949180087e-01,9.944570435005124776e-02,1.127103085631478846e-01,9.809009008654035865e-04,5.943721035910175532e-01
1.174925911325929023e-01,1.825785372190656952e-01,9.659656418421652679e-02,4.169782841050218209e-04,6.029153291800197767e-01
2.236151987652373607e-01,1.550043936728694727e-01,9.506191287204592000e-02,6.911271644528248779e-04,5.256273675253944067e-01
1.245136575946917817e-01,2.399377236111778500e-01,8.383943701197844878e-02,4.360580020516778023e-04,5.512731237801002937e-01
2.155054721156200448e-01,2.064116493893718152e-01,1.116673312403313884e-01,5.365404902437382467e-04,4.658790067644330013e-01
1.261598343060719440e-01,6.713340646917541343e-02,6.269590791572884902e-02,5.352763465317532734e-04,7.434755749624919474e-01
3.509068475705650059e-01,6.790330361677503201e-02,7.118624477157131647e-02,8.666215328939855939e-04,5.091369825081947242e-01
3.805339208918925298e-01,5.826333524998819624e-02,3.460426979321706148e-02,4.464675331227125135e-04,5.261520065317795147e-01
3.363097494087155526e-01,4.489708888103841750e-02,3.369301400561804799e-02,3.583112755400363631e-04,5.847418364290879467e-01
3.698290403483512345e-01,5.075492396770569375e-02,3.735999141428222869e-02,5.588305973653600461e-04,5.414972136722955298e-01
2.256750959668163414e-01,1.298275644694993347e-01,7.285027091955509349e-02,5.604514171983793636e-04,5.710866172269308816e-01
3.762581222602730535e-01,1.265530656032174128e-01,7.114872353481629941e-02,6.568974097480667846e-04,4.253831911919450648e-01
4.343789842994493777e-01,1.922694610822946459e-01,8.717173194834705596e-02,4.720980209654424410e-04,2.857077246489434508e-01
4.534361533351579099e-01,6.053298757994082097e-02,5.313178848792210474e-02,5.007233678385846886e-04,4.323983472291405006e-01
5.274398523396575111e-01,8.578325266884047340e-02,5.205466595434772581e-02,5.091326359550267348e-04,3.342130964011992833e-01
7.571677511603107646e-01,3.627265590589022481e-02,1.547727327456140112e-02,2.647139957938001451e-04,1.908176056634438289e-01
8.504674062892906283e-01,2.685023349987264787e-02,1.260554182009645911e-02,2.371207274896744107e-04,1.098396976632504823e-01
6.286723501911095635e-01,2.486658420454113463e-02,1.534610211647168855e-02,2.988966802316580487e-04,3.308160668076460253e-01
6.878063587058410588e-01,7.136200156669314509e-02,3.065043065074916570e-02,3.236331645887123793e-04,2.098575759121278361e-01
7.564582029282006514e-01,3.589664332208329645e-02,1.674751771702612246e-02,2.202634923042583962e-04,1.906773725403856090e-01
7.835914239521923896e-01,3.044065531527327673e-02,1.405042460894825873e-02,1.719759495687962531e-04,1.717455201740172577e-01
6.925222955533563152e-01,6.595413888536916236e-02,3.062122951135696353e-02,2.499025185551583201e-04,2.106524335313624263e-01
7.239825681420529735e-01,1.057263905556813099e-01,2.992048161537257459e-02,1.922130035170298724e-04,1.401783466833760317e-01
7.789678889879888546e-01,9.300132321613809039e-02,1.707856457922449916e-02,1.003567076218649795e-04,1.108518665090267308e-01
8.603248212208765011e-01,5.573591023220147989e-02,1.218271559779215626e-02,8.941483390937274268e-05,7.166713811522040789e-02
6.160609927488733817e-01,6.882633512831934364e-02,1.526569790195243456e-02,1.197234401218206265e-04,2.997272507807332009e-01
4.609858673304779719e-01,1.138614923949584357e-01,2.572204157501983141e-02,1.440690497519849270e-04,3.992865296497918326e-01
4.144182876442748520e-01,1.377864237729871377e-01,3.496888398177961516e-02,1.494643917821686146e-04,4.126769402091761130e-01
5.253683938524950081e-01,9.782839996905466629e-02,4.932210914842570515e-02,4.187215298740151531e-04,3.270623755001506594e-01
5.301082009441943077e-01,1.593859275685628463e-01,9.150512214356093521e-02,4.774413845715829645e-04,2.185233079591102912e-01
5.868881650785081616e-01,1.203943651518531166e-01,5.002299743152212319e-02,3.576642415061837541e-04,2.423368080966103733e-01
4.486283486099967854e-01,1.249352525738135489e-01,4.673225479269382809e-02,3.826209607175895945e-04,3.793215230627782208e-01
6.008289992961735049e-01,5.931962620864558028e-02,2.822098221612092533e-02,2.915739860504916871e-04,3.113388182930095227e-01
4.401596446403117091e-01,1.947548607163630541e-01,8.691509922743312355e-02,5.146275187255289251e-04,2.776557678971665610e-01
4.542420314437313755e-01,1.531889239914958900e-01,1.198945253294391999e-01,7.633028753037667414e-04,2.719112163600297949e-01
5.417486802610488317e-01,8.130868081119831114e-02,5.841580867321430337e-02,5.070344570085355725e-04,3.180197957975299805e-01
4.595363669938864470e-01,9.552622874645801121e-02,9.529688205586955840e-02,7.253404088467831339e-04,3.489151817949392442e-01
3.333512064093581695e-01,3.205441180492735187e-02,3.915197000195176635e-02,8.036726260692955400e-04,5.946387391576933856e-01
3.405839744901326682e-01,5.387091316108418709e-02,6.878063912702059302e-02,7.425094956514704169e-04,5.360219637261109948e-01
1.961028916199982486e-01,6.443870375568186426e-02,6.315761035896209907e-02,4.431189983417901457e-04,6.758576752670161225e-01
2.099482005343569491e-01,4.207497413506157413e-02,3.372314978764509585e-02,2.770248739007986319e-04,7.139766506690357062e-01
2.497625077185645359e-01,2.421711467613883381e-02,1.751384448560053264e-02,3.143909502929311006e-04,7.081921421694032937e-01
1.905930801527095653e-01,7.854620976274639954e-02,4.315869400381907445e-02,2.769247179024941319e-04,6.874250913628223714e-01
2.178763391682792261e-01,4.015592694208867247e-02,1.060236291614520265e-01,1.193667825811501682e-03,6.347504369023685422e-01
2.562138233854274749e-01,1.780928204256682079e-02,3.868958462061748010e-02,8.377023948904200159e-04,6.864496075564978650e-01
1.736758905403673336e-01,4.036789907071639677e-02,7.511120407403011623e-02,8.773973395635111276e-04,7.099676089753225172e-01
1.440670444925301330e-01,4.445607774839833298e-02,7.863583929734412059e-02,7.380149355851085705e-04,7.321030235261422048e-01
4.140146995950722691e-02,1.082502025368834407e-02,9.910629062189682884e-03,1.315834584809139366e-04,9.377312972661339119e-01
2.753442336661868564e-02,5.868341095346115560e-03,4.734065102361399713e-03,8.758751776478101438e-05,9.617755829179087668e-01
1.729008814495690965e-02,3.445724449477301134e-03,2.404792766844391586e-03,5.125981828909412295e-05,9.768081348204323833e-01
1.044380015482533480e-01,2.643163119101769182e-02,8.662888926840847659e-03,1.033879152172521545e-04,8.603640904186707905e-01
3.424440254960801899e-02,4.432691461853741771e-02,4.374986782769732518e-02,3.659896121556208397e-04,8.773128253920015052e-01
3.396387475548331286e-02,3.912585269977052194e-02,5.933459433763105945e-02,9.958615652368774974e-04,8.665798166418783310e-01
2.394311853404467241e-02,4.809368379921711428e-02,8.008917914554530837e-02,1.119694942118220965e-03,8.467543235790746525e-01
2.282171031869821565e-02,4.880979937832603116e-02,1.846881493343766056e-01,3.391782095118628555e-03,7.402885588734805511e-01
2.707330533264987529e-02,4.976006530184909349e-02,1.677097133473502699e-01,2.582196820071794470e-03,7.528747191980790232e-01
2.561430938252434036e-02,2.025745782507406417e-02,1.180547126347977899e-01,2.759480797520538244e-03,8.333140393600834139e-01
1.056599035918306950e-02,5.692335835037382746e-03,1.544644637909403824e-02,3.015153783112941048e-04,9.679937120483741442e-01
1.081433890166642459e-01,1.319238679588782305e-02,2.782130340649989486e-02,6.970505827665837446e-04,8.501458701981814414e-01
6.128964040738743568e-02,1.777058629949946483e-02,8.436564976937518945e-02,1.939092022212037664e-03,8.346350315015259591e-01
4.687386071112083913e-02,3.288611075000302288e-03,1.038318372719452924e-02,4.724751467846373745e-04,9.389818693398996885e-01
5.642170041540023329e-02,7.084176299825615912e-03,6.669119457082020065e-03,2.212418670745393973e-04,9.296037619606175584e-01
1.581421488098655737e-01,1.225545336613901790e-02,4.319342586317922485e-03,8.114810595711340687e-05,8.252019071317204801e-01
1.577188754521964553e-01,5.754643659562032332e-02,8.278704309845758003e-03,6.054438368655165516e-05,7.763954392586508435e-01
2.539873426588810656e-01,1.614170925683924285e-01,4.607397774288199410e-02,3.033185687804601884e-04,5.382182684610639090e-01
5.663573707119304856e-01,1.371472580464593582e-01,3.798000225368323990e-02,3.428922282842142549e-04,2.581724767596427772e-01
2.911448565046408365e-01,1.097796602793441878e-01,1.340324029512519610e-01,1.754057082854337379e-03,4.632890231819086768e-01
3.089526365871844704e-01,1.494296406725440507e-01,1.628885267461008812e-01,3.277296419731934394e-03,3.754518995744387522e-01
8.109192061094753212e-01,2.350806464806373675e-02,1.395440726925654094e-02,4.370373608083608736e-04,1.511812846123959386e-01
8.386812618097779781e-01,3.452230267180657342e-02,1.255029246060800074e-02,3.834710154179898304e-04,1.138626720423894928e-01
8.666204260947117932e-01,5.238943886794609345e-02,1.715482605662649318e-02,3.676368624459001389e-04,6.346767211826974397e-02
6.382075007921312881e-01,1.464981674805160561e-01,5.624177273832045576e-02,7.539122051095335526e-04,1.582986467839227196e-01
2.674543278064119289e-01,3.731440042298982962e-01,1.850841999581334385e-01,9.418921691718964897e-04,1.733755758363844102e-01
5.848186168230361526e-01,1.556697510073548896e-01,7.345728462017879490e-02,9.458504092379729691e-04,1.851084971401922574e-01
7.211980994145070767e-01,1.563641403667530017e-01,4.492055035203960239e-02,3.405830740026450916e-04,7.717662679269771120e-02
9.461779581962497243e-01,3.716024543677867720e-02,5.935426075809542394e-03,5.540899848750927622e-05,1.067096129267442253e-02
9.032565599935731271e-01,7.370760474406373719e-02,8.320659429733305579e-03,7.005962052637912873e-05,1.464511621210339010e-02
7.709750581857480745e-01,1.193645386166305722e-01,1.755804978767283586e-02,1.251321181526551070e-04,9.197722129179576600e-02
9.661408394468973260e-01,2.256337702767164180e-02,2.885674642251232196e-03,3.419047730661191472e-05,8.375918405872942452e-03
9.680940702393394659e-01,2.440151636800310872e-02,3.107548892376844202e-03,3.419550764268738100e-05,4.362668992637810592e-03
9.845353781965946460e-01,1.279371797664147561e-02,1.118419956487814787e-03,1.647418000657288847e-05,1.536009690269642949e-03
9.668025528584189843e-01,2.852609662501329885e-02,1.943804107546413763e-03,2.916410758723345128e-05,2.698382301434162824e-03
9.591745947992547094e-01,3.535512811660009025e-02,3.150723639984338333e-03,4.627721921300062069e-05,2.273276224947707452e-03
9.834482613549402341e-01,1.420009087577097165e-02,1.315014750941767086e-03,2.577966270308342742e-05,1.010853355643851967e-03
9.923670523891310324e-01,6.356350341734941754e-03,5.174601335901561584e-04,1.507945301617110238e-05,7.440576825276659038e-04
9.721446396737787321e-01,2.410829279035376499e-02,1.704182610107631782e-03,3.089431930509787129e-05,2.011990606454817313e-03
9.490267325441155144e-01,4.496480144373023180e-02,2.914719140359690961e-03,3.861345109820493027e-05,3.055133420696387690e-03
9.883023364593020998e-01,9.847140607612993660e-03,7.481639944707620723e-04,1.430852815786861520e-05,1.088050410456355664e-03
9.881248891371008369e-01,9.957067656411166742e-03,8.418832097203739640e-04,1.396968789581151186e-05,1.062190308871772742e-03
9.789602546300715247e-01,1.774514119933831222e-02,1.542587520741606514e-03,1.998274312528308663e-05,1.732033906723309943e-03
9.836797611386025597e-01,1.372083047421376358e-02,1.204670288095160274e-03,1.627973954215519405e-05,1.378458359546352700e-03
9.727012683207252319e-01,2.396614655953479070e-02,1.998971160746908400e-03,2.326590436430643242e-05,1.310348054628727998e-03
9.772425342728269237e-01,2.007036756657671131e-02,1.695108241091056699e-03,1.996352538907520725e-05,9.720263941162905676e-04
9.753665367342738701e-01,2.160754299551767219e-02,1.927310009956042071e-03,2.009991006579322096e-05,1.078510350186549435e-03
9.750302128961420012e-01,2.199281030125755862e-02,2.076715810647491653e-03,2.268838607938225359e-05,8.775726058737374309e-04
9.548377540013252007e-01,4.015762329977098227e-02,3.996979329022288044e-03,3.863791228587414587e-05,9.690054575956109223e-04
9.607338940017100537e-01,3.336267966514122607e-02,5.083602275820387796e-03,5.023697758733807752e-05,7.695870797408629633e-04
9.519180030207440302e-01,3.897109598113221440e-02,8.288196800714891371e-03,6.875327155616722558e-05,7.539509258526122179e-04
9.748745545557095937e-01,2.008557899247907091e-02,4.549283449693878809e-03,5.818011123562581493e-05,4.324028908818994721e-04
9.785517644978012353e-01,1.867587805804480500e-02,2.279826858791082073e-03,2.968402141465205344e-05,4.628465639483091056e-04
9.948969123872323239e-01,4.460745624601301570e-03,4.194625337351666895e-04,9.160820902861029571e-06,2.137186335282916785e-04
9.888750188480417425e-01,9.960205735447084929e-03,7.885476581292497848e-04,1.483387210132705540e-05,3.613938862806063057e-04
9.773861411047393144e-01,2.057220613668344494e-02,1.542332972260611204e-03,2.225539437168879152e-05,4.770643919451240597e-04
9.821283411456057655e-01,1.578118067193479829e-02,1.754898721681669247e-03,2.858920614300962119e-05,3.069902546346823038e-04
9.799879869227442475e-01,1.705176471870083546e-02,2.643451964111676565e-03,4.355835881125743128e-05,2.732380356319603562e-04
9.865155185914298297e-01,1.106627222612136842e-02,2.184776000264909441e-03,4.592051157442806340e-05,1.875126706095280895e-04
9.617370082233104300e-01,3.127649773903591612e-02,6.595182090697133612e-03,8.726862639992070839e-05,3.040433205565426706e-04
8.978595339234493045e-01,8.642016631828665363e-02,1.496477249880425603e-02,1.158244179477163876e-04,6.397028415119981274e-04
9.689378537310658901e-01,2.638659422871155943e-02,4.372380410157800448e-03,4.865173626149062999e-05,2.545198938031540282e-04
9.422468138403671256e-01,4.975113598869347620e-02,7.563994984528981010e-03,5.907611282384488626e-05,3.789790735866401363e-04
9.799904838939440532e-01,1.690418176978246076e-02,2.875860457319938043e-03,3.465408295219182496e-05,1.948197960012950356e-04
9.726046549925756457e-01,2.303901839376696487e-02,4.055345847820419035e-03,5.038237005412742997e-05,2.505983957828833431e-04
9.851589095347565994e-01,1.227359661514256309e-02,2.371575821840267613e-03,3.750540945589129230e-05,1.584126188046184680e-04
9.710579038620557046e-01,2.443239716935646094e-02,4.004417958124828307e-03,5.103113747370968900e-05,4.542498729893979957e-04
9.895256795714292286e-01,8.699515269231275841e-03,1.505408243454631201e-03,3.572883610832783068e-05,2.336680797765574571e-04
9.934865109475562450e-01,5.480317427788816698e-03,7.451113111990606769e-04,2.427223179256503155e-05,2.637880816633481648e-04
9.718189329943136556e-01,2.399489272269500484e-02,3.241808873123333285e-03,5.739346196122077984e-05,8.869719479067798319e-04
9.507080057478962676e-01,4.216000334024479212e-02,6.288149576315927095e-03,6.730352089055324089e-05,7.765378146524397947e-04
9.808658397701932596e-01,1.607377253486940230e-02,2.651657595330699640e-03,3.661339504345623641e-05,3.721167045632562342e-04
9.971074061027935809e-01,2.401153190417949692e-03,3.934783110652067986e-04,1.074745646524151616e-05,8.721493925795859600e-05
9.881299519209626459e-01,9.986434627480002615e-03,1.594198329667569081e-03,3.103150928994118768e-05,2.583836125998222651e-04
9.730053682643222679e-01,2.326603145803961270e-02,3.137496729381601592e-03,5.833945820059179249e-05,5.327640900560437010e-04
9.215186264583913323e-01,7.019344031797943029e-02,5.570560331626709175e-03,9.297722062761773877e-05,2.624395671374968927e-03
7.592423677504966939e-01,2.062579594210726397e-01,2.978869507956315860e-02,2.861280863090785590e-04,4.424849662558449741e-03
7.763267440452764623e-01,1.750634021791780959e-01,4.460071278870328393e-02,4.963645981046662780e-04,3.512776388737475809e-03
9.373173492387647521e-01,5.021931304125815121e-02,1.027616632817718312e-02,1.134379081361076326e-04,2.073733483663923929e-03
8.896789223189718321e-01,8.697201170067828113e-02,2.123201582878131086e-02,1.455677202623522400e-04,1.971482431306059973e-03
9.065433779635100331e-01,7.544689817585607805e-02,1.655268950261314098e-02,1.213128515440611285e-04,1.335721506476657272e-03
9.212028343870567459e-01,6.360139987831971153e-02,1.391697884736101121e-02,1.033227210686515901e-04,1.175464166193853580e-03
7.280717066407873528e-01,2.373855750062837389e-01,3.145462908890252901e-02,1.349002657030886265e-04,2.953188998323334844e-03
8.605574942960890761e-01,1.156669405742304091e-01,2.202297280606720087e-02,1.064261460247096044e-04,1.646166177588515196e-03
9.332847830955648405e-01,5.596244371805898093e-02,9.827455915009277246e-03,8.609470574081753091e-05,8.392225656260267385e-04
9.811638418443434650e-01,1.579855434890033508e-02,2.696945574577637277e-03,4.319024289412490964e-05,2.974679892844203774e-04
9.348107829799087165e-01,5.408966427822474443e-02,1.048578371244819618e-02,1.074120788981931487e-04,5.063569505199699318e-04
8.728074615159250316e-01,9.869544857924469894e-02,2.766226192499350242e-02,2.099348127963530355e-04,6.248931670403464617e-04
9.177117537900487676e-01,6.012297518297498450e-02,2.156134838661278447e-02,2.029000509434853502e-04,4.010225894197884324e-04
8.909329000792944875e-01,8.045917782476127988e-02,2.793335382268206241e-02,2.676113343020307292e-04,4.069569389602308409e-04
9.072256169494335998e-01,6.622209752846194841e-02,2.587868963387678078e-02,2.831347935829356833e-04,3.904610946448014777e-04
9.060714440505163170e-01,6.319047233859162449e-02,3.002826437185652023e-02,2.757468556513618832e-04,4.340723833841724183e-04
9.613317582634582914e-01,2.546531067827964914e-02,1.282230755823990029e-02,1.730090497785466918e-04,2.076144502435222695e-04
8.156823267146163792e-01,1.435290308499965195e-01,3.987997910554010039e-02,2.468516691637257041e-04,6.618116606832412938e-04
6.619279874517320916e-01,2.470100030997338103e-01,8.978212067318482037e-02,3.297399408049565177e-04,9.501488345443071925e-04
7.104983929403918541e-01,1.943456525910302879e-01,9.381170100467962902e-02,3.900825700942030022e-04,9.541708938040284645e-04
8.418092412894939702e-01,1.102068444475514108e-01,4.714752289009878361e-02,2.532389917264264885e-04,5.831523811292764438e-04
8.501631595716427903e-01,1.068720363639107246e-01,4.202124143570101084e-02,2.479809630572542994e-04,6.955816656881544683e-04
8.406192397891687484e-01,1.111255972013732718e-01,4.741139470479166507e-02,2.872835336973943231e-04,5.564847709688839966e-04
8.203239874388801312e-01,1.323413689912696922e-01,4.638489799116909951e-02,2.432752671579973484e-04,7.064703115229352187e-04
9.041361617734878786e-01,6.557050022600678651e-02,2.968042909285587699e-02,2.130849192872932558e-04,3.998239883622066904e-04
9.041699656608355173e-01,6.929605174742664575e-02,2.594557133612628713e-02,1.610299664907538085e-04,4.273812891209945674e-04
9.595511213116263427e-01,2.989092120255066806e-02,1.017331283750500318e-02,8.144473475446992812e-05,3.031999135636308674e-04
9.555786003938520068e-01,3.575855187190116191e-02,8.236939956792021025e-03,7.244967036547623432e-05,3.534581070892652064e-04
9.857177751596577497e-01,1.208808006591524133e-02,1.988844825208546056e-03,2.700332417103378221e-05,1.782966250473192566e-04
9.910936593473856915e-01,7.773885793128577915e-03,9.469790436435390063e-04,1.540865355196280130e-05,1.700671622903209489e-04
9.804044627500462239e-01,1.710668985631977682e-02,2.228524384548793372e-03,3.240358321154535650e-05,2.279194258737916737e-04
9.327788261472702569e-01,5.920795954231248409e-02,7.528804972035853769e-03,6.670881298705998229e-05,4.177005253941488841e-04
9.675894240586041528e-01,2.772156705383962277e-02,4.261493620302442970e-03,4.365054223680928347e-05,3.838647250169991104e-04
9.772973575669362534e-01,1.857591183096891224e-02,3.827327068680695405e-03,5.501274538915439924e-05,2.443907880251821999e-04
9.775777120696480527e-01,1.953484650633745268e-02,2.583730589997111290e-03,3.947819741676561022e-05,2.642326366005825111e-04
9.876730535026909674e-01,8.092950762061812756e-03,3.984322370877566716e-03,1.311694624946070284e-04,1.185039018750090275e-04
9.982439943629353163e-01,1.243924996915718364e-03,4.490510427738137410e-04,2.603519844019434455e-05,3.699439893500547127e-05
9.968038310972267002e-01,2.555316174808050598e-03,5.486386629149764401e-04,3.247839218124999594e-05,5.973567286915664967e-05
9.986083413386106500e-01,1.141437839551981892e-03,1.855180716930769256e-04,1.433959339250332102e-05,5.036315675201176006e-05
9.967297442203733038e-01,2.819479058953924377e-03,3.376311042101615167e-04,1.991174485154228451e-05,9.323387161104602677e-05
9.801252800195816572e-01,1.779805693011682691e-02,1.730543867156310051e-03,5.038575793516411350e-05,2.957334252100996702e-04
9.887842076969530769e-01,9.855302410170189292e-03,1.094553038741061636e-03,2.915736205340826567e-05,2.367794920823067912e-04
9.871954199648661499e-01,1.066119340101941843e-02,1.948562380848026547e-03,4.306852125164457125e-05,1.517557320148062194e-04
9.460850384340926400e-01,4.555611655542476934e-02,7.707900573925455939e-03,1.257916577336248506e-04,5.251527788234485253e-04
9.943797057531668093e-01,4.612359644647240874e-03,8.611621333983113377e-04,2.865029119940052535e-05,1.181221775880649726e-04
9.980629258940056925e-01,1.575650485273343048e-03,3.065121625898291824e-04,1.227521525612014578e-05,4.263624287502837385e-05
9.994750041900430926e-01,4.267435143083886189e-04,7.223606386893901827e-05,4.665688030669524546e-06,2.135054374886370495e-05
9.992962956031030686e-01,5.707105480466429957e-04,1.006296379560830088e-04,6.021307201878911483e-06,2.634290369229143870e-05
9.993974643164589278e-01,4.898243463003548520e-04,8.782128128963344338e-05,6.399913442963321860e-06,1.849014250795793956e-05
9.996746859425766907e-01,2.641526558707687480e-04,4.194263749242735584e-05,3.995331277131480216e-06,1.522343278316984602e-05
9.995852332652122030e-01,3.450424699171899525e-04,4.591963720242248477e-05,3.964450790622081657e-06,1.984017687749759976e-05
9.991931006721539443e-01,6.770843179738393136e-04,8.425071684871333867e-05,7.370942062106202183e-06,3.819335096146749399e-05
9.979912518626864459e-01,1.608161483788413722e-03,3.246370414581227037e-04,2.447957244918021189e-05,5.147003961794041854e-05
9.970147090841787740e-01,2.247867488236131826e-03,6.185319590272963424e-04,2.854710122801544780e-05,9.034436732977895411e-05
9.483022760563223352e-01,4.335204775514168996e-02,6.794307566353813971e-03,1.189877840923247505e-04,1.432380838089739343e-03
6.388094887127643284e-01,3.221236198253076277e-01,2.991285151190038738e-02,1.802838408546341526e-04,8.973756109173012044e-03
4.538912422875410746e-01,4.624142914701405149e-01,5.641192344464823760e-02,2.361430161132312112e-04,2.704639978155690822e-02
2.060951930139520993e-01,6.707426107850852359e-01,8.473192943556687173e-02,1.546774049322626170e-04,3.827558936046352583e-02
4.218130156488531513e-01,3.511478589700187114e-01,1.442453480362027862e-01,4.900651873231803282e-04,8.230371215760212689e-02
4.075559011174866297e-01,2.842172155082058338e-01,2.262057825829745517e-01,5.249522155005522696e-04,8.149614857583237226e-02
5.148603027434346391e-01,2.184949662819324068e-01,1.457713380216492105e-01,4.300855026705668188e-04,1.204433074503132167e-01
2.031611036873330334e-01,4.704708731715166459e-01,2.060054091553293887e-01,2.270123280105959941e-04,1.201356016578102454e-01
2.479908872708141421e-01,3.621840838734280421e-01,2.320977007110670010e-01,2.497525011046125608e-04,1.574775756435861651e-01
3.800469914074416922e-01,2.428903430229364946e-01,1.785897849253593739e-01,3.631637886275413145e-04,1.981097168556348320e-01
5.847321318595698481e-01,7.844663086721220813e-02,5.769583517135687400e-02,1.833842819190863063e-04,2.789420178199420453e-01
6.639476268138375659e-01,2.247326081003085674e-02,3.217124127226827363e-02,4.433357200156753334e-04,2.809645353838478021e-01
6.223940830078147357e-01,1.538863487218615662e-02,3.135063893553164532e-02,1.572999324019750322e-03,3.292936438604477378e-01
4.359140395086403830e-01,6.325537242999772214e-03,3.134516746990923669e-02,3.426090296153387529e-03,5.229891654822972358e-01
2.862221646374067396e-01,4.583912947966188936e-03,3.817976309367727972e-02,6.311318637273433466e-03,6.647028406836765768e-01
4.370567754565983232e-01,4.249030973359469408e-03,2.358035065375562594e-02,6.649745366618884865e-03,5.284640975496677218e-01
3.626388817908778317e-01,5.710429635938396933e-03,4.191397497117906046e-02,1.019570167780389433e-02,5.795410119242008218e-01
3.369644605042410035e-01,3.522569543415331964e-03,2.063725280911340998e-02,7.329625301057553222e-03,6.315460918421728076e-01
5.440304244834169856e-01,2.708794282078406251e-03,1.269697184318555744e-02,7.349553077430537665e-03,4.332142563138885460e-01
4.581366381354019524e-01,3.110940202069538158e-03,1.727362033549032991e-02,9.388067925370847597e-03,5.120907334016673307e-01
4.092315945959615897e-01,3.622055290201371940e-03,3.998993162277524049e-02,2.638983674474470673e-02,5.207665817463171809e-01
3.740745614603269154e-01,5.417004318221093143e-03,3.991569155639402428e-02,2.267575740411549579e-02,5.579169852609425773e-01
2.463731433650205582e-01,3.027498619964390583e-03,1.745422728050098279e-02,8.966740339467278026e-03,7.241783903950469448e-01
1.822657015164022010e-01,3.723096552794592611e-03,3.612627119862143327e-02,1.074113234065041805e-02,7.671437983915313508e-01
1.529959137864773389e-01,4.452210625354313320e-03,3.802223944833293956e-02,7.332797406205304042e-03,7.971968387336300088e-01
9.976485644102765782e-02,3.348653643264434820e-03,7.676522327166314733e-03,5.404616502506036889e-04,8.886695059382909712e-01
2.194305662841835869e-01,2.876643671261865012e-03,5.786018041750518384e-03,6.972024866887824388e-04,7.712095695161154119e-01
1.715538250372375118e-01,2.177276686359492369e-03,3.040687610131099540e-03,3.007106661794321876e-04,8.229275000000926266e-01
1.633413213487142079e-01,2.362977493984896871e-03,4.869291948726319277e-03,7.938075065435964538e-04,8.286326017020311241e-01
1.380056560985488956e-01,2.250298765127442709e-03,5.064551319400470084e-03,9.572101260354496603e-04,8.537222836908877621e-01
1.807370652795944888e-01,2.044664168723722784e-03,9.278992655202896941e-03,2.748387909930910273e-03,8.051908899865480862e-01
2.088513593393557244e-01,3.628315102774360649e-03,2.214635062650980105e-02,5.696071230471612748e-03,7.596779037008885016e-01
3.252481637071745202e-01,5.259711287701231142e-03,2.032668156622798386e-02,6.258744194924817719e-03,6.429066992439713690e-01
2.796579563825698500e-01,3.413047794056977505e-03,1.741318217786697389e-02,7.460526219570506185e-03,6.920552874259358056e-01
2.982683534058747088e-01,2.564976164699877929e-03,6.774336310209994570e-03,2.400266689206874589e-03,6.899920674300087375e-01
2.000535245218852398e-01,2.243366678757258408e-03,6.938520597927627653e-03,2.315822803546102419e-03,7.884487653978836663e-01
1.910169484187696221e-01,2.450115832276103609e-03,6.245107753369014483e-03,1.583695680589382142e-03,7.987041323149958183e-01
2.859394761488512904e-01,5.628009098822283479e-03,8.698878173395232366e-03,1.585402723581941838e-03,6.981482338553492983e-01
3.033619230192931004e-01,2.982710260761742890e-03,3.683492283574684584e-03,6.561715107113554653e-04,6.893157029256591350e-01
2.574203025291633140e-01,7.065849173719298409e-03,5.272311227260938378e-03,4.620180466955978215e-04,7.297795190231608498e-01
2.919384228320209274e-01,5.830195749962682056e-03,7.977240722628698225e-03,9.893977736746767740e-04,6.932647429217131396e-01
2.587323238915776313e-01,1.042906425060559708e-02,1.310829711132313960e-02,1.155580272695893662e-03,7.165747344737976032e-01
1.811427910132535901e-01,9.075567577214544920e-03,9.279757674603391834e-03,4.596158324426147549e-04,8.000422679024860040e-01
1.880795539109978154e-01,5.374308325095189000e-03,6.534730406126313014e-03,4.173043267577357927e-04,7.995941030310228514e-01
1.574881733312982202e-01,4.614388146825475039e-03,6.806399963902649841e-03,4.154084247600621158e-04,8.306756301332135495e-01
1.828651399609138584e-01,6.022133516382409749e-03,1.710732651576538782e-02,1.921792454704286017e-03,7.920836075522338371e-01
2.926128538522880240e-01,4.958090985358637633e-03,1.207912044570822255e-02,2.663815906428355917e-03,6.876861188102167954e-01
2.146733037486489026e-01,3.187611096931438053e-03,5.296265752022994745e-03,1.077510000982250795e-03,7.757653094014143047e-01
2.216672491961058644e-01,2.337891624365940387e-03,3.437625232429286897e-03,7.124576099723570199e-04,7.718447763371265591e-01
2.305503193092089675e-01,2.388004666921368386e-03,3.344672554221572204e-03,8.315187196005031575e-04,7.628854847500478042e-01
2.482948685037560943e-01,3.120491644653026250e-03,2.249084314111484371e-03,3.950656321586700826e-04,7.459404899053209137e-01
3.867742251550837507e-01,3.425348461798000815e-03,3.168040756730077477e-03,4.375238857232749889e-04,6.061948617406649475e-01
3.019948366461862044e-01,4.555755469041375925e-03,2.778088282795799537e-03,3.484290969425303725e-04,6.903228905050340369e-01
1.990579270252521848e-01,4.940526961848698551e-03,5.605540019826886662e-03,9.757011096777991116e-04,7.894203048833945413e-01
1.265277585502438962e-01,2.178036579546056058e-03,2.981476418057838178e-03,6.130471991738256805e-04,8.676996812529782499e-01
1.251506757613140008e-01,5.588545106389347303e-03,7.344164526091570729e-03,7.742272612383667126e-04,8.611423873449666200e-01
1.427898004317537106e-01,1.788759379180202003e-02,3.563418854339265446e-02,1.986737018779390941e-03,8.017016802142721277e-01
7.047572024955196801e-02,9.287421220480349821e-03,1.150296897875760678e-02,3.978123176594368870e-04,9.083360772335508093e-01
7.973476523213833544e-02,9.292344817421548109e-03,1.371799024575458964e-02,6.176361431570443448e-04,8.966372635615285080e-01
8.143223138371123715e-02,7.453163497841162888e-03,7.822935172436686069e-03,2.811703198086887203e-04,9.030104996262022787e-01
7.305772451602117468e-02,1.410387168995829929e-02,1.571939713652384038e-02,3.397414624356205159e-04,8.967792651950609040e-01
1.068793969157554036e-01,2.434251855090522818e-02,3.415198885785180466e-02,3.839997511496158629e-04,8.342420959243378453e-01
8.837114650456265319e-02,1.525001530912938226e-02,1.972079525954667165e-02,2.251443352749994253e-04,8.764328985914862091e-01
4.564015469289079557e-02,8.100875288684618314e-03,9.173337381908156299e-03,1.027832077136215663e-04,9.369828494288026111e-01
2.063402052908846693e-02,4.293155483426022191e-03,3.065265432722468278e-03,4.030181278881864328e-05,9.719672567419741505e-01
3.264167361270048362e-02,8.445570314420230637e-03,4.800744302386905464e-03,7.821425432171298815e-05,9.540337975161705675e-01
4.328108548942701667e-02,4.866318976199673733e-03,2.757446646461276640e-03,4.695897427082717482e-05,9.490481899136412602e-01
6.385694829415176910e-02,3.122561829647043860e-02,1.762254856321665217e-02,7.444082335814462912e-05,8.872204440228029787e-01
9.198015864149992893e-02,4.087798020239444274e-02,3.917375638559360967e-02,2.295054385100409066e-04,8.277385993320018898e-01
4.006306957666398716e-02,2.928882147553691154e-02,2.053746026487974358e-02,1.152555926414182197e-04,9.099953930902781041e-01
3.128252456085393873e-02,9.240298102527973179e-03,5.063356511760854807e-03,5.004758420688337376e-05,9.543637732406504703e-01
1.002272288373279030e-01,1.159793680015753885e-02,1.071348027556071406e-02,1.556352118833018345e-04,8.773057188750704727e-01
7.723480743363998757e-02,2.051687777227164181e-02,1.570577167881052547e-02,1.330600933410567839e-04,8.864094830219367838e-01
6.210124836582369551e-02,1.987725181951637693e-02,1.158554424784674457e-02,8.245192015892769126e-05,9.063535036466543460e-01
5.340809608828498561e-02,2.983197574710097846e-02,1.444026534588884261e-02,1.001207670928988281e-04,9.022195420516322395e-01
2.093743452585871689e-01,1.574815905466276506e-02,6.906792930078241993e-03,1.254226393418540959e-04,7.678452801173299980e-01
2.652607920813889186e-01,2.124362287292415677e-02,4.623588422258748457e-03,8.273051979524799775e-05,7.087892661036327979e-01
7.211899727995100262e-01,1.917401072676085810e-02,3.649528133604341106e-03,6.294594968357678855e-05,2.559235423904410167e-01
5.531363916257120428e-01,8.489133763811050615e-02,1.166222297975078558e-02,1.164966939456348733e-04,3.501935510624810122e-01
3.408910577590707480e-01,3.098835650964035238e-01,3.139461761812804147e-02,1.153446735862106521e-04,3.177154148528115174e-01
1.664634063171128997e-01,5.705733600074136547e-01,5.364007469589474053e-02,8.912686050353120992e-05,2.092340321190752084e-01
3.809117603836286170e-01,2.453929908651222014e-01,3.316902076015773582e-02,1.336270537776039382e-04,3.403926009373138273e-01
1.964800881870448213e-01,8.473613667683194128e-02,1.440893576196889021e-02,1.799609595250382054e-04,7.041948784146291329e-01
1.414850592237104632e-01,1.210175473974956645e-01,4.103487533010730104e-02,5.452635503928470080e-04,6.959172544982936692e-01
1.041525945022812871e-01,1.913475557580418887e-02,9.195944633840356236e-03,4.129313570204647403e-04,8.671037739310537562e-01
3.549393318141762510e-01,2.121431428599300159e-02,5.764883296546938207e-03,2.630486699293783492e-04,6.178184219333543448e-01
2.592711727747890604e-01,3.805239329610494992e-02,1.155576013150822964e-02,3.873768824616655214e-04,6.907332969151361857e-01
3.048457994535115345e-01,9.976933162495073282e-02,3.253259454210186141e-02,3.631080244108336047e-04,5.624891663550251053e-01
3.524742816801111345e-01,8.119185371108683658e-02,1.900515030429037952e-02,1.987100953826360342e-04,5.471300042091289395e-01
4.200842885725796783e-01,1.787041582593851610e-02,4.117872969977984070e-03,1.145358057498049989e-04,5.578128868257540285e-01
8.574145248753407555e-01,1.161162621464020828e-02,2.351062835316882187e-03,7.163845606994142298e-05,1.285511476186321500e-01
6.588081461337396139e-01,5.106298311114321198e-02,6.121362354376249683e-03,1.309556817872213337e-04,2.838765527189536786e-01
6.843085297038314918e-01,3.771956522272899848e-02,3.863889139850426504e-03,9.608683815329247229e-05,2.740119290954358133e-01
7.063280875686835936e-01,7.008216594096480789e-02,4.820190794671226631e-03,7.028755451090968264e-05,2.186992681411692729e-01
