8.909151855960069089e-01,3.083229765598074351e-02,3.849447721344882029e-02,9.184861595332676279e-03,3.057317793923089097e-02
9.528536487592950133e-01,7.837716970041487888e-03,3.814688697778149604e-03,4.230147850115756401e-04,3.507093078787378027e-02
9.884934296302324563e-01,5.159010466502167089e-03,1.819313704323274753e-03,1.473247713679318237e-04,4.380921427574269687e-03
9.981840132157285828e-01,1.015412690642833980e-03,5.295990066396596974e-04,4.082857939167390977e-05,2.301465075972768213e-04
9.984160014251372006e-01,1.071512377107100046e-03,3.277697871179524667e-04,3.954468939394222774e-05,1.451717212438027827e-04
9.911292208692716876e-01,6.620268949303968233e-03,1.549122386458876184e-03,1.231423998104052089e-04,5.782453951551416987e-04
9.964784426066799483e-01,2.643429117119700314e-03,6.420056549851552684e-04,4.371510223705425550e-05,1.924075189781976455e-04
9.978821213781765564e-01,1.773196614522104964e-03,1.936938793997362894e-04,1.126822899478920166e-05,1.397198989068760536e-04
9.917238270302484171e-01,6.796081355166669336e-03,1.156281201842238125e-03,4.761540817758908365e-05,2.761950045652202391e-04
9.676794526643868188e-01,1.829091330869666437e-02,1.262674427386069505e-02,7.279293219530222825e-04,6.749604311028500891e-04
9.244238989700495068e-01,3.414380772027723887e-02,3.768166933434546895e-02,2.161611705016885498e-03,1.589012270310911348e-03
8.378698880009475269e-01,4.123751877246396164e-02,1.149819301679765593e-01,3.696606271015897942e-03,2.214056787596042908e-03
6.698935303280812992e-01,9.622125869885711502e-02,2.267801690800458347e-01,4.264016853927863997e-03,2.841025039087922630e-03
9.601472317407092616e-01,1.682728059028206977e-02,2.172462852182757004e-02,6.244136737275402145e-04,6.764454734534705669e-04
9.159278096214594767e-01,4.000884429816004700e-02,4.087260375414294988e-02,1.211542479887349390e-03,1.979199846350159289e-03
9.596307204231876442e-01,2.064678900084322352e-02,1.363848202726105838e-02,4.155362662850509625e-04,5.668472282422865396e-03
9.846377969867405877e-01,5.186505316776347449e-03,5.010117678840162597e-03,3.899587330115054798e-04,4.775621284631662716e-03
9.631466287055118203e-01,5.420735241265879113e-03,1.479568253148634376e-02,1.545293520796824169e-03,1.509166000093913225e-02
9.835632069543563949e-01,2.014066241097669293e-03,2.915150772266086182e-03,3.720755075191111870e-04,1.113550052476053667e-02
9.689226373845134521e-01,4.373417618004245971e-03,9.226556384694694843e-03,8.197958767244049958e-04,1.665759273606331331e-02
9.234223603648941125e-01,1.171905594429482889e-02,2.929160904952358632e-02,2.145812411362413730e-03,3.342116222992514568e-02
9.113470233663867326e-01,1.271392287105945276e-02,3.714713488564495153e-02,2.310368169082619143e-03,3.648155070782627130e-02
9.138650814699282865e-01,1.281916230260167835e-02,3.993981409376597125e-02,2.015804606875460855e-03,3.136013752682868805e-02
8.990732750244281313e-01,1.260000145577194579e-02,5.199416755912280447e-02,3.947734272519327903e-03,3.238482168815785822e-02
8.644278414787807119e-01,1.224058660367256454e-02,8.412415376257198485e-02,1.181344430373997868e-02,2.739397385123459525e-02
7.331301923378026331e-01,2.753706651001957759e-02,1.866365364014885564e-01,1.987295908612849576e-02,3.282324566456078924e-02
8.819614338942449727e-01,2.070327915118284554e-02,6.270056373781422721e-02,5.813873161962906412e-03,2.882085005479497267e-02
9.236833842898406477e-01,1.428384139832475537e-02,4.331126243808255949e-02,3.479944661434629730e-03,1.524156721231739731e-02
7.980883351856494778e-01,2.663197720995855167e-02,1.323773027896378851e-01,4.517449759185583960e-03,3.838493505556837826e-02
7.973591292860013890e-01,1.989173590168953273e-02,1.337112774869098353e-01,5.125087047007467755e-03,4.391277027839184111e-02
9.155432783838421962e-01,3.998180575915661998e-03,2.434157428243015342e-02,2.159247988563575173e-03,5.395771876924837507e-02
9.069737411951130923e-01,8.656442306661477765e-03,4.876799715592092244e-02,2.268923712526722900e-03,3.333289562977784920e-02
9.060304510212252582e-01,9.006505683295841502e-03,5.205911150831899620e-02,2.139144220011668113e-03,3.076478756714830579e-02
8.123953970124704327e-01,1.730763565615735244e-02,1.183244156017460302e-01,4.373541658553694103e-03,4.759901007107256860e-02
8.321003113480627267e-01,2.838413941549106784e-02,9.598614934573562740e-02,2.076847529080097596e-03,4.145255236163041673e-02
9.386054829143135603e-01,1.193887026716894569e-02,2.093781421783348640e-02,6.547650377823446052e-04,2.786306756290173395e-02
9.085922379880397859e-01,1.414968216890398825e-02,5.252396915645456132e-02,1.200331759208122379e-03,2.353377892739363583e-02
7.771785580753693967e-01,2.241642178432654703e-02,1.601652175240458886e-01,3.173385388967203853e-03,3.706641722729119709e-02
7.641664117602195994e-01,2.019077085699668914e-02,1.488578048028586231e-01,3.947012260771251557e-03,6.283800031915380557e-02
7.995337365766069793e-01,2.157031580237152996e-02,1.010385450530354445e-01,3.117201606041422775e-03,7.474020096194468332e-02
8.674638445316542601e-01,1.337469338044781388e-02,7.362111727293671470e-02,2.499852070680463542e-03,4.304049274428059513e-02
8.952504564292173006e-01,8.874371051550835471e-03,5.641409351528327287e-02,4.358008701637683738e-03,3.510307030231078068e-02
8.121012006557699614e-01,1.138211424306233115e-02,8.396297495567654756e-02,8.543875749213027809e-03,8.400983439627805749e-02
8.459594917312593942e-01,7.571892171704321974e-03,7.192259564682806916e-02,1.039955795116343125e-02,6.414646249904486230e-02
9.085099656169464133e-01,5.120472269437452428e-03,2.365550835349810102e-02,3.928280902576728774e-03,5.878577285754137127e-02
8.593204123165480990e-01,9.042889596765085400e-03,2.580871427928710382e-02,2.948399893803221091e-03,1.028795839135964590e-01
7.947130544595198964e-01,4.627864874350681897e-03,7.979469252759321604e-03,1.307924131811543907e-03,1.913716872815585945e-01
8.063937269629865012e-01,4.093033966279179328e-03,9.751768947116396663e-03,1.661606059524214701e-03,1.780998640640936437e-01
8.603233030445949225e-01,2.363311275592834462e-03,5.535423557068290187e-03,1.349327262313056251e-03,1.304286348604309087e-01
8.648310282746981548e-01,3.664765654452232808e-03,8.626008167618203284e-03,1.486050246965570218e-03,1.213921476562657698e-01
8.002808225332835868e-01,3.068313462054798098e-03,8.447448246547299699e-03,1.702900920826989776e-03,1.865005148372871902e-01
7.964736465634304485e-01,2.151843407108778618e-03,5.297846870600387073e-03,1.719230275871456298e-03,1.943574328829888731e-01
8.013381275793994840e-01,1.622732002265706280e-03,3.176922654714542122e-03,1.013012637912129137e-03,1.928492051257081619e-01
7.991708503065714231e-01,3.956773444278194329e-03,9.840349071620325960e-03,1.924925755046395055e-03,1.851071014224836830e-01
8.599447226169965042e-01,2.269909434534299678e-03,5.809393450105799356e-03,1.927525475544164405e-03,1.300484490228191459e-01
8.459812235389773116e-01,2.625732001079543118e-03,5.143957195383187277e-03,1.954525845977571341e-03,1.442945614185824343e-01
8.017146966404856689e-01,2.252274104248104796e-03,4.181575554326671246e-03,1.637625338116645551e-03,1.902138283628228843e-01
7.739744890408905009e-01,3.532483269028369351e-03,5.867097165224348897e-03,1.732267262778145172e-03,2.148936632620787046e-01
8.373855681862651945e-01,3.282215991436321281e-03,5.286274166793941166e-03,1.192907675302777668e-03,1.528530339802018911e-01
8.079593928266806113e-01,3.303307273145969936e-03,3.413029144950060784e-03,8.925360311807558743e-04,1.844317347240425897e-01
7.894357872851223146e-01,3.795531326940286901e-03,9.265405841015487282e-03,2.250914510896029602e-03,1.952523610360260287e-01
7.766188540849537914e-01,4.791090639384043559e-03,1.177438056690443234e-02,2.945608741658039403e-03,2.038700659670997783e-01
8.371535441927433485e-01,5.024655451468709906e-03,1.413578532109213172e-02,4.430972336311208952e-03,1.392550426983844569e-01
7.976298997596602547e-01,9.146301546376640890e-03,1.399817462802251805e-02,3.495559693512580342e-03,1.757300643724280242e-01
7.192289428433881193e-01,3.926444758737311115e-03,3.642269430577027220e-03,1.081379486371472545e-03,2.721209634809260147e-01
8.049972156676168389e-01,2.720119438996864043e-03,1.684077362964556384e-03,5.193029725594051037e-04,1.900792845578622436e-01
9.367994574392791707e-01,2.229147908434069621e-03,1.162196993316373271e-03,2.870885079847859222e-04,5.952210915098578997e-02
9.506418612750758834e-01,2.411873930345038563e-03,9.503359132081548892e-04,2.053946955352532451e-04,4.579053418583577811e-02
9.573903089558243318e-01,2.758083456530771235e-03,1.479226938980505264e-03,3.316126916861021211e-04,3.804076795697819424e-02
9.512749354023037895e-01,2.504920228650967841e-03,1.275069078438408748e-03,3.021805147677549897e-04,4.464289477583911758e-02
9.014083617022520256e-01,2.581164524722074759e-03,9.605198944440078565e-04,2.673902680922000778e-04,9.478256361048979783e-02
9.157651251300042983e-01,3.676378311127124175e-03,1.351436980904183530e-03,2.922342150903919434e-04,7.891482536287389160e-02
9.057564646299545164e-01,1.948719863199414523e-03,1.497744221270143339e-03,2.446389472061543161e-04,9.055243233836980654e-02
8.909406017973857672e-01,2.228137901705384231e-03,1.295492570702851814e-03,2.994330361391934082e-04,1.052363346940668604e-01
9.386058227786775454e-01,2.844775646661852880e-03,1.538015327824417133e-03,2.359443166102726159e-04,5.677544193022595470e-02
9.643391060922066327e-01,2.391678628223746841e-03,2.240281921821629663e-03,3.329882018354873331e-04,3.069594515591238248e-02
9.484794777108164210e-01,2.818401766104865203e-03,4.113411011951148381e-03,9.712629131769036405e-04,4.361744659795063761e-02
9.348219476038587272e-01,3.634142269639804336e-03,4.129072752798815596e-03,9.621207792616863312e-04,5.645271659444105194e-02
8.714052472681037553e-01,1.179284789770651196e-02,3.088288914518806660e-02,5.861716044319027069e-03,8.005729964468258353e-02
8.208845170547630632e-01,1.544777868588385721e-02,3.876891882338349277e-02,6.135316551905243762e-03,1.187634688840642355e-01
8.055288341354270854e-01,1.941620085514187549e-02,7.526207458208848677e-02,8.842965019860052345e-03,9.094992540748245147e-02
8.039106117337382340e-01,4.840751758663119214e-03,1.971850246997692083e-02,3.982912693288150757e-03,1.675472213443336134e-01
7.858092533810709934e-01,3.468988226729277820e-03,1.472178542498905202e-02,3.120174316409944117e-03,1.928797986508008488e-01
7.556724079755395840e-01,2.092926386635123384e-03,6.126640279722411937e-03,1.467954063561003730e-03,2.346400712945418132e-01
8.206486234733494367e-01,5.477068328944703808e-03,9.151769304088969853e-03,1.438914187541536676e-03,1.632836247060753254e-01
8.571454549431757330e-01,1.151408127236572092e-02,1.157548274532964501e-02,6.801963281177730684e-04,1.190847847110111657e-01
8.176392255462463510e-01,1.818711832691729050e-02,4.066762757719810661e-02,2.413404474469014495e-03,1.210926240751691724e-01
6.517104342591856225e-01,7.734577895859216963e-03,1.611752538963442949e-02,2.252699606096995443e-03,3.221847628492237603e-01
6.166649800614841803e-01,9.795667912766359980e-03,1.214832097873556893e-02,1.938378093320658859e-03,3.594526529536933301e-01
5.926801044207786751e-01,8.667815828150148005e-03,1.409951616158633056e-02,2.113742219187161528e-03,3.824388213702976658e-01
6.701860051309179722e-01,9.711305114560850327e-03,1.851037240835562425e-02,2.850977599089336498e-03,2.987413397470763399e-01
6.151685849211480095e-01,5.749240264681741014e-03,9.952588183531471330e-03,1.509114192845939940e-03,3.676204724377928335e-01
7.491416469430033365e-01,3.282462215978887866e-03,1.046095961048799580e-02,1.282423360128285249e-03,2.358325078704016087e-01
6.833821753371080998e-01,2.673983833833885621e-03,5.533754383400486809e-03,9.888385696691936750e-04,3.074212478759883460e-01
7.404967453011205292e-01,2.662894538171706269e-03,4.597872798507447907e-03,7.200293265395004772e-04,2.515224580356608675e-01
6.138295905727160218e-01,5.489656125016234220e-03,1.120076380922983492e-02,1.627656855472353007e-03,3.678523326375655600e-01
6.502847906831835667e-01,6.942804797925481233e-03,1.081762041546384910e-02,1.790801404004610433e-03,3.301639826994224869e-01
6.696638598622730587e-01,2.504834827874341183e-03,6.246472239452944761e-03,1.297021509631344919e-03,3.202878115607682985e-01
6.681786035540496771e-01,4.764907798509535920e-03,1.019831053903010043e-02,1.875580917317949421e-03,3.149825971910926725e-01
5.548979473883846047e-01,2.879404801070875770e-03,4.004633052891472950e-03,9.268094137709788610e-04,4.372912053438820501e-01
7.267134939698861595e-01,1.194252397501079262e-02,4.950037575417731706e-02,6.125748338522253936e-03,2.057178579624034109e-01
6.314272990989348022e-01,6.018124205400334457e-03,2.491445718846670154e-02,5.582849280878734305e-03,3.320572702263194231e-01
6.902812223952079496e-01,4.039730823406349237e-03,1.966015486302145204e-02,4.175944953835487167e-03,2.818429469645288288e-01
7.626879774333001905e-01,4.543734499602034016e-03,2.006445516731093434e-02,4.442801258467312352e-03,2.082610316413197604e-01
8.002713726547457940e-01,2.449925395083694859e-03,7.602477966333537340e-03,1.629899881696823816e-03,1.880463241021401444e-01
6.570335990506797064e-01,1.212678761585054242e-02,3.037231392040734904e-02,3.013085716889878606e-03,2.974542136961724204e-01
5.550675626515448879e-01,2.371007011558440986e-02,6.494230545250473385e-02,3.956519857715496205e-03,3.523235419226504739e-01
5.597673507343114974e-01,1.010309773185100179e-02,3.159806317302964185e-02,4.157341396422959724e-03,3.943741469643849973e-01
7.855457512519042895e-01,5.106413297495718782e-03,1.491109502585575251e-02,3.224081685437809978e-03,1.912126587393063459e-01
7.730317870674578984e-01,8.833546224723015650e-03,7.626617892368071916e-02,1.815129839422416694e-02,1.237171893899140784e-01
7.657612760008147834e-01,6.070050639005277957e-03,7.761767342955112892e-02,3.464705497638226328e-02,1.159039449542463435e-01
6.983516082281437942e-01,1.076765452869702343e-02,1.607819031887833816e-01,6.735549974489982161e-02,6.274333430947599821e-02
8.147308492405563873e-01,1.006869491029290659e-02,7.748419497814337809e-02,2.968213990998341129e-02,6.803412096102397222e-02
6.457467232311701055e-01,2.016871053456093660e-02,6.250369272562215917e-02,1.487744743853085770e-02,2.567034260701158699e-01
6.039307535411427841e-01,1.851647758192789470e-02,1.020981191544987343e-01,2.027086271391858457e-02,2.551837870085120197e-01
6.684933625850882910e-01,1.232798335670737266e-02,5.416315454924346823e-02,1.757592786221187642e-02,2.474395716467490403e-01
7.217464094045200618e-01,7.585571390223334702e-03,3.963195674625472065e-02,8.021826685609989918e-03,2.230142357733918279e-01
9.766925159501675946e-01,4.480082673076483252e-03,3.482942875485763902e-03,3.778342139130702691e-04,1.496662428735717580e-02
9.643033275708687846e-01,5.121773487931941850e-03,1.487276400918691524e-02,2.994741641952679799e-03,1.270739329005957791e-02
9.958461608498030415e-01,9.495919747200111481e-04,1.658583998873767919e-03,8.244225423030273562e-04,7.212406343003502536e-04
9.381569458753592494e-01,3.010455417497664467e-03,3.418670192928601609e-02,1.933048364545232600e-02,5.315413132404530651e-03
8.983539671720399689e-01,4.179307868973030846e-03,5.706334865019363489e-02,3.206833539457552146e-02,8.335040914217727720e-03
7.332986669675660707e-01,9.157978851618547161e-03,1.479549460980612574e-01,9.889843447922380681e-02,1.068997360353017741e-02
7.241226387372295958e-01,9.028191205502918149e-03,1.488370937636061819e-01,8.834887533100145574e-02,2.966320096265993161e-02
6.934941128424981782e-01,7.585833266693447000e-03,1.486554299563453974e-01,9.322134572037227285e-02,5.704327821409080346e-02
3.727466217589446851e-01,1.615871602428174680e-02,4.097458980191828193e-01,1.797266231077500609e-01,2.162214108984074692e-02
7.968637822048799668e-01,1.307299125297098352e-02,1.417457016646413437e-01,3.127181631944239010e-02,1.704570855806534016e-02
4.313138706190963734e-01,1.888830603122105753e-02,4.323447223415988194e-01,1.049235751972180386e-01,1.252952581086574056e-02
5.818070107584513151e-01,1.742243635416035677e-02,3.185898701854891768e-01,7.224884396483322035e-02,9.931838737066036801e-03
6.055600104735954226e-01,1.223102022893923259e-02,2.262861768795788597e-01,1.489794436475942729e-01,6.943348770292014430e-03
6.906623690994684317e-01,1.186424346067868271e-02,1.466607663508762704e-01,1.438783363211118549e-01,6.934284767864828773e-03
4.029310462928470948e-01,1.921397465759436263e-02,2.350213177689080002e-01,3.377086524459746997e-01,5.125008834675852214e-03
5.360009704123703811e-01,2.108144555345620869e-02,2.318260725990490545e-01,1.271050379659501572e-01,8.398647346917414991e-02
2.954150701556461645e-01,1.325289283192490446e-02,4.247503086088928459e-01,2.471060873529277169e-01,1.947564105060834924e-02
4.951092800327948629e-01,8.777289775160457275e-03,2.388168912231515562e-01,2.116655569965244788e-01,4.563098197236865189e-02
7.831649959638977698e-01,1.233606905168985017e-02,1.158317177765099681e-01,6.361652939076790914e-02,2.505068781713434833e-02
7.151391980695857020e-01,6.143395671823217129e-03,1.288124975304275055e-01,1.111229694926514078e-01,3.878193923551206262e-02
6.782313324764327467e-01,6.098855304699358007e-03,1.370781488759527933e-01,1.662872875430822794e-01,1.230437579983270462e-02
7.436607318934344013e-01,6.576983140049296600e-03,1.358604392364570757e-01,9.147327265162111254e-02,2.242857307843816941e-02
5.470371607213270204e-01,1.231982287022458100e-02,2.785913857115943637e-01,1.485464743436380741e-01,1.350515635321586881e-02
5.478403482137865765e-01,1.507960812205108581e-02,2.380620777093092610e-01,1.921121211431333076e-01,6.905844811719823693e-03
3.368386153928669136e-01,7.383367206439058611e-03,3.131736686756777521e-01,3.366861397946649959e-01,5.918208930351101169e-03
4.356346871785261032e-01,6.365963754845482651e-03,2.013536894816740919e-01,3.442021164701736247e-01,1.244354311478081815e-02
4.233433707532975876e-01,9.901948074479591591e-03,2.475420454211588184e-01,3.047887789556486537e-01,1.442385679541536604e-02
5.274957652073248848e-01,4.572636145863481598e-03,1.100151121659565384e-01,3.435617798278945423e-01,1.435470665296057456e-02
5.998803509444472493e-01,6.561293589463483393e-03,1.064010089078040733e-01,2.534523532949703450e-01,3.370499326331483775e-02
5.493444329957146710e-01,5.952624039128107981e-03,1.358354845878278760e-01,2.945958776720934424e-01,1.427158070523598145e-02
7.235686704631102417e-01,5.815735209789114728e-03,1.127520575280720333e-01,1.486401355582542272e-01,9.223401240774427301e-03
9.139806525195259823e-01,9.797851449317555167e-03,5.160056254312532509e-02,1.965973844219913447e-02,4.961195045832033322e-03
9.559297482813359226e-01,3.652985937263152159e-03,2.120655000318260458e-02,6.611676045190671008e-03,1.259903973302768133e-02
9.961807564815680083e-01,1.449734665885338888e-03,1.300213838643025401e-03,2.603312921240261797e-04,8.089637217796048340e-04
9.977812643812691284e-01,1.081044658577020364e-03,4.242282475345513599e-04,1.002010610365404848e-04,6.132616515826809674e-04
9.988578812466447632e-01,6.459524399027883343e-04,1.865322995370751792e-04,5.397497262092493638e-05,2.556590412943679762e-04
9.995337111081801229e-01,2.830751163770037194e-04,7.151792146618161049e-05,2.359698793988130301e-05,8.809886603661286168e-05
9.996028241883607723e-01,2.420336518214473540e-04,5.152737081524517152e-05,1.858756996048804684e-05,8.502721904200728103e-05
9.992461277519811835e-01,5.128106234177098616e-04,9.947348329281172324e-05,2.767782424722093151e-05,1.139103170611139074e-04
9.996470649730267999e-01,2.323647596369711238e-04,5.587945258484047268e-05,1.549222191948282411e-05,4.919859283176451260e-05
9.986947881868979415e-01,9.108269499475756762e-04,2.231544346312353921e-04,4.941407450065284421e-05,1.218163540226376083e-04
9.965350585866300515e-01,2.111501558058126622e-03,9.548969995128507408e-04,2.215023045816878549e-04,1.770405512171916004e-04
9.943057909114639825e-01,3.362068787141045227e-03,1.773148826297564224e-03,3.486828972338266303e-04,2.103085778634988660e-04
9.847749360679036723e-01,5.537965962573404392e-03,7.634153611859416724e-03,1.801309720717329853e-03,2.516346369462996689e-04
9.952352213352613219e-01,1.906406008120802454e-03,2.158058144175700917e-03,5.772007020690497498e-04,1.231138103731725360e-04
9.989411814166916370e-01,6.076073342698970524e-04,3.322500391519723258e-04,7.405321582156281434e-05,4.490799406484086127e-05
9.978954494489417071e-01,1.146901081290144404e-03,5.882038663074801036e-04,2.612899976517696257e-04,1.081556058090475908e-04
9.971817143281740403e-01,1.211528235061914288e-03,6.044472177043674812e-04,7.884175479349626176e-04,2.138926711247302027e-04
9.993937956055221061e-01,3.707459350659194578e-04,1.165970172507800910e-04,5.319638211217317820e-05,6.566506004913610320e-05
9.996110067003037836e-01,2.621319726123636689e-04,6.075897907145376284e-05,1.900073142050645803e-05,4.710161659204704151e-05
9.994132328488265493e-01,4.183812972584768442e-04,9.193397225202829166e-05,2.137453811590120617e-05,5.507734354707202409e-05
9.997475233504840020e-01,1.709679107685854727e-04,3.678776682783338768e-05,8.874849294908910839e-06,3.584612262473903927e-05
9.996840295548848898e-01,2.221512992085734666e-04,4.407262475791697118e-05,1.138990695800289689e-05,3.835661419056252781e-05
9.997321974673152312e-01,1.808554506444389224e-04,4.491346365105613531e-05,1.155049812380883754e-05,3.048312026536823712e-05
9.996554628365785788e-01,2.336368765463115111e-04,5.251425945467502190e-05,1.862096506633170002e-05,3.976506235410131641e-05
9.993660027433430848e-01,4.051803831834101255e-04,1.179017843374926541e-04,5.663034501733119736e-05,5.428474411856484545e-05
9.989565766616770315e-01,4.831706514349293257e-04,2.780164594479016152e-04,2.007071696190057997e-04,8.152905782117762649e-05
9.989714983669052417e-01,5.982858564293231252e-04,2.489627459853910600e-04,1.198966895541065552e-04,6.135634112582357932e-05
9.990564599258073830e-01,6.486027258434593065e-04,1.915101519853821394e-04,4.988523260610712640e-05,5.354196375768317074e-05
9.989487985052039054e-01,7.782917942218610949e-04,1.810395821901276221e-04,4.376359277624883689e-05,4.810652560785941100e-05
9.993526629772213621e-01,4.828428474851536516e-04,1.037265512554269152e-04,2.930264796256180535e-05,3.146497607552476317e-05
9.995322769061131263e-01,3.336092138929341909e-04,7.949330375387512690e-05,2.182974567363762730e-05,3.279083056629303832e-05
9.993957475503892907e-01,4.155178041777393325e-04,9.965137355040492174e-05,4.018219006593495781e-05,4.890108181644619429e-05
9.987102045017625107e-01,9.194418594200274479e-04,2.134684745600400784e-04,7.543235979040344911e-05,8.145280446703478158e-05
9.994503146105113700e-01,3.993719675483358117e-04,9.241906131604667900e-05,2.741901028792571990e-05,3.047535033629023997e-05
9.993123879395371389e-01,5.169546891555923179e-04,1.002901477983820301e-04,2.423428118830118813e-05,4.613294232059852984e-05
9.989749726072911784e-01,5.831407549206852128e-04,1.721013679399858770e-04,1.302208357550378043e-04,1.395644340930702265e-04
9.994367000352878394e-01,3.434432675801766285e-04,8.900091181923756823e-05,5.037955231470468654e-05,8.047623299809246553e-05
9.996923177193729471e-01,1.758197506168007219e-04,4.439137704518736490e-05,2.696377571049310897e-05,6.050737725463375017e-05
9.995566619268092534e-01,2.545582840106643224e-04,4.745618412720690419e-05,2.925521959305380702e-05,1.120683854597832039e-04
9.962110915281261470e-01,2.840490273541517764e-03,3.544472490107380578e-04,9.604723431464526611e-05,4.979237150070092710e-04
9.928237024111551401e-01,5.997826148044849322e-03,6.426195003484359500e-04,7.274684158550687456e-05,4.631050988661629289e-04
9.982380993102079048e-01,1.391165056830989764e-03,1.383058188334298512e-04,1.968073673812691048e-05,2.127490773892748172e-04
9.982484198988991198e-01,7.328917452242907516e-04,1.097896715267314541e-04,3.411088643681317719e-05,8.747877979130021893e-04
9.988791783839157112e-01,7.125730507687314322e-04,1.079631872508891340e-04,2.922086124141659404e-05,2.710645168233339719e-04
9.979519958597524720e-01,1.077941820837760838e-03,1.478722796853488652e-04,4.349598759857713275e-05,7.786940521258365472e-04
9.992449511136951568e-01,4.646889266796708174e-04,6.985903333743770588e-05,1.892209334168483116e-05,2.015788329459299217e-04
9.988293169889796985e-01,8.684563446310134861e-04,1.247639124178325702e-04,2.268574663708568500e-05,1.547770073342527922e-04
9.986919300305656666e-01,1.072683583314518706e-03,1.226851125686405884e-04,1.759432353476565031e-05,9.510695001634202268e-05
9.980659772969314725e-01,1.109482595375630700e-03,4.668229026589806397e-04,1.326771662663283865e-04,2.250400387676292980e-04
9.982328447521683357e-01,9.289749795853567867e-04,4.867938498436806300e-04,2.144148126800560195e-04,1.369716057224374317e-04
9.970207631138030546e-01,2.122791692189836873e-03,5.929017708295775298e-04,1.216892859104553654e-04,1.418541372669450851e-04
9.966290559485173617e-01,2.551916750832782226e-03,5.560170559583618721e-04,1.271153280950430148e-04,1.358949165964043915e-04
9.963630038120342425e-01,2.783668807022201663e-03,5.241469660399414743e-04,1.022819350999195942e-04,2.268984798037230197e-04
9.958857806801595380e-01,2.705021470226032319e-03,1.186033439625472710e-03,1.136700108604883722e-04,1.094943991282829065e-04
9.943115356535773275e-01,3.681398009926571506e-03,1.615934223396945117e-03,9.014589540733754800e-05,3.009862176917123071e-04
9.821556975903815712e-01,1.051637741372721431e-02,6.430438863162595345e-03,1.941229589959430366e-04,7.033631737326695617e-04
9.786419050664619812e-01,1.471377498264335275e-02,5.947552451697257769e-03,1.394149411119807486e-04,5.573525580853413942e-04
9.897824870483189486e-01,6.520436340549669307e-03,2.958821052868394058e-03,8.009826915245793488e-05,6.581572891105928139e-04
9.653938586406735078e-01,2.293430229648977386e-02,9.557930339828542982e-03,1.709440619809669576e-04,1.942964661027223776e-03
8.626818168275077747e-01,7.714198614710965352e-02,5.829300731662247215e-02,3.617119971006060950e-04,1.521477711659500890e-03
7.937857190908829130e-01,1.260802216053843183e-01,7.798763605278875854e-02,4.686285152722071854e-04,1.677794735671533054e-03
8.790532959716436112e-01,7.184478788085617296e-02,4.808306371304859467e-02,3.136632796759762751e-04,7.051891547755887758e-04
5.920347615261386531e-01,2.371733116682175346e-01,1.690017141689128533e-01,6.785445623747950617e-04,1.111668074356148526e-03
5.158397271902691594e-01,3.114142170291856471e-01,1.709257633089216466e-01,5.094143954311422832e-04,1.310878076192363529e-03
3.697001709507963807e-01,4.007887932968622891e-01,2.275289174718079233e-01,6.484603861807435336e-04,1.333657894352752258e-03
2.479444564069700763e-01,4.605214071948682264e-01,2.887594689121707470e-01,6.548353141414979582e-04,2.119832171849565707e-03
1.961632609393426097e-01,4.931436744326785915e-01,3.078484182995813168e-01,6.845231109798496916e-04,2.160123217417608127e-03
2.834843964012105921e-01,2.134947439876543895e-01,4.953800954265249468e-01,2.383806564322736143e-03,5.256957620287233506e-03
8.301435321102437204e-01,5.697212679185726519e-02,1.094383176742685232e-01,1.101867996245987479e-03,2.344155427384453025e-03
6.872849151686512004e-01,1.026553037349693248e-01,2.051248223695604223e-01,1.239611799024233334e-03,3.695346927794595886e-03
5.050894886413838103e-01,2.612615986589312267e-01,2.218963700842176145e-01,1.148925774418006578e-03,1.060361684104938092e-02
4.842746096643944509e-01,2.530124431057803047e-01,2.116851801958148649e-01,1.079780031791155882e-03,4.994798700221917548e-02
3.842314838140091227e-01,2.718761244487821194e-01,2.968640832779163019e-01,1.159372898742443191e-03,4.586893556055003651e-02
3.224626925573415570e-01,1.911584952505046564e-01,4.598626915538372439e-01,2.212228318961975866e-03,2.430389231935452948e-02
1.014900580780858097e-01,1.548877726320673776e-01,7.287178851694720016e-01,3.617591834787335474e-03,1.128669228558740537e-02
3.574102787375078860e-02,2.281968677280456215e-01,6.927444454549502861e-01,1.966922821508682116e-03,4.135073612174464813e-02
2.531710360917265382e-02,2.498608633983482319e-01,6.592307772469120364e-01,1.931717629886565762e-03,6.365953811568043907e-02
1.493663407538498716e-02,2.430603179670404734e-01,5.877960665628356729e-01,2.236038487272377050e-03,1.519709429074664331e-01
2.295222392708673453e-02,1.691876452532232455e-01,7.363283624914374048e-01,3.248731115383987015e-03,6.828303721286867189e-02
8.099077486270643556e-02,2.853063131440345401e-01,5.366672865154642480e-01,1.613352075295369954e-03,9.542227340249943845e-02
1.352810949055924805e-01,3.656199747316375981e-01,4.121012663914891405e-01,9.964069776775691389e-04,8.600125699360326725e-02
6.400320919572545508e-02,3.633317361689567537e-01,4.848275812807590901e-01,1.036438058338517380e-03,8.680103529622022751e-02
2.801365048845594688e-02,3.667908371530729794e-01,4.019372377556996168e-01,1.033924090350212856e-03,2.022243505124211860e-01
1.278113657063326691e-01,3.216978723901231518e-01,3.786457510361906365e-01,2.236244045154647461e-03,1.696087668221989420e-01
7.587268873573266292e-01,1.222847344561051458e-01,7.737200663185068994e-02,1.070331917261965488e-03,4.054603963745553874e-02
8.791685774778441598e-01,6.138453360070433157e-02,3.368406666491405299e-02,7.286791773719139033e-04,2.503414307916547107e-02
7.570698336870481659e-01,1.044767770189510142e-01,8.047804832767008199e-02,1.227040895779866504e-03,5.674830007055094161e-02
5.980800128084745593e-01,1.757346852397299319e-01,1.864127780405336055e-01,1.984167367434424688e-03,3.778835654382745046e-02
3.022138842495502020e-01,3.176989885165177885e-01,3.247605091938984834e-01,2.340999237106640169e-03,5.298561880292698700e-02
3.103542817204221760e-01,2.314227998178981505e-01,4.158389813384884004e-01,3.073048147123775935e-03,3.931088897606754839e-02
1.141627123940247568e-01,2.812492908146599357e-01,5.568521767911132070e-01,2.763473703161907838e-03,4.497234629704024295e-02
7.962270512927452359e-02,3.333445786530436772e-01,5.178171083521831974e-01,2.340145569212486679e-03,6.687546229628610339e-02
9.964007502930728732e-02,3.818107337172028659e-01,4.118603346802871545e-01,2.089270943186854849e-03,1.045995856300159232e-01
7.507212950978653376e-02,3.215633709414214003e-01,2.739312394843218534e-01,1.297639669368502637e-03,3.281356203951016903e-01
2.280231184512176157e-01,2.312689251260235390e-01,2.149597823361463766e-01,2.051584514882407936e-03,3.236965895717300867e-01
2.833936714832673287e-01,1.838325734634758124e-01,1.460234354559233061e-01,1.753082586690874909e-03,3.849972370106427011e-01
2.881950666725366927e-01,2.322715788921065061e-01,1.910454354932124010e-01,1.964887035615409724e-03,2.865230319065290021e-01
3.033566878083421292e-01,1.873900103825865415e-01,2.374498408211227762e-01,2.310395373016871975e-03,2.694930656149316928e-01
1.442104788530994830e-01,2.635901172909751455e-01,2.850904163770613953e-01,1.925034204598203343e-03,3.051839532742657846e-01
1.146634069772873299e-01,2.360274620192822081e-01,2.574875416246206195e-01,1.697560084764912405e-03,3.901240292940449383e-01
1.983601451294447204e-01,2.142458913296780565e-01,3.334756105454053099e-01,2.340491255618805735e-03,2.515778617398530814e-01
7.092192727328876511e-01,1.419298540180543022e-01,1.005547318352524866e-01,6.411501957970214445e-04,4.765499121800857718e-02
4.965608865263753113e-01,1.289303048225492188e-01,9.769105654167838104e-02,8.254851726108869978e-04,2.759922669367862458e-01
3.656415061307834447e-01,1.954391344430334299e-01,2.933391645903581924e-01,2.616731859945826966e-03,1.429634629758790854e-01
2.085149666685484349e-01,3.207173455410294860e-01,3.910735296187632937e-01,1.817558916075204777e-03,7.787659925558371166e-02
1.905411222403463334e-01,3.585481459561303264e-01,2.552034919160780513e-01,8.423630033551384854e-04,1.948648768840901269e-01
1.865558771702344187e-01,3.302866833391921997e-01,3.685116903353138906e-01,1.180680336091729891e-03,1.134650688191677498e-01
1.616930343021097394e-01,3.956543278524169982e-01,3.333219582624303290e-01,8.871808209817799544e-04,1.084434987620612328e-01
1.226037270005104485e-01,4.051854300279280618e-01,4.172888163591107480e-01,9.009080278625996663e-04,5.402111858458819027e-02
4.696223193879849878e-01,2.309522351995254574e-01,2.141630090382766749e-01,1.067152232235553735e-03,8.419528414197732791e-02
2.388900498700905206e-01,3.537067947556880587e-01,3.192957023383234949e-01,1.418077357869329232e-03,8.668937567802860455e-02
1.275639746127791019e-01,3.992980859438771679e-01,4.078770586607440296e-01,1.094820359130789598e-03,6.416606042346879868e-02
4.890307280929663547e-02,2.736372168512257730e-01,6.587651918929251504e-01,1.377975228766477366e-03,1.731654321778590411e-02
4.971319596306369992e-02,3.620923281310903796e-01,5.577063643127019299e-01,1.301804551604500296e-03,2.918630704153955813e-02
6.969015477115313162e-02,3.429721703515333786e-01,5.440239182486406033e-01,1.819471912228102757e-03,4.149428471644484723e-02
7.784240377988452253e-02,3.437147203034474074e-01,4.951081773621816562e-01,1.190094294611283767e-03,8.214460425987515912e-02
2.846860404123143229e-01,2.104837170418987213e-01,3.519912004559850871e-01,1.622148565571741906e-03,1.512168935242300671e-01
8.612453893424896201e-01,3.978969599060171863e-02,4.341838380222364652e-02,7.707510108300976359e-04,5.477577985385481685e-02
9.210249625811206542e-01,4.673675086073755119e-02,2.030513219064455921e-02,2.428732269931821214e-04,1.169028114050391261e-02
7.840093482046452955e-01,1.517176898068160196e-01,5.246239221726114316e-02,3.597105118457225004e-04,1.145085925943193673e-02
6.045009359287336625e-01,2.498662594000711779e-01,1.299189680227715582e-01,9.249571034337132147e-04,1.478887954498980285e-02
3.005867300254159713e-01,3.798251106092272456e-01,2.573184781837910551e-01,1.640295506782951055e-03,6.062938567478275143e-02
1.252042472524872163e-01,3.724130394112646902e-01,4.493839556779873345e-01,2.347283065193998559e-03,5.065147459306686833e-02
1.536661123667590612e-01,3.867428954692373466e-01,3.919851512366201440e-01,1.987314494597623282e-03,6.561852643278588693e-02
7.406256849228715078e-02,4.602104670587376933e-01,3.612063150859989857e-01,1.329434728496157493e-03,1.031912146344800552e-01
1.094590085349284037e-01,4.133757183637946087e-01,4.295900612082986236e-01,1.011161116728291100e-03,4.656405077624994893e-02
5.757793219617815539e-02,2.535008821430796422e-01,6.376407407732503918e-01,1.698189098911552248e-03,4.958225578858021371e-02
4.848749905893559031e-01,1.320867623998031870e-01,3.480772234081853655e-01,3.520390130595288901e-03,3.144063347206028924e-02
7.222938306873515346e-01,1.072750192557074406e-01,1.545275100360778697e-01,1.139202899369157673e-03,1.476443712149416027e-02
7.127858185078640441e-01,9.384899215056845267e-02,1.587909144237421855e-01,1.989478430539111126e-03,3.258479648728615508e-02
4.636378179725579307e-01,6.316163606275232434e-02,4.359305474151430881e-01,8.864353259435232141e-03,2.840564529011136569e-02
3.176148961112437719e-01,5.594615858709111461e-02,4.083462370966901567e-01,7.346889633630239100e-03,2.107458185713446952e-01
3.176880863142360623e-01,1.341492138829440128e-01,4.717118389828804936e-01,5.119027628021181019e-03,7.133183319191820082e-02
3.210470297689118069e-01,1.957381363962292231e-01,4.335882476801135033e-01,2.745249433052251997e-03,4.688133672169323557e-02
2.031190105531332779e-01,2.185260237666950267e-01,5.360418420496332326e-01,1.874481776578367257e-03,4.043864185396005978e-02
4.508183888454285193e-01,1.707426027577447214e-01,3.597298884189737422e-01,1.515664135122798267e-03,1.719345584273011124e-02
1.507724060482645012e-01,3.772344771119600093e-01,4.116542795536750066e-01,1.543702302245834358e-03,5.879513498385462167e-02
1.354433720803461250e-01,4.031415281200451672e-01,3.936413927252655487e-01,1.076330242781626959e-03,6.669737683156155839e-02
3.957966432209748808e-02,4.923152282858810347e-01,3.888193817739258318e-01,7.401885682906956653e-04,7.854553704980495044e-02
2.228206567895780338e-02,4.336677214917333822e-01,4.637617561963658930e-01,7.719746361978510520e-04,7.951648199674507533e-02
2.060873519789215569e-01,3.149920909421778381e-01,3.523705569613846400e-01,1.174343423141831254e-03,1.253756566943740602e-01
5.535636050222738636e-01,1.340520475942126866e-01,1.848525998564083117e-01,2.142303207196389302e-03,1.253894443199087549e-01
3.999887491089981206e-01,9.026068575713210029e-02,3.681678258517286917e-01,1.045816917207256780e-02,1.311245701100685057e-01
3.704089384686783948e-01,8.379331720284316498e-02,3.687764516467377240e-01,9.330471049689816401e-03,1.676908216320508460e-01
8.243923190888304831e-01,3.219510053859057225e-02,6.603054653105921989e-02,1.416074281685517598e-03,7.596595955983440063e-02
9.223340278855909347e-01,1.808617656197288731e-02,2.358658425354945992e-02,7.202950514836516799e-04,3.527291624740308551e-02
8.923416951283709153e-01,9.584952479108949444e-03,1.252145563596038583e-02,9.979761641089089988e-04,8.455392059245074587e-02
6.784255837101671460e-01,2.519492300305526192e-02,3.499932376689126462e-02,2.022476852081976639e-03,2.593576926678042294e-01
8.143315124963045326e-01,1.497175135453230645e-02,1.341577019493125217e-02,6.029347371192260744e-04,1.566780312171127398e-01
8.075653228625379043e-01,2.226646545401658739e-02,8.699250486336980448e-02,4.705143886556653783e-03,7.847056293351900580e-02
9.503465218994545660e-01,5.958240058317782091e-03,6.660180931616796647e-03,4.061758413670302388e-04,3.662888126924390003e-02
9.432115828717287931e-01,6.287496634250522819e-03,7.489147982746678991e-03,4.797542376941498323e-04,4.253201827357987186e-02
8.112194267349583932e-01,6.256023755028763782e-03,9.857601491935751373e-03,1.044433762348901881e-03,1.716225142557281369e-01
9.413753675215579264e-01,1.492428166519967157e-03,9.578016452592963935e-04,1.038409344158489452e-04,5.607056173224700402e-02
9.744850743483132183e-01,2.488424033220223812e-03,1.500461758804051736e-03,1.822295348898738006e-04,2.134381032477254345e-02
9.202525174162686783e-01,2.641861838809752075e-02,1.917228398697211345e-02,6.905016946409484350e-04,3.346607851402050304e-02
9.466485076630664075e-01,1.013408131791794856e-02,9.023211071299526778e-03,4.556385487572060344e-04,3.373856139895882456e-02
9.233972365326221787e-01,1.344646190145937920e-02,3.697956463851118786e-02,3.433155855872577905e-03,2.274358107153463468e-02
8.895734958519621038e-01,1.261491143841812247e-02,4.015337740386933779e-02,3.368809688670290018e-03,5.428940561708013590e-02
9.530128758687703705e-01,5.080707758826072569e-03,8.560336946824989926e-03,6.998106312874179937e-04,3.264626879429112505e-02
9.617190516018623292e-01,2.701410082449806540e-03,5.328848378823242485e-03,4.516495381689768153e-04,2.979904039869545399e-02
9.873175319631457558e-01,1.827419512169621866e-03,2.493956042349989698e-03,1.864195521025739503e-04,8.174672930231878520e-03
9.873481446909108117e-01,2.599372283233031614e-03,2.303910561261121072e-03,1.785545574318847073e-04,7.570017907163112056e-03
9.198451076097439172e-01,1.387860761628145929e-02,2.572993109297224551e-02,1.027737388024213593e-03,3.951861629297822448e-02
8.504100274657205860e-01,2.750052764580011161e-02,9.302682897976534415e-02,3.855722215028106227e-03,2.520689369368568286e-02
7.998015880712072700e-01,1.227900992045722478e-02,4.461233647935551605e-02,4.389214496781999875e-03,1.389178510321980031e-01
8.540776875009135072e-01,9.487894478937962395e-03,2.283328191423398060e-02,1.891682438059792649e-03,1.117094536678548827e-01
7.377168727880963894e-01,2.304502597369320616e-02,1.076146945569807223e-01,7.825202361871242893e-03,1.237982043193584791e-01
7.891733580329708397e-01,7.518575511120323580e-03,2.868609391211106655e-02,3.159795537897150397e-03,1.714621770059005512e-01
7.507216784613011118e-01,6.794957795525672153e-03,1.916703094991683426e-02,3.124228397970714270e-03,2.201921043952856927e-01
6.215666378010795690e-01,1.372739403611127756e-02,2.977006863118003208e-02,3.241266368209152864e-03,3.316946331634199052e-01
5.970249054539096267e-01,1.618944119592278727e-02,1.554204427214954387e-01,3.018387343844711190e-02,2.011813371902251013e-01
