8.610492131754160505e-01,1.306789824140612045e-02,4.656849743523153867e-02,4.568846642273818870e-02,3.362592472520813808e-02
9.924571031468991666e-01,3.069211505189264628e-03,2.131937423456492942e-03,6.465495991385919895e-04,1.695198325316718416e-03
9.926841328373661177e-01,5.460299671623322117e-03,1.010753597038919691e-03,8.684785260171769207e-05,7.579660413698847314e-04
9.927314163341480757e-01,6.166811636876711432e-03,7.676978075639844532e-04,2.823232211381306687e-05,3.058418992975242535e-04
9.970289347960239468e-01,2.362054754533849180e-03,4.516848531804522793e-04,2.212465049623691014e-05,1.352009457655206745e-04
9.975900408609879033e-01,1.546142977258036779e-03,5.282510057246328798e-04,6.015731879493402766e-05,2.754078372346853085e-04
9.973195163195155422e-01,1.659876451793664345e-03,7.033870377174255163e-04,8.252547551732911254e-05,2.346947154560396001e-04
9.925620739150262661e-01,4.905974918648544833e-03,2.060183895196941468e-03,1.724489479656366115e-04,2.993183231625274688e-04
9.985545229789355437e-01,9.485292262389654261e-04,4.076625183053756026e-04,3.415473382888727593e-05,5.513054269113078535e-05
9.992519800598643753e-01,4.050769123361765861e-04,3.061259203301648613e-04,1.799015889166283991e-05,1.882694857755324257e-05
9.979554064627991217e-01,1.034064497352057879e-03,9.484654531155946398e-04,3.293422927562419565e-05,2.912935745763764586e-05
9.978329227418052394e-01,1.308195341922246653e-03,8.034135963362074116e-04,2.432014238844480613e-05,3.114817754798126836e-05
9.983142749079630951e-01,9.692126198289560679e-04,6.741826421554661213e-04,1.977822363353936631e-05,2.255160641901504150e-05
9.958099322799772724e-01,3.101574853893156007e-03,9.950223587683157574e-04,2.393886329759848785e-05,6.953164406374825243e-05
9.982768365137754119e-01,1.240754728890919789e-03,4.368820823256353860e-04,1.754033428726956906e-05,2.798634072078483737e-05
9.968967524945334668e-01,1.862262978415545793e-03,1.104140037791970707e-03,6.811047838407963367e-05,6.873401087489042118e-05
9.951531042031930285e-01,3.087198349591346955e-03,1.529527269510401986e-03,8.043465435660565317e-05,1.497355233487325575e-04
9.968332008923873611e-01,2.216416670498281595e-03,7.952031876599009340e-04,4.190539737114854521e-05,1.132738520831910175e-04
9.976072238306389339e-01,1.578658935302404680e-03,6.679373322230338717e-04,4.898635526401096005e-05,9.719354657159134762e-05
9.895058474548527050e-01,7.507057108824350712e-03,2.755846054263112830e-03,6.986375468757261269e-05,1.613856273723057993e-04
9.907586744410316060e-01,6.476924974339207629e-03,2.537691437405123311e-03,7.370044930162936495e-05,1.530086979226556179e-04
9.969888609540600299e-01,2.260029911419827835e-03,6.428349749920689651e-04,3.054551819542327090e-05,7.772864133267161943e-05
9.936408542177719294e-01,5.088677242136215376e-03,1.130812025946560792e-03,3.479271545948587425e-05,1.048637986858182489e-04
9.955448150660450857e-01,3.514838354622533325e-03,8.316044894968607987e-04,2.382796997061144734e-05,8.491411986506904952e-05
9.897049144386387276e-01,8.918876601726530642e-03,1.185969303912725106e-03,2.678126086963777088e-05,1.634583948523480354e-04
9.824809986709110987e-01,1.562812527387041212e-02,1.690609338615374057e-03,2.691576323172878630e-05,1.733509533713859180e-04
9.435486336068101831e-01,5.108443842980491673e-02,4.909618506851868777e-03,4.904499374119589220e-05,4.082644627919889010e-04
9.728224589419121049e-01,2.323143393644396676e-02,3.688892830532333484e-03,4.285393639368378850e-05,2.143603547178585483e-04
9.860228228543922446e-01,1.220303045702735706e-02,1.489333366369971490e-03,2.054860240535898465e-05,2.642647198051329815e-04
9.583460323097648947e-01,3.675708758584637914e-02,4.332505538456329387e-03,4.985222922265383457e-05,5.145223367096822759e-04
9.741037331046829006e-01,1.976353645309737381e-02,5.869950949124810510e-03,7.164102586196311156e-05,1.911384672328586976e-04
9.180409913883353923e-01,6.398787914845749381e-02,1.745326585795734659e-02,1.322044986278894901e-04,3.856591066218616236e-04
9.110460401858021529e-01,5.996922168250252982e-02,2.843934426829027723e-02,2.483304009121796506e-04,2.970634624928926958e-04
9.425465516069384542e-01,4.496875742423177280e-02,1.162863002797296340e-02,1.022487361392917501e-04,7.538122047175210101e-04
9.916909514571177198e-01,5.440596470928688207e-03,2.281958217809847145e-03,5.403637897096045704e-05,5.324574751728602213e-04
9.876869417580834698e-01,8.761935000164696591e-03,2.518982825859673955e-03,7.087075297209128482e-05,9.612696629201090536e-04
9.816895596033924365e-01,1.352173825465009978e-02,3.617769566793354718e-03,9.047392964907133273e-05,1.080458645515135121e-03
9.672378412136596326e-01,1.221297029392384888e-02,1.964276209769596701e-02,4.617189791023543818e-04,4.447074156181858324e-04
9.728425649190277635e-01,9.083112583120302869e-03,1.743220609446885158e-02,3.740102590244737775e-04,2.681061443584838232e-04
9.612861810985807720e-01,9.490038654648719901e-03,2.824481484415912458e-02,7.455149596048491053e-04,2.334504430065141318e-04
9.971821658556421220e-01,1.115841061848804302e-03,1.577802381736043060e-03,4.769485472138466653e-05,7.649584605156561706e-05
9.952231811742214829e-01,1.952824789575205704e-03,2.594980977354841793e-03,9.371037208103251133e-05,1.353026867673821801e-04
9.751501673292857220e-01,7.836656952942579885e-03,1.654092504859293669e-02,2.625956179439477636e-04,2.096550512348646558e-04
9.846861396490101948e-01,4.689614913847312862e-03,1.032924406632776577e-02,1.859589095736979738e-04,1.090424612410660968e-04
9.815209354002726316e-01,4.789920596757330645e-03,1.328468649235313437e-02,3.086365861942034659e-04,9.582092442269521252e-05
9.963620961778972829e-01,1.663230555555735663e-03,1.892500722923662424e-03,4.116767744046519564e-05,4.100486618268798275e-05
9.951556300350349327e-01,2.604743468610246169e-03,2.110107420769587096e-03,6.358554937270671813e-05,6.593352621230165857e-05
9.972780797831102273e-01,1.401234322720522948e-03,1.238838023603876150e-03,3.168837106425498464e-05,5.015949950098798777e-05
9.926442691145055397e-01,3.394361147266974910e-03,3.826185476427180869e-03,6.346805407793806007e-05,7.171620772241256968e-05
9.931361602826955792e-01,2.760943415488498285e-03,3.955882762376892493e-03,7.881367553588258259e-05,6.819986390326172800e-05
9.966915846663845224e-01,1.308043892894521177e-03,1.869578799366600685e-03,5.564224694955332911e-05,7.515039440492057160e-05
9.958738958679906883e-01,1.030808516109526021e-03,2.925249448505183938e-03,9.255482588498910887e-05,7.749134150967224694e-05
9.978954556532230180e-01,8.720727223085146442e-04,1.054716288931063783e-03,4.511719770113096042e-05,1.326381378362903954e-04
9.979983339272210374e-01,1.093812016161738827e-03,7.641762556600787022e-04,2.473846350140016973e-05,1.189393374556699148e-04
9.984066142669217880e-01,7.852153268602478755e-04,7.425577470336903584e-04,1.824041627241443166e-05,4.737224291181646831e-05
9.977871100232706958e-01,1.027480626097687904e-03,1.098730540179233611e-03,2.962261534879393851e-05,5.705619510347592735e-05
9.958130568220656675e-01,1.091118143742812871e-03,2.970665852271394021e-03,8.032264513019640988e-05,4.483653678990365331e-05
9.991960385984391957e-01,3.260780146032019391e-04,4.040638093345238482e-04,1.665300962705587107e-05,5.716656799596030501e-05
9.991927808032285974e-01,3.730161145661952293e-04,3.321301427257510107e-04,1.377307015904813197e-05,8.829986932025699086e-05
9.975236736946886396e-01,1.471587120395831004e-03,7.790306847342054258e-04,2.072764824048803164e-05,2.049808519408420702e-04
9.976714136591831039e-01,1.345131031497215704e-03,8.285699930394943048e-04,2.005731742042416815e-05,1.348279988597820384e-04
9.965269419625509828e-01,2.343894664159199004e-03,9.851943998350472329e-04,1.760958753461746142e-05,1.263593859199616377e-04
9.963793386510046979e-01,2.346212524189272147e-03,1.175425434587699935e-03,1.883540568458583084e-05,8.018798453368826851e-05
9.993736924807451460e-01,3.958676927262484301e-04,1.959400362277081411e-04,5.461527102073631289e-06,2.903826319870638905e-05
9.986343025976002208e-01,6.205081213940193781e-04,6.852374091083178595e-04,2.120975780163147017e-05,3.874211409579094372e-05
9.984866166933699105e-01,5.005653260178292855e-04,9.392464622878173193e-04,3.872995967656359372e-05,3.484155864800213303e-05
9.978836794892006479e-01,9.798163026147213659e-04,1.022596750192975414e-03,3.741197565352563301e-05,7.649548233816698471e-05
9.983587271543447050e-01,8.919505475091930088e-04,6.692546743222617519e-04,1.983145091308229085e-05,6.023617291063773659e-05
9.968011175690815184e-01,1.514771493280498739e-03,1.589299451317549485e-03,3.523109017362403578e-05,5.958039614679933298e-05
9.985747860449495361e-01,5.155933189318304436e-04,8.376238956472060451e-04,2.866553989858004045e-05,4.333120057271744731e-05
9.989843147790938849e-01,4.087256223634179908e-04,5.383376868705944248e-04,2.044474828101667407e-05,4.817716339112537358e-05
9.990866860881516542e-01,3.617125899730843112e-04,4.863456960687642119e-04,1.921899307804792069e-05,4.603663272836516264e-05
9.991429496669300692e-01,4.209994932218118885e-04,3.863319526170139835e-04,1.406563827790077835e-05,3.565324895329858787e-05
9.983911172872838025e-01,7.845902845052491609e-04,7.549922448982354910e-04,2.501189152234653529e-05,4.428829179043054266e-05
9.986829158801581174e-01,7.285180462200232989e-04,5.267734953387180879e-04,1.758023293352105123e-05,4.421234534967746738e-05
9.978487552453154663e-01,1.332876701066850605e-03,7.315468140197410639e-04,1.953369424464246744e-05,6.728754535348118631e-05
9.994201017173802715e-01,3.532904471796365553e-04,1.602671882433777156e-04,6.590452819711815888e-06,5.975019437692842100e-05
9.992993652174960717e-01,4.243915293604589331e-04,1.961637786372107909e-04,9.680305764594916593e-06,7.039916874161313172e-05
9.990959241149659498e-01,4.109856490675166895e-04,4.043154227762866702e-04,2.030596087989026903e-05,6.846885231030907658e-05
9.985610876281821868e-01,6.285253945649093947e-04,7.185655218456608699e-04,3.022643068337445675e-05,6.159502472380429825e-05
9.978383616126658140e-01,8.108051794162266131e-04,1.222775360748441483e-03,5.972622133189770541e-05,6.833162583769277919e-05
9.990448464499592784e-01,4.331488015173903350e-04,4.340455643073411261e-04,2.978952287738834159e-05,5.816966133859986863e-05
9.992717190766509106e-01,3.562605807970769980e-04,2.809281774451686435e-04,2.023624409006311069e-05,7.085592101673766018e-05
9.992801348675417472e-01,3.161196134822892882e-04,2.771159846140730867e-04,1.970371139409553214e-05,1.069258229679322965e-04
9.991863372225526785e-01,3.871880698903118609e-04,3.062888685819274573e-04,1.667233840276032789e-05,1.035135005723717170e-04
9.989369149971545347e-01,5.146297123073600771e-04,4.463256243803231265e-04,1.667268610719935699e-05,8.545698005057836050e-05
9.992549159449092278e-01,4.175901416993542544e-04,2.261961860302733399e-04,1.067448976480965906e-05,9.062323759620016361e-05
9.974587358969079220e-01,1.316951678793569763e-03,1.075515519731675210e-03,3.181064100266585881e-05,1.169862635640894115e-04
9.987352590639674288e-01,5.546404932611245613e-04,5.839671272430323147e-04,2.779106621536492268e-05,9.834224931319677056e-05
9.980900735205670005e-01,9.148584883317390339e-04,7.778663729617298550e-04,3.979478378317542547e-05,1.774068343562059671e-04
9.985737761220174757e-01,6.479958368862278034e-04,6.216915721213295406e-04,3.064613624951212465e-05,1.258903327253285199e-04
9.992933997394726209e-01,3.285174756856461590e-04,2.470960027465795282e-04,1.443758943299802022e-05,1.165491926622434435e-04
9.975832865742967348e-01,1.376771692123541363e-03,7.358760951800599054e-04,3.623897587789543439e-05,2.678266625218197203e-04
9.986184925488835740e-01,6.281329495180671416e-04,6.260657535138272655e-04,3.257633568207109632e-05,9.473241240247026024e-05
9.954990289791909586e-01,1.998723593212719390e-03,2.217120225282627130e-03,1.034458657381140742e-04,1.816813365755007303e-04
9.958061742677482009e-01,1.693128553919120548e-03,2.129258977289898505e-03,1.156704287787534922e-04,2.557677722638019581e-04
9.886999135163940799e-01,6.425077871997580438e-03,4.190109345544910414e-03,1.904462650313689341e-04,4.944530010319262304e-04
9.975540802171769528e-01,1.077469333621228252e-03,8.952367936340626482e-04,7.499398916303127451e-05,3.982196664048135511e-04
9.990795910565267723e-01,5.048686906879854344e-04,2.228102291942491266e-04,2.101587776194668207e-05,1.717141458288735294e-04
9.988508683187062864e-01,6.887349452515277495e-04,2.145199594104556327e-04,1.807988910798751154e-05,2.277968875237524607e-04
9.992281473643529477e-01,4.221256954768663381e-04,1.922134657649012543e-04,1.714790361546185472e-05,1.403655707896435390e-04
9.993793357577730463e-01,3.735568704502470775e-04,1.071778221901043096e-04,1.048969021429932873e-05,1.294398593723529477e-04
9.984780900734324671e-01,1.067193041856761464e-03,2.658911926234817057e-04,1.705836363315459169e-05,1.717673284541239493e-04
9.986107093999906370e-01,8.762226544735380413e-04,2.876323494793302541e-04,2.429981590447286878e-05,2.011357801521151283e-04
9.971250795917844245e-01,2.084334511475050868e-03,5.260018442664288023e-04,2.784041333102719532e-05,2.367436391432093388e-04
9.963590147273393427e-01,2.363314528696823340e-03,9.962167355206947694e-04,9.135034796887001095e-05,1.901036604744113067e-04
9.955666946016633601e-01,2.924165220733117819e-03,1.342985474365215610e-03,6.245979224408961927e-05,1.036949109941497592e-04
9.915323678649488048e-01,5.229697278640210896e-03,2.974381587179119463e-03,1.356520096340129290e-04,1.279012595976783222e-04
9.963444838793187319e-01,2.229011068819125672e-03,1.203701189960709652e-03,1.008795043984976136e-04,1.219243575029375931e-04
9.956465133287579761e-01,3.003159643333234811e-03,1.127720500443066135e-03,8.840737126285957590e-05,1.341991562028793466e-04
9.987798967642907977e-01,9.171028700787728534e-04,2.320574823008074504e-04,2.161405230555119014e-05,4.932883102399260723e-05
9.985499958796735243e-01,1.128834767127986785e-03,2.454609587196927433e-04,1.881098708292811128e-05,5.689740739587079637e-05
9.986692877789131728e-01,9.779443451830140219e-04,2.779969324059275589e-04,2.078306682394748231e-05,5.398787667388227525e-05
9.925201642559107196e-01,6.040593386966134834e-03,1.138793144222519701e-03,4.827288368308238508e-05,2.521763292177291475e-04
9.859221372914294124e-01,1.250891697788739099e-02,1.114669233033788653e-03,2.982987164825532211e-05,4.244466260011077571e-04
9.678586725524648271e-01,2.961828550977651381e-02,1.862427198821274381e-03,2.515080229342089532e-05,6.354639366438953217e-04
9.943521811165696445e-01,5.072083374446916849e-03,3.330009128094698462e-04,6.548508145634683766e-06,2.361860880282310989e-04
9.860609410937156705e-01,1.277090527049323625e-02,6.721306662499985886e-04,9.915925917649209354e-06,4.861070436235008074e-04
9.732607083160638162e-01,2.455556758273318846e-02,1.522660558900189266e-03,1.777134912974044086e-05,6.432921931731204641e-04
9.729443129511117228e-01,2.478548523609377940e-02,1.659124575401733741e-03,1.493758903694937186e-05,5.961396483557773567e-04
9.855212837223654709e-01,1.331136866967154095e-02,8.301249968513743508e-04,1.072679522379644356e-05,3.264958158878661083e-04
9.965884916172838004e-01,3.076529325716107020e-03,2.171430427222533789e-04,4.477315293839007090e-06,1.133586989839146478e-04
9.908694470552903422e-01,8.438383219634693067e-03,3.957737025371808079e-04,7.098442404048992981e-06,2.892975801337224653e-04
9.761065499931204092e-01,2.228853762129092558e-02,1.047373351181509317e-03,1.241914234556992782e-05,5.451198920613453073e-04
9.860631205652242715e-01,1.289695821037255968e-02,6.558584666866603937e-04,8.047256687877180672e-06,3.760155010287037115e-04
9.904784404231887773e-01,8.707240351713274595e-03,5.512461944916486169e-04,8.938377644683555219e-06,2.541346529616964208e-04
9.875824448670251776e-01,1.143638953712608833e-02,5.821511096418119499e-04,7.861775311561613089e-06,3.911527108953681510e-04
9.945440969607134418e-01,4.895918517916634030e-03,2.140555144101522205e-04,3.746355830643688611e-06,3.421826511290045124e-04
9.918428382399364640e-01,7.388148864054594131e-03,3.040393861525450873e-04,5.524542114334760432e-06,4.594489677420700692e-04
9.970965353904472916e-01,2.573317424903200611e-03,1.369969446496031569e-04,3.261535917345240657e-06,1.898887040826517821e-04
9.884069681228350168e-01,1.054074479324238617e-02,4.678563139333747939e-04,5.895458758711146237e-06,5.785353112305450553e-04
9.910179225916739831e-01,8.020842969427921867e-03,4.443439731249836815e-04,5.378978287598389167e-06,5.115114874854258080e-04
9.855813790231136018e-01,1.302558463250801275e-02,7.487126496248284416e-04,8.626106924047586741e-06,6.356975878295685048e-04
9.159957280597195162e-01,7.872750741545191111e-02,3.043197196243350652e-03,1.476713059746388814e-05,2.218800197988024785e-03
9.321065457604552629e-01,6.238789676189677308e-02,3.413610402134937844e-03,1.604603110025213622e-05,2.075901044412483461e-03
9.372414299388738268e-01,5.764607443325008018e-02,3.362382927063997315e-03,1.540952852142447535e-05,1.734703172290761068e-03
9.044794919519756338e-01,8.834657495793173110e-02,5.211158705198504215e-03,2.026488085542322028e-05,1.942509504038703603e-03
9.186746592452792459e-01,7.377220759819055895e-02,5.789772814672178129e-03,2.563913037778385557e-05,1.737721211480287723e-03
9.251523145302659179e-01,6.698435667954359685e-02,6.223804760676785765e-03,2.566458751346587300e-05,1.613859442000295345e-03
9.326578275801664653e-01,6.075139350991372311e-02,4.847656254693834266e-03,2.316279071888493340e-05,1.719959864507101610e-03
9.637194714446741806e-01,3.280337513517734421e-02,2.349749089645108112e-03,1.622330121871111056e-05,1.111181029284783730e-03
9.800755724952303627e-01,1.786822336738521158e-02,1.209743182498018103e-03,1.000658770374128767e-05,8.364543671827344515e-04
8.687227106476380634e-01,1.207673893954722133e-01,8.103183974015592053e-03,4.274190513222781145e-05,2.363974077741917527e-03
9.534543155853580920e-01,4.178624278481146703e-02,3.520174352989941576e-03,2.462907859527634511e-05,1.214638198245276621e-03
9.798170038165088247e-01,1.783340656534858695e-02,1.360658011724204990e-03,1.111252890016922546e-05,9.778190775184476043e-04
9.753623820215100437e-01,2.191575109800473695e-02,1.602817680002468267e-03,1.540270555334679144e-05,1.103646494929505593e-03
9.863825973146086445e-01,1.198820831892154562e-02,9.449081712796135934e-04,1.287987597100865022e-05,6.714063192192102443e-04
9.572452019723463046e-01,3.819151314297188071e-02,3.125618966816480753e-03,2.786449479661936654e-05,1.409801423068795297e-03
8.599328533285506282e-01,1.270790843133218218e-01,9.587788171757129219e-03,5.727606649376046095e-05,3.342998119876937173e-03
8.610186216072078791e-01,1.240627884270607273e-01,1.165609145683593056e-02,5.967798430967701727e-05,3.202820524585769241e-03
8.479651048952679959e-01,1.347783982425558857e-01,1.389662687896542348e-02,5.560097440838275345e-05,3.304269008802202326e-03
9.423935488792630766e-01,5.132917579954770354e-02,4.490691030414851841e-03,3.027741356927544960e-05,1.756306877205153364e-03
9.148198955619123440e-01,7.706263740638984172e-02,6.404159017239946863e-03,4.109029595391352449e-05,1.672217718504002536e-03
7.469865158832075247e-01,2.326792263728287569e-01,1.623809493350320682e-02,7.599168140039651374e-05,4.020171129060111023e-03
7.268452642961386045e-01,2.475554386745887625e-01,2.128068763532949340e-02,8.392575058790622102e-05,4.234683643355325114e-03
4.939627953889620393e-01,4.491065651738921916e-01,5.151317201555080660e-02,1.201341115225112088e-04,5.297333310072469860e-03
3.884780141025640510e-01,5.378651002447645268e-01,6.656251291058588870e-02,1.268793760963767686e-04,6.967493365989180752e-03
1.839087227229017629e-01,6.670392214822565835e-01,1.445050705950804704e-01,1.924194229099237576e-04,4.354565776851262483e-03
2.341046997839005273e-01,5.758746293068112143e-01,1.834955319612051328e-01,2.062617849621857014e-04,6.318877163120866294e-03
2.397396233883955785e-01,5.767208962333714162e-01,1.759329109235703292e-01,2.726678822846082028e-04,7.333901572378073198e-03
1.319444353555913885e-01,7.015585679347158266e-01,1.536922041224116353e-01,2.182383330508150287e-04,1.258655425423035358e-02
1.004984614349155869e-01,6.992507624125802179e-01,1.894993628214002579e-01,2.127152068610236571e-04,1.053869812424282001e-02
1.196849572096337216e-01,5.852619924229921500e-01,1.171849653629974675e-01,1.242912128247898075e-04,1.777437937915518351e-01
3.799937810947371375e-01,4.351038387851429712e-01,7.378560373196674238e-02,1.040176016514108789e-04,1.110127587865016308e-01
4.553066972850625671e-01,3.972364816641463237e-01,4.488616392484309769e-02,7.896688097380616931e-05,1.024916902449741624e-01
8.062548395751356622e-01,1.324226486770871680e-01,3.713992677537208270e-02,1.386859723878698138e-04,2.404389900001717775e-02
7.721251641720414671e-01,1.612305272195972972e-01,3.080044604675924100e-02,8.734525033205294995e-05,3.575651731126991417e-02
4.612949170189675763e-01,4.046312251377511826e-01,7.752234553982831344e-02,1.552620364956268926e-04,5.639625026695719440e-02
5.499997101954825496e-01,3.492550616856973655e-01,4.676419604246169481e-02,8.528486713791944441e-05,5.389574720922057222e-02
4.655980819746554644e-01,4.216841915126003926e-01,4.647903705391848161e-02,8.631491807475967525e-05,6.615237454075098555e-02
6.564170902339205860e-01,2.694262644121749317e-01,2.774821214970905198e-02,6.112810811379040983e-05,4.634730509608170346e-02
8.047718218868640250e-01,1.534652165101085819e-01,1.641687413089750608e-02,5.471551409580772030e-05,2.529137195803390914e-02
8.992518327376675114e-01,8.120416532564705969e-02,7.384335951599074396e-03,3.600934089734356391e-05,1.212365664418899903e-02
9.174553814901891258e-01,6.865152879317577839e-02,6.125762821259991310e-03,3.692093798319167957e-05,7.730405957391788332e-03
9.517381756450919994e-01,4.167762812721821641e-02,4.005844899416614695e-03,3.010644621432946914e-05,2.548244882058934863e-03
9.115540661022444313e-01,7.730267046738195647e-02,6.747569699577474212e-03,4.321921236727999858e-05,4.352474518428645772e-03
8.656479105714736111e-01,1.175931413677037268e-01,1.059925298219421656e-02,5.251306949631499025e-05,6.107182009131985161e-03
9.543627048304532678e-01,3.504111010444938695e-02,3.410994023367394483e-03,2.177452425738521011e-05,7.163416517472633027e-03
9.311511740569402562e-01,5.291333074140428666e-02,5.182371070281886066e-03,2.488721809574577569e-05,1.072823691327789118e-02
9.486086376806768250e-01,4.051399305481016150e-02,2.986336100134361765e-03,1.710841057342516532e-05,7.873924753805319407e-03
9.418400443695569280e-01,4.322091871555848452e-02,4.339103445828249722e-03,1.972576835760842247e-05,1.058020770069875889e-02
9.650050065483191108e-01,2.251421191058367369e-02,1.569659089051609778e-03,1.029585777404615091e-05,1.090082659427157180e-02
9.450643425612559323e-01,4.283938033451138022e-02,2.714830478886005611e-03,1.905362178570043751e-05,9.362393003561054333e-03
9.509506450724489746e-01,4.092027515717185787e-02,2.590670923319578992e-03,1.968124833012584486e-05,5.518727598729528810e-03
9.044572347752775077e-01,8.321128390026827359e-02,5.353129960423227800e-03,3.548509482995021078e-05,6.942866269201057074e-03
8.238596631465193720e-01,1.565206425808779167e-01,1.133435479631057091e-02,5.910423162367265673e-05,8.226235244668530372e-03
8.079410513735638677e-01,1.686317049392787593e-01,1.315354512617812784e-02,4.921862083019133498e-05,1.022447994014904701e-02
9.019664725763031354e-01,8.399478764319992519e-02,7.670532244940694334e-03,3.856237532080025780e-05,6.329645160235284305e-03
8.063973538782386319e-01,1.675166943232133387e-01,1.907301859375712047e-02,8.500558104803312368e-05,6.927927623742901470e-03
8.397907834276779893e-01,1.388934947347437721e-01,1.628939719780935630e-02,9.232146554008602659e-05,4.934003174228767004e-03
6.839777674081450876e-01,2.754685042237781101e-01,3.265970170807893508e-02,1.321305655103911163e-04,7.761896094487449015e-03
9.277685842754026524e-01,6.198879089524562958e-02,5.586782655501722553e-03,3.587181421758630728e-05,4.619970359632481934e-03
9.229811582065757802e-01,6.371990076244044010e-02,4.378561225990502785e-03,2.277117923732948962e-05,8.897608625756057640e-03
8.883999941628341057e-01,8.420098378739218625e-02,5.251511323264420814e-03,1.825422696907966129e-05,2.212925649954025631e-02
8.942977426726452794e-01,8.162796165898872358e-02,4.113272136839663147e-03,1.997876487989772810e-05,1.994104476664656719e-02
9.099911587167749394e-01,7.174820298541983998e-02,3.627199789160525777e-03,2.226940755404865173e-05,1.461116910109054416e-02
8.095507661787042508e-01,1.605469516809336084e-01,7.242833975125879953e-03,3.689526556553484552e-05,2.262255289967075519e-02
9.308765287171749669e-01,5.659041192965710843e-02,4.754199429226985303e-03,2.649468563210059466e-05,7.752365238308851596e-03
9.925440177701803091e-01,6.035984964897435703e-03,6.064117348118311249e-04,1.113353329545494772e-05,8.024519968148740570e-04
9.968508298998973727e-01,2.374855050334470034e-03,2.670798293199454351e-04,9.239735586209762568e-06,4.979954848620424344e-04
9.956382766635569759e-01,3.392685879119831938e-03,4.877906468581059149e-04,1.839721222670522089e-05,4.628495982382963979e-04
9.972240779780041642e-01,2.087788418475757229e-03,4.923726462577348618e-04,1.749859206610303083e-05,1.782623651962180963e-04
9.945447127012163602e-01,4.279604953482758246e-03,8.792199197913665382e-04,2.700257069906943652e-05,2.694598548103550374e-04
9.893222356201779588e-01,8.235518173630284461e-03,1.941148908532437829e-03,7.750227702972529520e-05,4.235950206295956057e-04
9.912374694165971833e-01,6.560163018165999886e-03,1.869460427092677719e-03,8.309653538751087377e-05,2.498106027565821633e-04
9.915687512132397297e-01,6.526189290473422173e-03,1.630271997840505947e-03,8.210457225746512736e-05,1.926829261888613734e-04
9.953909812923567024e-01,3.371972761809846533e-03,9.366289578492222523e-04,4.408689492033741799e-05,2.563300930637877760e-04
9.938125913111225396e-01,4.632013365531543331e-03,1.257876928947019354e-03,7.311783741797706895e-05,2.244005569808500656e-04
9.956244705758076075e-01,3.245208750721275803e-03,9.651291264136940828e-04,6.051080315185119291e-05,1.046807439054021297e-04
9.945342114269145606e-01,3.703789215202975531e-03,1.441311742674801673e-03,1.684819825131870759e-04,1.522056326945459080e-04
9.911498301275138978e-01,5.684831248187339169e-03,2.314389433020441148e-03,1.922385361877526025e-04,6.587106550908149952e-04
9.872716227750337747e-01,7.266592307416060159e-03,3.222197388586688863e-03,3.502523502796097408e-04,1.889335178683786750e-03
9.939803558708574238e-01,4.027483935566220086e-03,1.014980765710920413e-03,1.022186170199930038e-04,8.749608108452435265e-04
9.936459410769269418e-01,4.939423544194396221e-03,8.825508197879575276e-04,5.570688279073305688e-05,4.763776762999764663e-04
9.976121376271407382e-01,1.793921014975137854e-03,4.189730454528667325e-04,3.134731572098952335e-05,1.436209967100626392e-04
9.917278630502937009e-01,5.485113271439925886e-03,2.347727661682552040e-03,1.696389017950261906e-04,2.696571147886926809e-04
9.924971800524451382e-01,4.648509488760098687e-03,2.366517708647685944e-03,1.836226584984868427e-04,3.041700916484450551e-04
9.936210484545690003e-01,2.362573105426450746e-03,2.984237771630761284e-03,2.755546789518547104e-04,7.565859894220671117e-04
9.820095689081747015e-01,9.178200413056681814e-03,7.196909748035070983e-03,3.506152421957711728e-04,1.264705688537682031e-03
9.585824393174926517e-01,3.266224983095264434e-02,6.840714053250956071e-03,1.237034828363748771e-04,1.790893315467198803e-03
9.170247136941253041e-01,7.056540832940851049e-02,1.019650183999018002e-02,7.697731674685172071e-05,2.136398819729304691e-03
8.871481003013335087e-01,1.014476403787295256e-01,8.810372674362028367e-03,5.470580887875615647e-05,2.539180836696325761e-03
7.139958191503933405e-01,2.646695084555418243e-01,1.568451055952740925e-02,5.389451739000611916e-05,5.596267317147248822e-03
5.504015558556482057e-01,4.075433823688304757e-01,3.260327088279142693e-02,7.558344767303366450e-05,9.376207445056863876e-03
3.793485736551919230e-01,5.578998987010365118e-01,5.028534219774313807e-02,7.860037114449179411e-05,1.238758507488398747e-02
4.101239612795872236e-01,5.157378998591343189e-01,6.177184733195587724e-02,8.441856704330085435e-05,1.228187296227934398e-02
7.892065467166943238e-01,1.216893205316460225e-01,8.385531571596686884e-02,3.106652330997344011e-04,4.938151802592968646e-03
9.206161668836103651e-01,4.437923566825424659e-02,3.211270132814345035e-02,2.199264590443188953e-04,2.671969660947553366e-03
9.122114383207493571e-01,6.621322256165104725e-02,1.895131249673518564e-02,1.162322227110389633e-04,2.507794398153421946e-03
9.644372201766445718e-01,2.180901321290053263e-02,1.316706138296307518e-02,8.948048832486054597e-05,4.972247391669807649e-04
9.690541113377417748e-01,2.105551169405556894e-02,5.870890438812583628e-03,6.332499992154430612e-05,3.956161529468291832e-03
9.820654439843280459e-01,9.338161090410655729e-03,3.747089399700447541e-03,9.199850236475048883e-05,4.757307023196033317e-03
9.910720537119807050e-01,3.744353053323776562e-03,1.607630599478390406e-03,6.728681985459241093e-05,3.508675815362555846e-03
9.898978502059122553e-01,3.279967740444985225e-03,1.328942092958889341e-03,7.203373368401338409e-05,5.421206227000008662e-03
9.964346722632970721e-01,1.899678294570944590e-03,6.176726590392141430e-04,4.493463460670174943e-05,1.003042148486121181e-03
9.935262141563974136e-01,2.721537233752015141e-03,8.559992601917720736e-04,4.710949832106214798e-05,2.849139851337730012e-03
9.928503056370543423e-01,3.337467742328920333e-03,1.282491990507994605e-03,5.567825623904905374e-05,2.474056373869753384e-03
9.961487280886757167e-01,2.004734471882157684e-03,1.125794478471942896e-03,4.150368774839137116e-05,6.792392732217727817e-04
9.951313375244981163e-01,2.545651505667892445e-03,1.970498626002578548e-03,5.552638372687406393e-05,2.969859601044884693e-04
9.984338960672690666e-01,9.934661198757990981e-04,4.875319765053752366e-04,1.439808206356666091e-05,7.070775428617713705e-05
9.936274855310022192e-01,4.744257314197151791e-03,1.437626880057232825e-03,2.316556980740604136e-05,1.674647049361517777e-04
9.938521856402157129e-01,4.683483900736744310e-03,1.283927965840180648e-03,2.955194167630744237e-05,1.508505515310661592e-04
9.755558887445735516e-01,1.452795055492447744e-02,9.566001473095098878e-03,1.395851143703194617e-04,2.105741130365924765e-04
9.880715872208953865e-01,8.570536533169215501e-03,2.844735282135462274e-03,4.572695733714940983e-05,4.674140064628739448e-04
9.774545882799828833e-01,1.277265675573684839e-02,9.369129205066110272e-03,1.298305654347737864e-04,2.737951937795845181e-04
9.781396872917474949e-01,9.939660554538137099e-03,1.164352460011221398e-02,1.713111476587048435e-04,1.058164059433841368e-04
9.947327900659383992e-01,2.572018317382542257e-03,2.590779641325861426e-03,6.127746607301293668e-05,4.313450928026801975e-05
9.944372636407577959e-01,2.692551042055710969e-03,2.758909379668845335e-03,6.903560094877208729e-05,4.224033656892586201e-05
9.985051157548132661e-01,7.598302011863169222e-04,6.928328067869995088e-04,2.117001004331194516e-05,2.105122717015588818e-05
9.823697838152063433e-01,9.433332756421853107e-03,7.974639365447950060e-03,8.669284401562089165e-05,1.355512189081736828e-04
9.945145687453107453e-01,2.624348978336363616e-03,2.763139824014357142e-03,5.875599949289719490e-05,3.918645284583558520e-05
9.968482771196253145e-01,1.371637058613440693e-03,1.706383220675708728e-03,5.051626189695284362e-05,2.318633918860140154e-05
9.972699439326372373e-01,1.332058047887830750e-03,1.320561396186805195e-03,4.511513948905372120e-05,3.232148379897085343e-05
9.845364426201973496e-01,1.110706119710803963e-02,4.110789530627570638e-03,5.676396068565478466e-05,1.889426913814519211e-04
9.933290725254144693e-01,3.258800756089494897e-03,3.319804774899280143e-03,5.476098372595334133e-05,3.756095987070897117e-05
9.979004159196139812e-01,1.065244549335823054e-03,9.703978074333682261e-04,3.725005412385861092e-05,2.669166949295474298e-05
9.930489318294226653e-01,2.842784539879151910e-03,3.964166712998333855e-03,1.047249162787492675e-04,3.939200142110709960e-05
9.762833900365800455e-01,7.071723613396446728e-03,1.630874738581020514e-02,2.956763126076181018e-04,4.046265160546362371e-05
9.456146774533726873e-01,2.535345548787851927e-02,2.863555672627048770e-02,2.476749467074063440e-04,1.486353857709140085e-04
9.793043148209794602e-01,9.805576727549503158e-03,1.060747746023248637e-02,1.801758158851138661e-04,1.024551753533768867e-04
9.859258111002747738e-01,9.554488615275531782e-03,4.245265233659171675e-03,7.548385630816221807e-05,1.989511944822418884e-04
9.820273299124596678e-01,1.302787994611417748e-02,4.715691210046558425e-03,5.245385513564182966e-05,1.766450762437664411e-04
9.952916319275812995e-01,2.821065414412870977e-03,1.786301259693074458e-03,4.389869550957784677e-05,5.710270280302539463e-05
9.962405004835345190e-01,2.316624775623264600e-03,1.371008325105799001e-03,2.714735617877444854e-05,4.471905955751190678e-05
9.980302289529752180e-01,1.174856592239576555e-03,7.467888293611272665e-04,1.888128136653525232e-05,2.924434405754553553e-05
9.954600546519668525e-01,2.995034018008884899e-03,1.463090652714271094e-03,4.133299935387108970e-05,4.048767795623475134e-05
9.954316821091023781e-01,2.514050060239986055e-03,1.965829901511938552e-03,6.176899608696827444e-05,2.666893305880761882e-05
9.974270256861934580e-01,1.385213671484949180e-03,1.096219717147421798e-03,4.544411474953156656e-05,4.609681042445783509e-05
9.983824293460495936e-01,9.159315900467711368e-04,6.419917733340351146e-04,2.709980343349677401e-05,3.254748713609137157e-05
9.942200738571234098e-01,4.575230000053247779e-03,1.023227320970968371e-03,2.098040773606260422e-05,1.604884141163828400e-04
9.881199305773988861e-01,7.244698785630337631e-03,4.498074242102842457e-03,4.973304414463879049e-05,8.756335072334366597e-05
9.828121591171123939e-01,6.520390070263067106e-03,1.046903771254164249e-02,1.421119899563227495e-04,5.630111012653530033e-05
9.974808124746143978e-01,1.299181695536688738e-03,1.146456646020344982e-03,3.451223009047381856e-05,3.903695373799898066e-05
9.982164301071551060e-01,1.125677870408726923e-03,6.027397451229782148e-04,1.928497640819694446e-05,3.586730090514259360e-05
9.991537345296530592e-01,3.841475128225398518e-04,4.302610551761581093e-04,1.710268725882721312e-05,1.475421508950583210e-05
9.991475952803674510e-01,3.064764293733431661e-04,5.049935526686942511e-04,2.789411375020455210e-05,1.304062384008693121e-05
9.990111628053489623e-01,3.798574185438917026e-04,5.671604660030744914e-04,2.602478348142758981e-05,1.579452662270791323e-05
9.974403419830277784e-01,9.072161109022106691e-04,1.570700266762175027e-03,5.578477661248675533e-05,2.595686269563009883e-05
9.965414372413764488e-01,1.023402734832224662e-03,2.325882091485435149e-03,8.058700421195296327e-05,2.869092809380889886e-05
9.961231488269973733e-01,1.238418955342620361e-03,2.486013488828614330e-03,1.018652649488600262e-04,5.055346388243730680e-05
9.902206185440209918e-01,2.601259877575948839e-03,6.885800217852122707e-03,2.098012850497518614e-04,8.252007550112571278e-05
9.873102357040518529e-01,2.491359797695030538e-03,9.863140064171176460e-03,2.677160484248081998e-04,6.754838565702946172e-05
9.771662678499026811e-01,4.094799042217886834e-03,1.825892580395061318e-02,3.939416609698927793e-04,8.606564295911996979e-05
9.868835240628174299e-01,3.844287639692457043e-03,8.885283287383758180e-03,2.078877147139593449e-04,1.790172953923910325e-04
9.866875270910047124e-01,3.342845633912487277e-03,9.592805519610336784e-03,2.508172574909941512e-04,1.260044979813320146e-04
9.938589650964730904e-01,1.210378039397308134e-03,4.722361716618615583e-03,1.656562373776719903e-04,4.263891013329587746e-05
9.941933574492723968e-01,1.488377378990705067e-03,4.104912854524878432e-03,1.593563241712231057e-04,5.399599304080887873e-05
9.949379067920337549e-01,1.181556627212923148e-03,3.660393302757223438e-03,1.667663301951676446e-04,5.337694780080354484e-05
9.862787872598339778e-01,1.723028489352770691e-03,1.149611824554525562e-02,4.512738836893512144e-04,5.079212157861093225e-05
9.936742244889950060e-01,8.283251617946008104e-04,5.211787167522444544e-03,2.458801925346112169e-04,3.978298915316214247e-05
9.933177015489713657e-01,9.616945732444098652e-04,5.346901312405259038e-03,2.885206825826385326e-04,8.518188279627928448e-05
9.906155469276363146e-01,1.435457585294356176e-03,7.467992008833763268e-03,3.581406233685294942e-04,1.228628548670618814e-04
9.920208324577317605e-01,1.619725436473469591e-03,5.938806054027846899e-03,2.984539017481669244e-04,1.221821500187240906e-04
9.971378375419388540e-01,8.250972132105969690e-04,1.842959779527817430e-03,9.820355275861377808e-05,9.590191256405818966e-05
9.798047611559227432e-01,3.794966106068103397e-03,1.566762803481658306e-02,5.574406209482303098e-04,1.752040822442813570e-04
9.477081103252389394e-01,5.916082694337555792e-03,4.464968670721655014e-02,1.555170302369692035e-03,1.709499708371639624e-04
9.766634107386847896e-01,3.360456114142729937e-03,1.898938376693601326e-02,8.426712598316326869e-04,1.440781204048605460e-04
9.882525270164022047e-01,2.829606032344643592e-03,8.421814357363189077e-03,3.670773674440485452e-04,1.289752264457200896e-04
9.937181596570786590e-01,2.643074452018186801e-03,3.342127548995939279e-03,1.593522519684030395e-04,1.372860899388977734e-04
9.990060316161419873e-01,5.820365082150365374e-04,3.630331473056391681e-04,1.851683217634003475e-05,3.038189616101863935e-05
9.986170155473589327e-01,8.735993711749941376e-04,4.352948673730588176e-04,2.298374922144633765e-05,5.110646487163048339e-05
9.978115819959016974e-01,1.586570512712271765e-03,5.033695950185799106e-04,2.403309195343876503e-05,7.444480441397002617e-05
9.987442105007415805e-01,9.573810586610689366e-04,1.880293034358910902e-04,1.289145409032244454e-05,9.748768307117974818e-05
9.995845417850440784e-01,3.114092671448782262e-04,4.900433792242020323e-05,4.037225604029295682e-06,5.100738428436457812e-05
9.995901468513561650e-01,2.605676977453159665e-04,5.180260303329771817e-05,6.096536759828754008e-06,9.138631110535482493e-05
9.992153613435801329e-01,5.482594819669812415e-04,8.693275735396823606e-05,1.041679418955651413e-05,1.390296229094207538e-04
9.989436640314000027e-01,7.336466852627300398e-04,1.544108486501765071e-04,1.781340575718237722e-05,1.504650289298893715e-04
9.971369554562623527e-01,2.112152337296755583e-03,4.996974048720990731e-04,3.284694481337792192e-05,2.183478567554020581e-04
9.961746850638922846e-01,2.374778451149950863e-03,1.181531718686166339e-03,9.063135180310878691e-05,1.783734144685349674e-04
9.925827234045494496e-01,4.588947727580626294e-03,2.312210913562034054e-03,1.986423881436691287e-04,3.174755661642908022e-04
9.976350029636342764e-01,1.369540654005007088e-03,8.003766291896049264e-04,7.004384777932748656e-05,1.250359053916846506e-04
9.972406544940997097e-01,1.614181009371678252e-03,8.882254887354675433e-04,8.604891021470738473e-05,1.708900975783590606e-04
9.948320477270964357e-01,3.182505337986008941e-03,1.572265517793229725e-03,1.500027400121382555e-04,2.631786771123443094e-04
9.955954906320794162e-01,2.497356574287043756e-03,1.547383357117774853e-03,1.624034433656819604e-04,1.973659931500425842e-04
9.988335215776494858e-01,6.453783051620324163e-04,2.712856381251530489e-04,2.852421958620660923e-05,2.212902594771724320e-04
9.964046902701374497e-01,2.302272550374229003e-03,9.749926074802165669e-04,5.807777400352099099e-05,2.599667980046737725e-04
9.936496189364014686e-01,3.335134788472627048e-03,2.597768498558680316e-03,1.806016532753373504e-04,2.368761232920053080e-04
9.980365365887664542e-01,8.619259852578057190e-04,6.845211674890099669e-04,9.394094618329837658e-05,3.230753123033729200e-04
9.975903279232695153e-01,1.042483410561042276e-03,8.332586009654747820e-04,1.109960367732975884e-04,4.229340284306637204e-04
9.976048316891534817e-01,1.140537129871121731e-03,8.733390361579390507e-04,9.870963606979180093e-05,2.825825087475681337e-04
