7.891283390718576429e-01,2.084154236616501954e-02,5.215402652649415299e-02,1.264262993837178828e-01,1.144979265176540757e-02
9.770051583473886581e-01,1.194226952319437686e-02,6.851914920503899414e-03,2.030408671903668593e-03,2.170248537009490750e-03
9.921882718408147062e-01,6.153969013042624725e-03,1.085585832446645709e-03,1.018665432886261131e-04,4.703067704072514277e-04
9.723986102718525926e-01,2.214079908155854037e-02,4.883572728585454208e-03,1.299923782779546398e-04,4.470255397255966097e-04
9.913930946497371277e-01,5.269924810484753579e-03,1.903403098998117772e-03,1.176778162663613117e-04,1.315899624513538254e-03
9.851451204372735360e-01,7.701819461366755069e-03,2.235610127070201004e-03,1.649417427632614785e-04,4.752508231526140180e-03
9.591950261113102449e-01,3.007236615252182818e-02,4.837906145512015088e-03,1.706193645382422851e-04,5.724082226117635161e-03
8.568445791895901165e-01,1.166105758331228148e-01,1.527944799421591948e-02,1.455520714732858045e-04,1.111984491159779057e-02
8.674252628841208068e-01,1.105159511192672361e-01,1.449427370313903680e-02,1.082080812969599050e-04,7.456304212175852812e-03
9.506941220854774333e-01,3.636822487216679473e-02,1.013821561823297426e-02,9.353016123753286773e-05,2.705907262885295147e-03
9.444131678247124073e-01,4.372783053910896112e-02,1.000379350172756789e-02,6.192625318260723381e-05,1.793281881268397318e-03
9.575250964087512751e-01,3.184917090024536740e-02,9.386142395513916853e-03,4.978523357539710699e-05,1.189805061914117222e-03
9.822047362537343895e-01,1.159120679561229279e-02,5.670655091187979183e-03,4.310361008669686382e-05,4.902982493785446299e-04
9.950881725187663562e-01,2.705737563566280174e-03,1.773544033844245060e-03,4.761973673040563731e-05,3.849261470927792077e-04
9.971175785421672044e-01,1.485409368572930024e-03,6.778694962181092435e-04,2.682259073541035487e-05,6.923200023063883282e-04
9.956392066339359026e-01,2.382416847173020151e-03,1.292582221308807237e-03,5.785841830722487824e-05,6.279358792750114543e-04
9.882570525028838704e-01,6.454431774454139764e-03,2.821892616068468265e-03,1.254526859521330035e-04,2.341170420641359474e-03
9.723559072135630199e-01,1.625825595864554066e-02,5.267831894821546450e-03,1.775068510047515759e-04,5.940498081965170547e-03
9.301351643901403232e-01,4.393569310715222248e-02,1.351501656867865921e-02,2.468911103423274025e-04,1.216723482368651382e-02
9.341520604777787673e-01,3.512723265519036159e-02,2.300140790299782731e-02,3.118344068114295778e-04,7.407464557221712237e-03
9.088453138158616440e-01,5.410583756922009158e-02,2.733452282786718798e-02,2.874322317011943182e-04,9.426893555349927928e-03
8.565361577684004191e-01,8.554471829473207778e-02,2.653750042769830939e-02,1.954686467479225978e-04,3.118615486242131904e-02
8.698653427695829388e-01,7.616529433580214448e-02,4.086772188995417554e-02,2.482408954459730619e-04,1.285340010921478225e-02
7.980216431304094638e-01,8.362369487385461209e-02,6.754461496418531774e-02,3.785247051987811347e-04,5.043152232635179227e-02
7.691540722467099522e-01,1.239469334070722323e-01,6.191512407924892186e-02,3.687699322879277038e-04,4.461510033468100989e-02
9.422801196309942284e-01,2.025463229993608102e-02,9.376454090134819092e-03,9.794867493248177507e-05,2.799084530400239648e-02
9.476920416632662603e-01,2.033061962738273026e-02,9.695303448766829854e-03,1.289666037198706973e-04,2.215306865686437685e-02
9.522378862417044676e-01,1.979453954744744143e-02,1.113029758642578027e-02,1.966182246863390536e-04,1.664065839973595182e-02
9.354703695014181530e-01,2.661446650621157942e-02,2.154561376599679542e-02,7.481205443970799463e-04,1.562142968197626110e-02
9.217551705902654602e-01,4.060816059149006257e-02,1.341510431619862172e-02,2.465579596229851376e-04,2.397500654242281509e-02
7.612631723850786791e-01,1.233892118579250213e-01,7.719268730527767408e-02,1.115712141566138193e-03,3.703921631015237581e-02
7.858135154003540457e-01,1.244516605276161786e-01,7.804877544801976097e-02,6.052289745468782817e-04,1.108081964946303760e-02
5.934533664874707126e-01,1.695264468122655854e-01,2.222197140383167513e-01,1.820657944551746328e-03,1.297981471739523968e-02
5.274549197540661094e-01,1.973083005673023915e-01,2.407834783267647494e-01,2.571183807434187108e-03,3.188211754443262547e-02
5.051131261326310407e-01,2.409243248005179805e-01,2.259391556569453063e-01,1.086153047197839245e-03,2.693724036270780942e-02
7.531177401137830740e-01,8.478214945672611635e-02,1.335822345166046143e-01,1.210525965442940926e-03,2.730734994744324698e-02
7.430673741423754475e-01,9.332450259542598991e-02,1.190418338604290888e-01,2.010639609860128806e-03,4.255564979190931685e-02
9.425777487713689062e-01,1.936948566242041245e-02,1.860523664643485772e-02,3.782134637702936719e-04,1.906931545600550754e-02
9.258938905803717478e-01,2.264130595978058533e-02,3.042772409480339404e-02,9.252160415500307496e-04,2.011186332349423900e-02
9.409433651390839426e-01,1.551372017370101705e-02,2.685363976980706391e-02,1.184562515824204212e-03,1.550471240158385680e-02
8.138551391975337168e-01,5.669412164255294151e-02,9.206990000939505037e-02,1.506323191933093067e-03,3.587451595858527631e-02
7.457961692864411019e-01,7.829691651956069420e-02,1.239084335593357983e-01,2.272373642287878540e-03,4.972610699237463294e-02
7.128475339111467468e-01,6.381060906880130223e-02,6.642216092354438772e-02,1.136933336789126012e-03,1.557827627597184184e-01
7.516664943780478891e-01,3.808702216809616015e-02,5.789101013215696562e-02,1.898109180491182367e-03,1.504573641412077778e-01
8.061834701112560175e-01,6.527329589691843736e-02,3.751306064804343920e-02,7.165172248652462803e-04,9.031365611891685463e-02
8.330655553563789395e-01,3.265667031313286561e-02,6.694834798664088538e-02,1.785273444997780143e-03,6.554415289884971130e-02
7.353569920505653723e-01,8.134709342146892452e-02,1.427674756761611596e-01,2.467133062699090537e-03,3.806130578910542350e-02
6.631433775762067828e-01,1.297800623658099395e-01,1.224850802186257942e-01,1.336473049392970748e-03,8.325500678996444748e-02
7.102021240024266602e-01,1.044059942025548915e-01,1.239418526913876051e-01,9.025183894754587686e-04,6.054751071415544195e-02
6.136018843011521451e-01,1.367301635238725166e-01,9.566597810687968440e-02,6.993639176529404438e-04,1.533026101504426641e-01
7.919913544407797268e-01,3.152705282376443846e-02,3.084614143376341461e-02,4.826299652941226734e-04,1.451528213363983133e-01
8.557041058225034469e-01,3.766261801210144672e-02,1.464218147895795033e-02,2.107651423332430299e-04,9.178032954410397792e-02
8.204553038234587703e-01,4.757073381424424541e-02,3.024412215440541729e-02,6.601932403533959312e-04,1.010696469675385345e-01
6.929580779423727410e-01,1.026847922632925375e-01,1.122815671501453116e-01,1.077007131720168678e-03,9.099855551246938123e-02
6.904591138328615152e-01,1.055134748589886123e-01,9.766226212245136817e-02,8.251219777270370854e-04,1.055400272079714957e-01
7.754801969027398378e-01,4.607829501102568559e-02,9.165039228685366302e-02,1.208576493675114728e-03,8.558253930570566825e-02
7.723730203352326962e-01,4.046105883335161801e-02,9.761921909441337308e-02,1.710897156080076233e-03,8.783580458092216103e-02
8.325291843389913682e-01,2.713316882414849515e-02,5.832388770803925010e-02,1.002151458179577782e-03,8.101160767064129187e-02
8.066512562168619560e-01,5.433737185829191213e-02,7.566989686959260664e-02,1.120163701291653413e-03,6.222131135396206242e-02
7.399460753643748445e-01,5.204995343925567647e-02,1.234552772836778195e-01,1.447333349454030466e-03,8.310136056323758069e-02
8.206904904784229071e-01,5.362694852287545888e-02,6.341389273815148386e-02,4.863958970526526264e-04,6.178227236349750212e-02
7.685364502994137537e-01,7.210567844364303147e-02,8.825269499733162659e-02,7.144799665131516993e-04,7.039069629309860354e-02
6.796853818242977185e-01,1.190180546466421407e-01,1.482447697207623927e-01,8.480125223055837505e-04,5.220378128599215822e-02
6.979020988709584428e-01,1.381410569218534112e-01,9.438642037792974171e-02,5.531091659657678006e-04,6.901731466329252829e-02
8.561485980914707028e-01,4.790768303471148321e-02,4.922786135076549774e-02,5.350052865062384028e-04,4.618085223654604110e-02
7.150039982389685411e-01,6.670755615936935223e-02,1.545166453952407093e-01,1.965262791981758125e-03,6.180653741443962318e-02
7.105632245307346162e-01,8.605801435614988948e-02,1.170843922136597381e-01,1.011811658809639268e-03,8.528255724064602583e-02
7.089118851229027074e-01,1.256247551777756877e-01,9.930208683069999265e-02,7.448448514918115616e-04,6.541642801712997668e-02
5.153213112551615627e-01,1.766970918604945651e-01,2.576830265927966268e-01,1.643138019834098490e-03,4.865543227171303942e-02
4.809742252155287945e-01,2.579155550206842507e-01,1.944214949594630926e-01,9.864595538375043639e-04,6.570226525048633581e-02
5.931220154948427803e-01,2.193982487779204127e-01,1.481357077628022989e-01,6.756184808947584847e-04,3.866840948353963969e-02
4.530378642513344656e-01,2.724518469379347829e-01,2.133157573379724226e-01,8.404339740668818632e-04,6.035409749869138918e-02
4.893317625611449673e-01,2.720116202513112591e-01,2.087485534661681075e-01,5.982207597508040460e-04,2.930984296162495242e-02
3.198771976207164247e-01,3.784999561587618078e-01,2.339470964357053817e-01,6.003069811247290898e-04,6.707544280369183431e-02
4.017301069554021775e-01,3.268859656702222671e-01,2.459968404558954824e-01,8.194811986188721593e-04,2.456760571986126018e-02
2.001827540522588267e-01,3.368464754101029857e-01,4.506369949006227005e-01,9.246649746204341170e-04,1.140911066239503821e-02
1.861803174974114850e-01,3.592045283069867367e-01,4.166756168208864963e-01,8.842900019602810370e-04,3.705524737275507630e-02
2.766045409678701827e-01,3.778856287429020466e-01,2.869009808629870428e-01,7.350358255206136584e-04,5.787381360072019199e-02
1.616635745402494329e-01,4.107902438654758015e-01,4.088540688941113554e-01,4.955995126805208626e-04,1.819651318748292251e-02
1.641778559865169906e-01,3.379919946430916533e-01,4.288436683521932302e-01,8.143353988801824801e-04,6.817214561931789207e-02
1.125695213598745664e-01,2.515376650453663432e-01,5.943981494388391740e-01,9.841040205326454307e-04,4.051056013538720246e-02
1.804128867725521834e-01,1.900753601628933365e-01,5.775631996119026113e-01,1.493516776806080035e-03,5.045503667584582547e-02
1.618357515939303493e-01,2.478475999135071051e-01,4.610272496585381408e-01,1.157397287042548481e-03,1.281320015469819551e-01
1.678841182259243892e-01,1.328783230563387041e-01,5.594534530266728201e-01,1.674663340907478742e-03,1.381094423501568746e-01
2.034595092975035047e-01,1.745076819659271139e-01,5.231203011732749042e-01,1.339208096233454734e-03,9.757329946706103097e-02
2.229197778859297041e-01,1.560969093020581344e-01,5.531039401841089109e-01,1.486462249385404498e-03,6.639291037851778599e-02
1.291884623920357689e-01,1.810828657216201343e-01,6.511575075905459142e-01,1.290023941066832918e-03,3.728114035473130417e-02
2.669605525080610553e-01,1.533485896696702711e-01,5.348634182881740751e-01,1.718318477349528540e-03,4.310912105674511580e-02
3.955526850589251020e-01,1.669228441295626808e-01,3.596262273468850412e-01,1.451349909624014131e-03,7.644689355500315642e-02
4.004691942402604510e-01,2.394741499197262924e-01,2.779127314933634296e-01,8.230120940983557624e-04,8.132091225255140554e-02
5.360178893846893056e-01,1.613519385829334241e-01,2.123894049328508560e-01,7.522959673587043634e-04,8.948847113216762406e-02
2.940639236134189871e-01,2.223677196987668137e-01,3.335915554892727730e-01,8.363350456421941338e-04,1.491404661528992481e-01
3.307680365834950731e-01,2.230713754070523802e-01,3.515018121457462730e-01,7.182622287459333298e-04,9.394051363496036533e-02
4.327349597165874862e-01,1.794753706967700813e-01,2.088388392813205763e-01,7.911623495038967290e-04,1.781596679558178908e-01
5.099138182634257443e-01,1.509933370696499577e-01,1.760207008560848441e-01,7.189354947387769377e-04,1.623532083161008110e-01
4.320439788210291288e-01,1.583271182619581108e-01,2.194109213107525436e-01,8.635890895332089734e-04,1.893543925167269770e-01
3.665984520933596169e-01,2.216138505978775264e-01,2.343715328472649739e-01,5.787768971279828260e-04,1.768373875643698967e-01
3.259593527656722278e-01,1.839246532674383705e-01,2.611122222082458699e-01,7.333855052466249462e-04,2.282703862533970451e-01
4.003994054357291055e-01,1.362172974302798822e-01,2.925490230734886787e-01,9.063169177851951742e-04,1.699279571427170787e-01
3.688800887999136302e-01,1.612998497001968401e-01,2.263256191410881191e-01,6.807156747397247361e-04,2.428137266840617592e-01
4.847676383692137159e-01,8.799197526477976761e-02,2.453677714734778803e-01,9.126368203911164583e-04,1.809599780721375950e-01
3.998911752957077792e-01,1.521233774660842863e-01,1.813775812324369408e-01,5.313000057716825691e-04,2.660765659999993482e-01
2.489808776322168793e-01,2.077346279230663229e-01,1.913665529117014596e-01,4.245518131390120238e-04,3.514933897198763146e-01
1.505865018492624496e-01,2.344931808573938459e-01,2.608031300482484549e-01,4.683536860278402414e-04,3.536488335590673993e-01
2.892447287724794758e-01,2.035479838597753777e-01,3.207702628936843214e-01,6.507514026982550359e-04,1.857862730713625565e-01
1.545401789863805053e-01,1.241346740617915861e-01,5.550118783726152305e-01,9.504071558032564822e-04,1.653628614234094185e-01
2.677789316178658674e-01,1.205884876318007726e-01,4.882846901082286695e-01,1.368421431719990360e-03,1.219794692103846612e-01
3.940296897845073643e-01,1.470994481655447106e-01,2.405429004939185766e-01,6.515916982121984285e-04,2.176763698578172146e-01
4.420286647806020430e-01,1.470676608785464745e-01,2.227932764912521346e-01,7.340285137260907063e-04,1.873763693358732607e-01
4.228448575295152834e-01,1.307911284064130486e-01,2.382902982824642857e-01,6.953760702048052307e-04,2.073783397114025151e-01
3.556315676768100897e-01,1.130657707624808939e-01,3.530255892859482936e-01,1.325985321261215341e-03,1.769510869534994535e-01
4.629701606455501328e-01,7.443587108616313286e-02,2.622933256243242806e-01,2.022561023926777637e-03,1.982780816200357121e-01
7.114347632162132395e-01,8.189272691612312083e-02,8.942386576910844875e-02,6.498890184509213035e-04,1.165987550801041300e-01
6.555611210500127406e-01,6.867190056005534338e-02,1.080498910231170034e-01,7.704684652098233106e-04,1.669466189016049484e-01
5.722988197122431675e-01,9.437816558424867719e-02,1.832810925059634166e-01,8.074087274609577022e-04,1.492345134700838460e-01
6.306947837304076598e-01,6.847395657270030633e-02,1.561969435759127667e-01,9.021145474688654648e-04,1.437322015735103820e-01
5.336206408869911266e-01,8.777230051224463314e-02,2.147859368428152171e-01,1.155220061673220555e-03,1.626659016962758719e-01
4.494155021822535678e-01,8.886268553889084543e-02,2.093874327071190422e-01,1.031502021138335770e-03,2.513028775505982138e-01
3.884341476893136136e-01,1.225909251602403660e-01,2.816789774889782993e-01,1.047828604152755165e-03,2.062481210573150481e-01
5.694584655567742626e-01,9.530490888664575055e-02,1.386631055533066037e-01,6.980331550724984922e-04,1.958754868482009137e-01
7.435845571132858600e-01,6.167389465869966420e-02,5.413686607878267359e-02,2.357491217848588585e-04,1.403689330274470182e-01
6.646125959878224077e-01,6.470773110926208993e-02,5.463101153863479664e-02,2.846068260544710473e-04,2.157640545382262798e-01
8.241923960298790375e-01,5.380055791702014617e-02,5.620547245888680293e-02,5.045707239492951265e-04,6.529700287026461714e-02
8.682675630424814273e-01,5.650477776930247671e-03,4.691039129704916225e-03,1.314420517347382174e-04,1.212594779991488098e-01
8.138646071753475875e-01,1.320845995317671169e-02,1.093040531472245884e-02,3.379002231047853791e-04,1.616586273336486634e-01
9.274434927851153976e-01,4.347459167558195316e-03,1.469091372541926187e-03,4.192888348213142242e-05,6.669802779130243331e-02
9.772868299443472351e-01,7.348324357005314028e-03,2.051430215814180683e-03,2.952443557494320025e-05,1.328389104725828662e-02
9.917599179280669475e-01,1.193464063863882265e-03,2.896590600247731287e-04,1.039544495812766677e-05,6.746563503086284129e-03
9.796394396092591439e-01,3.255918466959269869e-03,7.353968138343562741e-04,2.924817963709208890e-05,1.633999693030999470e-02
9.708645653251528618e-01,1.895743154419990547e-03,5.904919024647166262e-04,2.836837226930366071e-05,2.662083124569316478e-02
9.746244722130016358e-01,5.216829912333132736e-03,1.365109329638861113e-03,4.377287869988897434e-05,1.874981566632647964e-02
9.861168645478055605e-01,3.981562649899209223e-03,1.145697520730574754e-03,3.493727644319171685e-05,8.720938005121352254e-03
9.878852572550124167e-01,2.699645615285354433e-03,7.506853017404136472e-04,2.671923210016652233e-05,8.637692595861543032e-03
9.939730939375293062e-01,2.816135761998661211e-03,8.035351033785456025e-04,3.079672328888980137e-05,2.376438473804616015e-03
9.954931640805807502e-01,2.979882032629771384e-03,8.676374603681805218e-04,3.052282636933369674e-05,6.287936000519222081e-04
9.905562981716455884e-01,5.660371805130341716e-03,8.305953234799502358e-04,3.346606475617411113e-05,2.919268634987988442e-03
9.941533716584505243e-01,3.368791921659719350e-03,1.096393116981262111e-03,5.390269831368730446e-05,1.327540604594914814e-03
9.959751496280961902e-01,2.656117577530916259e-03,7.896598004945181749e-04,2.673124430770753665e-05,5.523417495707693076e-04
9.971077835484856156e-01,2.161354775898678519e-03,3.840878424499154079e-04,9.895690524385334670e-06,3.368781426415044930e-04
9.980528149057965592e-01,1.518263444741262428e-03,2.303129505378583985e-04,1.052597400361783804e-05,1.880827249205774027e-04
9.968583003622851768e-01,2.575381408060381776e-03,3.390034627747365477e-04,1.112847224968518938e-05,2.161862946299465183e-04
9.990041975714335498e-01,8.347453930740537931e-04,9.727735648041736642e-05,3.613732620484161467e-06,6.016594639156186284e-05
9.961873956074149827e-01,3.146178596005315322e-03,4.859332658794370354e-04,1.690537411999034308e-05,1.635871565802544632e-04
9.970773801294094962e-01,2.500308541460506771e-03,2.913655457003848630e-04,1.084326114227992732e-05,1.201025222873730418e-04
9.963510429398301227e-01,3.172467116339412491e-03,2.869101071477059392e-04,8.413616874076892187e-06,1.811662198085073263e-04
9.952732703373708967e-01,4.183486121283663817e-03,2.882163624721477760e-04,8.899646104853992855e-06,2.461275327683385165e-04
9.982669748975554480e-01,1.423078560222881253e-03,1.217406910346474966e-04,3.915719218604640588e-06,1.842901319684001418e-04
9.943810828523098611e-01,5.002140296669511411e-03,2.777363886809697323e-04,7.371529158895587162e-06,3.316689331807872246e-04
9.992225002567032277e-01,6.459361199456248879e-04,4.972511492004521639e-05,2.511782923751144819e-06,7.932672550715006300e-05
9.989171713969000610e-01,9.125981417126368843e-04,6.916087350852054294e-05,3.465892946900722727e-06,9.760369493180633452e-05
9.973387550981759331e-01,2.407741214819928040e-03,1.191311134901378824e-04,4.674428928272882243e-06,1.296981445855991668e-04
9.988612318118216260e-01,1.005670255769907599e-03,5.738243986269050175e-05,2.615162591042886444e-06,7.310032995481378481e-05
9.981857394152868768e-01,1.601310234001649974e-03,7.302241738195609788e-05,3.345309654903751595e-06,1.365826236745055686e-04
9.925976557864736316e-01,6.736129628602786565e-03,2.695163948382570053e-04,8.006583412663351412e-06,3.886916066726655910e-04
9.946512771081508220e-01,4.545052617734731369e-03,4.113299975452593864e-04,1.077848169386219208e-05,3.815617948755211319e-04
9.949103922226906205e-01,4.190354146397599205e-03,1.838548881962701455e-04,6.224077407651825882e-06,7.091746653078339138e-04
9.931908243706610850e-01,5.643367144376736089e-03,2.439782387112299829e-04,8.535769857653402809e-06,9.132944763934523974e-04
9.931956399804628965e-01,5.935488523034826436e-03,2.707767382127963633e-04,6.620713854667440418e-06,5.914740444349897951e-04
9.958925640088965858e-01,3.563883189773962932e-03,2.133984116714614384e-04,5.506366098924514406e-06,3.246480235590312171e-04
9.907881061498278186e-01,8.388355122502298353e-03,2.855574978907182140e-04,6.292411987314204817e-06,5.316888177920352579e-04
9.857827169129184108e-01,1.233986732160496404e-02,8.353609110517885329e-04,1.345074629326068787e-05,1.028604108131611541e-03
9.835728408046972016e-01,1.443264835887839853e-02,8.575918438930817123e-04,1.520601055652967293e-05,1.121712981974699657e-03
9.862494433813959738e-01,1.207021717645264010e-02,1.175519911153694030e-03,1.886049622023940745e-05,4.859590347774411269e-04
9.659284283564358864e-01,3.054112287754682728e-02,2.716916282172458785e-03,3.550670357985256367e-05,7.780257802650989568e-04
9.752560046332243715e-01,2.234006971669452030e-02,1.471979131573664069e-03,2.522199003425976144e-05,9.067245284731834283e-04
9.317124916728414252e-01,6.340126380008737073e-02,3.711517537764490171e-03,3.822330044155520959e-05,1.136503688865123226e-03
9.469118075617538599e-01,4.863832393200962639e-02,3.738571453860106177e-03,3.629052625225578194e-05,6.750065261240883281e-04
9.923382895816950100e-01,6.830881843063742534e-03,4.931116115056854597e-04,9.216091905750209792e-06,3.285008718298177192e-04
9.922619813053685789e-01,6.810512395664217872e-03,5.543479654969447196e-04,9.354542679859319468e-06,3.638037907903838588e-04
9.957457483117356789e-01,3.813041384843865629e-03,2.156284001420464939e-04,5.246775177739297507e-06,2.203351281006834324e-04
9.893471259834908382e-01,9.621538085753639225e-03,7.630240621138690118e-04,1.199994830740012321e-05,2.563119203341682564e-04
9.924044575493897735e-01,6.887728805648234837e-03,4.536280783468164216e-04,8.567302991101918879e-06,2.456182636240063786e-04
9.886503494108259682e-01,1.031724540107693301e-02,7.444345696044945204e-04,1.143447949796824338e-05,2.765361389948316185e-04
9.846285830882224310e-01,1.408355904148796654e-02,9.909015122515844442e-04,1.634549337516824174e-05,2.806108646628808307e-04
9.764871715180204470e-01,2.137334374670142589e-02,1.687331766107422323e-03,2.436766852724179692e-05,4.277853006434692378e-04
9.762686559891113891e-01,2.102082949448788943e-02,2.008270188211267251e-03,3.139855161411870106e-05,6.708457765752399776e-04
9.872712069807114688e-01,1.001649968927101168e-02,2.361338093873220981e-03,4.917222282462461281e-05,3.017830133195316422e-04
9.854127876028776489e-01,1.132055803233658967e-02,2.878710002904486583e-03,5.444802399051738157e-05,3.334963378907972306e-04
9.922028138647164264e-01,6.540430056544998573e-03,9.968213822492877265e-04,1.704321182013696421e-05,2.428914846691997012e-04
9.837565996621998599e-01,1.437052842185303041e-02,1.335334352992925558e-03,2.057552847222409668e-05,5.169620344820445405e-04
9.483488165954723215e-01,4.189211981464727175e-02,8.900202475470294500e-03,1.094270287627880847e-04,7.494340856473737360e-04
9.882931623808899335e-01,9.189850894366339076e-03,2.241835878483018282e-03,3.838942349565258955e-05,2.367614227649950413e-04
9.846505527216741216e-01,1.263667750144166838e-02,2.341217120323093107e-03,4.309139839418576231e-05,3.284612581666963523e-04
9.811534512167210398e-01,1.610467855922141298e-02,2.356706223578635285e-03,3.349773392976351555e-05,3.516662665493023687e-04
9.399234740924383713e-01,5.249367021347504936e-02,6.775176821763900792e-03,5.631971438159592586e-05,7.513591579412228719e-04
9.750977752892769912e-01,2.134063417148863301e-02,2.899171681979857435e-03,2.794304241233557250e-05,6.344758148420971298e-04
9.713104745980664090e-01,2.536903752859302752e-02,2.421756922233083906e-03,2.216683682530130842e-05,8.765641142820508689e-04
9.131548830256704941e-01,7.739048752532337594e-02,8.240038738384962425e-03,4.634577163581056383e-05,1.168244938985305232e-03
9.570600799798102409e-01,3.753743995141372441e-02,4.768996929993493845e-03,4.147814311752851446e-05,5.920049956650222508e-04
9.880984629400730856e-01,1.023783284805177170e-02,1.293053198427309911e-03,2.350907991101460498e-05,3.471419335367868569e-04
9.641734682647795651e-01,2.392586226434333802e-02,1.131423441242888211e-02,1.938294837912486702e-04,3.926055746570065769e-04
9.493829108391675931e-01,3.367121823345978898e-02,1.619421550642249560e-02,1.824956781944624151e-04,5.691597427556294251e-04
9.917719532536348748e-01,6.044453213614101213e-03,2.020970317302886628e-03,3.974889064469799350e-05,1.228743248033280894e-04
9.857778924380860008e-01,1.213079261880027800e-02,1.881575186166092222e-03,4.607353756105454600e-05,1.636662193866437272e-04
9.194041014526976863e-01,7.396861534850956987e-02,5.560337355774012946e-03,8.483324347700161401e-05,9.821125995416659250e-04
7.316501223395880382e-01,2.457391858760064329e-01,2.043840864049435713e-02,1.540035420450341517e-04,2.018279601866132880e-03
3.843441954409799743e-01,5.599321600553884837e-01,5.389609010233073483e-02,1.346656940666298655e-04,1.692888707234129798e-03
8.900879626710389569e-01,9.661929830094286020e-02,1.204525181964216304e-02,7.771364655913456639e-05,1.169773561816728809e-03
8.149489108338623389e-01,1.552587283407285967e-01,2.663029506913895672e-02,1.220773551743539883e-04,3.039988401095828404e-03
9.608344456268842482e-01,3.300023585378852875e-02,4.517832556924638622e-03,3.472035194917036854e-05,1.612765610453231746e-03
9.770494364322490632e-01,1.802464147950077339e-02,1.392091915974927015e-03,1.965177220303413003e-05,3.514178400072029938e-03
9.888878568858555651e-01,9.375206656402609862e-03,7.544174366748973700e-04,1.177029619596719860e-05,9.707487248709399750e-04
9.514138202546933432e-01,4.442561838937730823e-02,2.595915074239472931e-03,3.268087739044313490e-05,1.531965404299285172e-03
9.591740415030530764e-01,3.697432769005908754e-02,2.893809037986330452e-03,2.981810831051511280e-05,9.280036605910978263e-04
8.516089205314463229e-01,1.344690856229757980e-01,1.216640353328610896e-02,7.317565168766973320e-05,1.682414660604007392e-03
8.576168557632032341e-01,1.292791130671179234e-01,1.090734064178944078e-02,8.084813708416999317e-05,2.115842390805203459e-03
8.380010569104994200e-01,1.479541103144534908e-01,1.119628634623837798e-02,8.043189948820866453e-05,2.768114529320486652e-03
7.236519647374117792e-01,2.496436664684977269e-01,2.140805715174036103e-02,1.134241887687110882e-04,5.182887453581472466e-03
6.758174913513500526e-01,2.958167348524032292e-01,2.132483959755734210e-02,1.122455168405377818e-04,6.928688681848929436e-03
5.806628175566045380e-01,3.748773024675517429e-01,3.641926706456571211e-02,1.873884928481115808e-04,7.853224418429928522e-03
8.574592336631768896e-01,1.252379659779447318e-01,1.260611093898285524e-02,5.997142973719356946e-05,4.636717990158426006e-03
7.047720988819280441e-01,2.633163567939652561e-01,2.472802373521680933e-02,1.023018214046131591e-04,7.081218767485257005e-03
8.974755562096239370e-01,9.024660357229437324e-02,7.706671194767740138e-03,6.542935769689856278e-05,4.505739665617005014e-03
9.804379955293355264e-01,1.640615799065238758e-02,1.577327943881530557e-03,2.206177173571917407e-05,1.556456764394773071e-03
9.463539179950033464e-01,4.570123785832555519e-02,5.050773970140535335e-03,4.234758552547543533e-05,2.851722591005171562e-03
8.748048202168682286e-01,1.095103457201520580e-01,1.194180445554276528e-02,7.513242208085278392e-05,3.667897185356177280e-03
8.959754731755267265e-01,6.612523483818015524e-02,1.039491340644546624e-02,8.303722706621589835e-05,2.742134135278145521e-02
9.479289518751305987e-01,3.207394289418133426e-02,3.537460509596059011e-03,3.725829645108844410e-05,1.642238642464080578e-02
8.905448601527919950e-01,6.396521914144867593e-02,5.202319219813851536e-03,5.184376793610679946e-05,4.023575771800928791e-02
9.401413587383034010e-01,3.614201624743591107e-02,3.004524245248209931e-03,3.048673825944427877e-05,2.068161403075295321e-02
9.888139065864276489e-01,7.717647756055189164e-03,5.537141590657126055e-04,9.473489185686740497e-06,2.905258009265658959e-03
9.987120338015598175e-01,9.128028905881588762e-04,9.511749739241361057e-05,3.306350446754820110e-06,2.767394600128329687e-04
9.982974405786830818e-01,1.358638199364950233e-03,1.725290771970515815e-04,5.912900391760234943e-06,1.654792443631768618e-04
9.976002276115175649e-01,1.955351124239335537e-03,2.639443861639906557e-04,8.552273976743870145e-06,1.719246041023248883e-04
9.987661391478754869e-01,9.347171903769933062e-04,2.157123899589758473e-04,8.394023377480301569e-06,7.503724841122296786e-05
9.989603015478137893e-01,7.426240279749398527e-04,2.095398819408211420e-04,9.466250388801837311e-06,7.806829188178891950e-05
9.966643779301018746e-01,2.294859590719418915e-03,7.825071948163827467e-04,2.759587778405610007e-05,2.306594065783584932e-04
9.975287052231689433e-01,1.327520094979872060e-03,4.252393858424157423e-04,2.554289973956407975e-05,6.929923962692955026e-04
9.961571910224304993e-01,2.430309635075573581e-03,9.073627444967769353e-04,4.464972305347454185e-05,4.604868749438176148e-04
9.902918081944164230e-01,6.272590735332243643e-03,2.712891431870553469e-03,6.867296396796290271e-05,6.540366744127608638e-04
9.880686483428393618e-01,8.546175631797112496e-03,2.828709981323105672e-03,3.999426263369317149e-05,5.164717814066044702e-04
9.877593609451106316e-01,8.659624560846292465e-03,1.875356887095765016e-03,3.428217088527912057e-05,1.671375436061840617e-03
9.961571214806602681e-01,2.639543964644252769e-03,9.036827811071541624e-04,2.339804976328478989e-05,2.762537238251247420e-04
9.963036818404312767e-01,1.762040458401666326e-03,1.310146254292594023e-03,1.003507963031825047e-04,5.237806505714055066e-04
9.969068835645975568e-01,1.390435065631236752e-03,9.095703081012063932e-04,8.171790185520851784e-05,7.113931598148976951e-04
9.956509013336207747e-01,2.434587882277257972e-03,1.323660737009185176e-03,9.179013132391533852e-05,4.990599157688342929e-04
9.980496065095855185e-01,7.527672335225075355e-04,4.725772337652476771e-04,6.038876619599642468e-05,6.646602569307306745e-04
9.982305517485945412e-01,7.727585435973432625e-04,3.438007275755838822e-04,3.886963880896871838e-05,6.140193414235358641e-04
9.949195641040868843e-01,3.048844575145730727e-03,1.100742539655556393e-03,4.582431967093039937e-05,8.850244614408674928e-04
9.987393720826777122e-01,8.394324941708560190e-04,2.966899385327541089e-04,1.461097466151397689e-05,1.098945099569751006e-04
9.957896514670446786e-01,2.683276150877838065e-03,1.251095524989638379e-03,7.137769944363643679e-05,2.045991576442542559e-04
9.923388857158603749e-01,5.158744922649857387e-03,1.955186575450582401e-03,8.200532153707272239e-05,4.651774645021182421e-04
9.421055103138232800e-01,4.145975057567398425e-02,1.267150388556729894e-02,2.359721379594238158e-04,3.527263086975872351e-03
8.868001113366823507e-01,6.138917260632566902e-02,3.884381370279774842e-02,5.710042582852672619e-04,1.239589809590884058e-02
9.683293889450321767e-01,1.987917520317232511e-02,8.511815733453043792e-03,1.238367790360237581e-04,3.155783339306319265e-03
9.614677152804498306e-01,2.839555897622144179e-02,7.115454707215290026e-03,7.497994052335392923e-05,2.946291095590062963e-03
9.348589807625379278e-01,4.871120665420507201e-02,1.282348014727105641e-02,1.046904307298493188e-04,3.501642005255949010e-03
8.949108126327065538e-01,7.071302491370355658e-02,2.860106269540272847e-02,1.839584177835372741e-04,5.591141340403770268e-03
9.114548892809627434e-01,4.475361666017301648e-02,3.162588608224664588e-02,4.282761468092320927e-04,1.173733182980824657e-02
9.115049874970976296e-01,5.035842668834071556e-02,2.223034250625213759e-02,2.895831822427898648e-04,1.561666012606671011e-02
9.226124941367568333e-01,4.693664735663919535e-02,1.453412480928916589e-02,1.727074791998284709e-04,1.574402621811499606e-02
9.539072806129214044e-01,2.376107604793430833e-02,1.148053379786434514e-02,1.108142939031759526e-04,1.074029524737658663e-02
9.506585881227711532e-01,3.103171586984891997e-02,1.102725382505478913e-02,1.356180803430150658e-04,7.146824101982266787e-03
8.875286825208003050e-01,6.912906864301839038e-02,3.180597322927985332e-02,3.348612677429537755e-04,1.120141433915851359e-02
7.997328527021587696e-01,1.141161685100367529e-01,7.011132463016259142e-02,5.098275613112889220e-04,1.552982659633056657e-02
8.077432806365768547e-01,7.805070605006375617e-02,6.077383872243144469e-02,3.699012207515217253e-04,5.306227337017634105e-02
8.974790054596638589e-01,4.981329675159956033e-02,1.778607916224328803e-02,2.078203790118011366e-04,3.471379824748156706e-02
8.894325926702912888e-01,5.020103608571051257e-02,2.630659880151309596e-02,3.303928586254485092e-04,3.372937958385976986e-02
7.691805527991606439e-01,1.102839570456465856e-01,3.595368367973955648e-02,3.178547110292391314e-04,8.426395176442402768e-02
8.464803709841935975e-01,8.884089732588124066e-02,4.412450593896011242e-02,2.615591672927643522e-04,2.029266658367219825e-02
7.868157371915061038e-01,1.283353315475562195e-01,6.856165128212557414e-02,3.073978304712556724e-04,1.597988214834076062e-02
6.011675587407655508e-01,2.607698318530973780e-01,1.151461748572894239e-01,3.125520543874991822e-04,2.260388249446013825e-02
6.357048883532389061e-01,1.487916775636597411e-01,6.420607875866576886e-02,2.310162416274077373e-04,1.510663390828081987e-01
6.332007930837300069e-01,1.337364713102860980e-01,5.290505019315758228e-02,2.877388109199446940e-04,1.798699466019062498e-01
6.996956152785016592e-01,7.123740489651278485e-02,2.192206190770377983e-02,1.601273724918422553e-04,2.069847905447898817e-01
7.972520301560257483e-01,3.231101258991921771e-02,7.888201789030779149e-03,7.974504238984588184e-05,1.624690104226343135e-01
8.382950614031484671e-01,3.995259661639164600e-02,1.332674367833741082e-02,1.274110726160673649e-04,1.082981872295062931e-01
6.874483282556788089e-01,5.797074397958088682e-02,1.561615450518309169e-02,1.431105686864245880e-04,2.388216626908707951e-01
7.067825320356616592e-01,9.674926282973649039e-02,3.053755065351866638e-02,2.629066099494500853e-04,1.656677478711338081e-01
6.404625672087659316e-01,1.688662965989873310e-01,9.503295060913190262e-02,5.294821613864038714e-04,9.510870342172843273e-02
3.474861195415165360e-01,3.203505768954899580e-01,2.632976502546294784e-01,6.253557478863849481e-04,6.824029756047750306e-02
8.031438671647358474e-01,9.315772199844582491e-02,5.539886734126289736e-02,2.986870195703453528e-04,4.800085647598521105e-02
6.640732717408300845e-01,1.854192892614825172e-01,7.479580060052924695e-02,3.257028338627347003e-04,7.538593556329545309e-02
4.396744873721433744e-01,3.742601847258777426e-01,1.252170824975404884e-01,2.909981877532038207e-04,6.055724721668513666e-02
4.875471806691908938e-01,2.577556672716970199e-01,9.504350917257850528e-02,4.081213961888772285e-04,1.592455214903447103e-01
4.183566985699810892e-01,3.331041568223900851e-01,1.364246210083025490e-01,4.610131429738708870e-04,1.116535104563523007e-01
3.193265261084318185e-01,4.015745624366856004e-01,1.579032177886761923e-01,3.141128576493456030e-04,1.208815808085569599e-01
3.650656279200113485e-01,2.600862814181629235e-01,1.365654363500107549e-01,3.436277724248083549e-04,2.379390265393901138e-01
4.364687863562831671e-01,2.441953766039000329e-01,1.904398191642404370e-01,5.962434354217305624e-04,1.282997744401546125e-01
3.794642886395500625e-01,2.344287847837849548e-01,2.134963391751742157e-01,5.213210321738364489e-04,1.720892663693168734e-01
2.883891765111848970e-01,2.379889115387667786e-01,2.927341408792367150e-01,6.596127133993085531e-04,1.802281583574122936e-01
3.937053749662873803e-01,2.133483799056447028e-01,2.651111427767165463e-01,9.887713550728997360e-04,1.268463309962784835e-01
5.133278815592111632e-01,8.777049079246525276e-02,3.427694014648453025e-01,3.230430066931549125e-03,5.290179611654669684e-02
4.435174942180937219e-01,1.184779869262272967e-01,3.768475203657693506e-01,4.565912769059880111e-03,5.659108572084975419e-02
3.875591467529839185e-01,1.773537727088957960e-01,3.774309656247836764e-01,2.780979080102382456e-03,5.487513583323412603e-02
2.375433279329814962e-01,1.482259374159631549e-01,5.089207314643293678e-01,2.412169576236678197e-03,1.028978336104891811e-01
2.473152740794448412e-01,2.088618179749600068e-01,4.484627528472482361e-01,2.062562758618699966e-03,9.329759233972823029e-02
3.904307028330338825e-01,2.093196117156269631e-01,3.186050347451057640e-01,1.699711662563009032e-03,7.994493904367039327e-02
1.108676005481481763e-01,2.400499290826634546e-01,5.945404948427183145e-01,1.099788057297881915e-03,5.344218746917227952e-02
2.374077962456805635e-01,1.717609236625465274e-01,5.138686379672879889e-01,1.891708984979162227e-03,7.507093313950573277e-02
1.879615002232888077e-01,2.230165447616422048e-01,5.112647524575230085e-01,1.842271811494590635e-03,7.591493074605140667e-02
1.649711265930186299e-01,1.834773528717981161e-01,5.694233339500812674e-01,1.774817037517538269e-03,8.035336954758440231e-02
5.912887993605334680e-01,9.514545081475420107e-02,2.643451551760327978e-01,2.047194612447977326e-03,4.717340003623161221e-02
6.172336776142370862e-01,1.163116123500678584e-01,1.899900718338728145e-01,1.225345809259732657e-03,7.523929239256250956e-02
7.704310658589578198e-01,6.022751185916388333e-02,1.009503337353571534e-01,9.300378726626524128e-04,6.746105067385846366e-02
5.022079703853629118e-01,1.261714362335691064e-01,2.704238756082958939e-01,1.134672152726163077e-03,1.000620456200459335e-01
6.519814843545155281e-01,9.116004382295547770e-02,1.750249369293273849e-01,1.101021609489871321e-03,8.073251328371167101e-02
5.511876806757743941e-01,1.259078773366641979e-01,2.297563412073653222e-01,1.417807919263281259e-03,9.173029286093267731e-02
5.748650942985319423e-01,1.327202750414893939e-01,1.806771056083024962e-01,1.085420825933477128e-03,1.106521042257427589e-01
5.568552045304905329e-01,1.556113175466104781e-01,1.487529624975418574e-01,1.095063984868904598e-03,1.376854514404882990e-01
6.120258056546206138e-01,1.299293918194725783e-01,1.027764396212115100e-01,5.681794192224956215e-04,1.547001834854727642e-01
5.876154535423570024e-01,1.612037459147434848e-01,9.079255469133806766e-02,4.000526056211058611e-04,1.599881932459402412e-01
6.646826342077906125e-01,1.094888546985563482e-01,5.913862257973891146e-02,3.776025968396722965e-04,1.663122859170743928e-01
7.466571086297065785e-01,8.119266184760517979e-02,6.490530232743164929e-02,4.606913937923357060e-04,1.067842358014642612e-01
7.452183643882832609e-01,8.776482756128158036e-02,5.337192972652195222e-02,4.366878451059148293e-04,1.132081904788072857e-01
5.805408108867571304e-01,1.790512908392815350e-01,1.205403534514189884e-01,6.624150974898179419e-04,1.192051297250525665e-01
5.740120570431543889e-01,1.478339922380220994e-01,6.363421797392812551e-02,2.919324767931159577e-04,2.142278002681022586e-01
4.967189301262216472e-01,1.955499222852346286e-01,9.853073911593307477e-02,5.571570068810139525e-04,2.086432514657297066e-01
5.674767724404830016e-01,2.070352704153456680e-01,8.321802948598873428e-02,3.004612607673880112e-04,1.419694663974152005e-01
5.604380869215949135e-01,1.409765233904655968e-01,1.007845278402624556e-01,4.876796243619062831e-04,1.973131822233151200e-01
6.126792570580150699e-01,1.369859965575535576e-01,1.276181393266858088e-01,7.268567951379439939e-04,1.219897502626076519e-01
5.830963771101467241e-01,1.753330596924202456e-01,1.173339162191014001e-01,5.632475958221247209e-04,1.236733993825093608e-01
6.354895075166925311e-01,1.181535513606663673e-01,1.824578199533382628e-01,1.313400146950196960e-03,6.258572102235268608e-02
5.295743986827171623e-01,1.254733329915740103e-01,2.373142504148818277e-01,1.420050440899165009e-03,1.062179674699279402e-01
8.151948265895417878e-01,7.486760316084432876e-02,7.019501169322302225e-02,6.553472397884682957e-04,3.908721131660232440e-02
9.095457216632745201e-01,4.375689070704764233e-02,3.598057658679332943e-02,6.416667412799298463e-04,1.007514430160455846e-02
9.630087853997031377e-01,1.207825426952481400e-02,5.974805049255017299e-03,2.180397913370535064e-04,1.872011549018006218e-02
9.801449915998817763e-01,6.653385152226105360e-03,2.207614734916000555e-03,9.745805428674426322e-05,1.089655045868924074e-02
9.436316565358218167e-01,2.245517991725143325e-02,4.337349385391571846e-03,9.744812017897062245e-05,2.947836604135621597e-02
9.227035876575844231e-01,3.150194359727123000e-02,1.017434172283380837e-02,1.976519055291576208e-04,3.542247511678134342e-02
