1.651072354932440200e-01,3.118121372323315321e-02,9.517250257096072918e-02,2.504259049978322521e-02,6.834964577127788932e-01
9.244102450770845802e-01,1.289992232703690220e-02,1.399194669140552127e-02,1.724881712614930547e-03,4.697300419185811149e-02
6.115119107138765608e-01,1.377812977177870699e-02,3.471639016308158271e-02,4.128404681331737137e-03,3.358651646699313265e-01
8.415966133558470119e-01,5.180182181016530947e-03,1.706206026530767902e-02,3.399863695397275284e-03,1.327612805024317721e-01
9.772756663095311103e-01,2.086066086665484820e-03,3.724989895590330793e-03,1.024945423154383908e-03,1.588833228505856163e-02
9.778418825572013917e-01,2.844025680945270682e-03,8.147198071801770719e-03,2.546680481473011584e-03,8.620213208578588263e-03
8.150045174559885641e-01,1.601195740912527560e-02,8.492003910848541781e-02,1.236815367138803350e-02,7.169533235501254764e-02
7.679450672616002782e-01,2.948778791945871891e-02,8.351447457531380181e-02,6.258588309369026749e-03,1.127940819342581891e-01
7.414813275971359197e-01,3.088200844763459504e-02,9.187530771452435963e-02,4.870452099589493711e-03,1.308909041411155383e-01
7.008895067615583674e-01,9.100868407622732248e-03,1.346845820726619118e-02,1.377035308565815455e-03,2.751641313149868484e-01
8.491490410016825363e-01,1.411036752541260098e-02,2.329664795646161149e-02,1.427181311803161004e-03,1.120167622046401301e-01
7.594155491630298904e-01,6.264455189006154501e-02,4.769772344430734529e-02,9.133581229084861966e-04,1.293288173796929008e-01
8.528355037998056609e-01,4.051705281583576485e-02,2.840649886187904261e-02,4.592086281817624248e-04,7.778173589429782098e-02
8.881767896598418144e-01,7.124052307631945601e-03,7.465818743910621405e-03,5.239261331011846670e-04,9.670941315551428996e-02
9.390659912366330353e-01,1.051680035683766334e-02,1.322036037238868283e-02,8.846722307727187271e-04,3.631217580336797146e-02
9.714272901339149335e-01,3.204679650133404351e-03,6.523959140131162064e-03,7.674021858608283918e-04,1.807666888995954763e-02
9.658887264234872205e-01,7.630532387985721442e-03,1.722201716900744611e-02,2.287927082587145819e-03,6.970796936932446147e-03
9.311523263873159317e-01,7.913960891695902278e-03,2.886716675412222613e-02,6.227923593809703458e-03,2.583862237305627196e-02
9.553617191905741102e-01,9.275092093058816267e-03,1.699654730836490032e-02,1.568343629967402283e-03,1.679829777803480695e-02
9.805731540005910851e-01,4.917185531811151672e-03,6.330037215221324433e-03,7.785204965622765337e-04,7.401102755814263287e-03
9.882553405787553036e-01,2.090449954172747191e-03,2.910509033196680140e-03,6.497521761568687913e-04,6.093948257718368421e-03
9.666038224114457122e-01,5.831733924248680596e-03,4.853429443421759630e-03,5.807542674104906183e-04,2.213025995347333436e-02
9.746918214016188076e-01,6.262222095571302188e-03,4.524101305488219781e-03,3.801056235291397725e-04,1.414174957379268037e-02
9.706074785157531304e-01,5.875053279651577809e-03,5.031893183812070555e-03,4.395023093304678509e-04,1.804607271145270558e-02
9.248341595254510050e-01,2.707309526502407748e-02,1.341536300934301727e-02,3.956223640239828741e-04,3.428175983615789485e-02
8.291998779745207715e-01,6.287528009763279635e-02,2.687866043159170895e-02,3.196349683994029948e-04,8.072654652785508922e-02
6.463072234083387935e-01,1.807877639519957780e-01,1.053856558039604069e-01,4.638906674959132571e-04,6.705546616820892702e-02
6.146910158502870702e-01,1.693982217057909967e-01,1.482283742260636361e-01,3.723422246165971391e-04,6.731004599324151572e-02
6.421202690279309566e-01,1.735350581682170157e-01,1.139426369171816084e-01,2.930724242375592147e-04,7.010896346243297717e-02
6.228748406979461860e-01,1.551925908415381083e-01,1.465614219538132756e-01,3.378374843397306598e-04,7.503330902236265976e-02
3.766889283809837230e-01,3.433848593546127148e-01,2.166447597617645049e-01,3.265046100641419207e-04,6.295494789257499724e-02
5.240000793348507102e-01,2.351040936350878297e-01,1.889762268085659058e-01,3.692078823850864161e-04,5.155039233911042074e-02
4.994776193379949492e-01,2.023187329075283036e-01,2.110829198763460035e-01,4.181047005286017411e-04,8.670262317760224491e-02
5.538992710097384586e-01,1.875042770233540657e-01,1.832305347693160280e-01,5.149055502693697470e-04,7.485101164732210766e-02
6.198784591479706840e-01,1.654989456345133392e-01,1.755004298499200643e-01,7.875132163629356991e-04,3.833465215123300213e-02
7.994696927981567169e-01,5.992658441923499196e-02,7.070374167960628842e-02,7.807517722718110547e-04,6.911922933073004482e-02
8.738012682087860084e-01,2.393176538815055057e-02,3.542095549267949145e-02,1.020505720021835233e-03,6.582550519036223236e-02
5.660011065982859524e-01,1.957689475506936838e-01,1.347224414293549666e-01,1.734162930415932263e-03,1.017733414912494333e-01
7.656478718548042073e-01,5.098986778114549673e-02,1.241419304140092550e-01,9.098992197451978570e-03,5.012133775258926366e-02
8.438973608349765732e-01,2.819677635970111590e-02,7.126765519851188668e-02,8.642483043491029637e-03,4.799572456331941545e-02
8.625778307640760145e-01,1.968795430130411070e-02,8.561631083311339874e-02,9.941876912297224408e-03,2.217602718920903479e-02
7.101926114734273821e-01,4.105197541380001952e-02,1.736734877509659991e-01,1.272614376875542269e-02,6.235578159305103091e-02
8.723423818079595327e-01,2.182495860472137214e-02,8.023869474651978972e-02,1.375094790009354778e-02,1.184301694070583055e-02
8.454617362002430081e-01,1.928972207238824343e-02,9.253658503171469096e-02,2.947876258864901358e-02,1.323319410700496586e-02
8.285597468369871876e-01,1.663081078075353755e-02,1.161359286282845488e-01,2.779034333150469382e-02,1.088317042247007559e-02
9.299587287622718135e-01,6.586670432530327725e-03,4.181145213652903703e-02,1.190060034776596436e-02,9.742548320902856551e-03
7.227600929477668856e-01,2.334815094290030799e-02,2.076119321438001930e-01,2.801088956413109315e-02,1.826893440140154104e-02
6.262209270885328305e-01,2.774676682654813459e-02,3.133446982166920303e-01,2.203128321600936537e-02,1.065632465221768264e-02
5.422133834467132152e-01,8.447360874469486691e-02,2.929114258275460903e-01,6.546930992635181801e-03,7.385465098841065279e-02
6.443755412359466472e-01,6.024042719565110560e-02,1.981434315320596551e-01,4.909352126184310904e-03,9.233124791015817623e-02
8.159869266300610047e-01,1.556255259622174592e-02,1.364508265409596355e-01,1.386814700472464683e-02,1.813154722803301394e-02
6.774425129890295771e-01,5.348186463598154916e-02,2.126102437284254076e-01,7.149486185317678773e-03,4.931589246124596509e-02
6.779306842749209805e-01,8.516503986694587414e-02,1.884697901307499646e-01,3.255525822729529034e-03,4.517895990465367606e-02
7.775236104675424809e-01,6.027805791815823988e-02,1.293348625223576243e-01,1.712128733812947300e-03,3.115134035812876928e-02
6.626015777094043102e-01,8.762036247391541410e-02,1.871828662955018208e-01,1.601199871704389859e-03,6.099399364947418606e-02
5.490343260749155352e-01,1.520457883088313922e-01,2.235139068752368119e-01,1.446964617566023729e-03,7.395901412345017023e-02
5.028291608792538891e-01,1.181681369834588907e-01,2.557363206257488031e-01,2.003831294072237236e-03,1.212625502174661668e-01
4.538507591935665997e-01,1.693936974107450866e-01,2.325100916765247827e-01,1.412870230362907667e-03,1.428325814888006251e-01
6.206003284690738697e-01,1.472011867859820411e-01,1.768143995141324698e-01,8.650053938204517977e-04,5.451907983699115501e-02
6.527523910000241347e-01,1.158648495438296816e-01,1.734876117033154475e-01,1.007552657222729247e-03,5.688759509560805533e-02
8.411019652857221196e-01,3.172017407905093622e-02,6.841535227134154518e-02,6.588570990408476775e-04,5.810365126484436094e-02
8.884006611053794078e-01,2.115622305965291633e-02,7.246510668901594288e-02,1.214605060120054879e-03,1.676340408583174013e-02
9.092041875206910984e-01,1.721953109643565433e-02,6.159350723151134355e-02,1.204375661607264784e-03,1.077839848975465156e-02
8.239611012051792915e-01,2.893506674871582432e-02,1.108098563328695219e-01,1.481013255690177138e-03,3.481296245754513657e-02
8.172467137787148284e-01,4.344689468584966158e-02,1.016434573294865279e-01,1.128618649706646191e-03,3.653431555624231386e-02
7.042055944622158670e-01,5.775791410990208791e-02,1.898908145999675112e-01,1.682623453540870286e-03,4.646305337437382776e-02
8.772739375558272767e-01,3.081147241297244738e-02,7.733610356073772341e-02,1.298379887491866568e-03,1.328010658297065945e-02
9.067322746527936017e-01,1.940633172195998027e-02,4.096622642620895843e-02,9.715493945314079144e-04,3.192361780450605341e-02
9.628594674762671612e-01,8.040217921732319487e-03,1.237517932292525429e-02,3.944080224835595653e-04,1.633072725659168167e-02
9.844671137109446413e-01,4.629441308657299137e-03,4.317700872907522143e-03,1.652311832297613916e-04,6.420512924260736269e-03
9.793277576976868737e-01,9.005497016977687813e-03,6.313140314415276871e-03,1.579720092255262247e-04,5.195632961694709485e-03
9.798646428448815060e-01,5.475632437597016157e-03,1.239229034821901290e-02,6.128262624988297649e-04,1.654608106803638103e-03
9.870354555394051932e-01,4.951902615136729961e-03,6.247222527334275397e-03,1.911490566061692104e-04,1.574270261517604023e-03
9.960444957861729343e-01,1.528176881122113653e-03,1.778110404275810375e-03,8.117608363653562782e-05,5.680408447928038699e-04
9.967374731849969471e-01,8.942341926482411541e-04,1.789572087631740964e-03,1.543534587776986965e-04,4.243670759454507046e-04
9.965269955501105947e-01,1.370372197356066512e-03,1.722999762559579949e-03,9.955016340215936440e-05,2.800823265715371934e-04
9.985481396236002283e-01,7.525174212218584645e-04,5.614687444403745507e-04,2.230404320663507275e-05,1.155701675310297184e-04
9.973963407072555798e-01,1.040073273771599657e-03,1.217482953102040633e-03,5.227191958291545220e-05,2.938311462879561269e-04
9.967338764533806295e-01,1.473197334501494737e-03,1.364117685825795437e-03,5.979567042061568262e-05,3.690128558714611561e-04
9.946217379211484966e-01,1.920540418321495160e-03,2.142727137773599473e-03,9.593967012006337993e-05,1.219054852636330261e-03
9.949884522657216346e-01,1.818061390472269258e-03,2.136182224021048164e-03,9.141033105108272686e-05,9.658937887339822097e-04
9.964024192791653967e-01,1.480138906334136631e-03,1.183119177906693121e-03,5.143507755501380060e-05,8.828875590388049997e-04
9.953615577151726512e-01,2.109245036133679425e-03,1.678168318714861424e-03,6.518640343502087313e-05,7.858425265437255338e-04
9.949292672087501899e-01,1.821119693887012251e-03,2.479738096775011176e-03,1.248846132464857567e-04,6.449903873410932440e-04
9.984408640923045919e-01,5.622855170662064079e-04,6.661734278688387139e-04,5.167279015292738421e-05,2.790041726075229069e-04
9.956526771962785904e-01,1.311093359504306253e-03,2.160285838950266532e-03,1.508510013095174321e-04,7.250926039575517111e-04
9.984038065235593118e-01,5.128583734719362533e-04,4.098047194636247935e-04,3.401890596368606812e-05,6.395114775415430353e-04
9.973839879038225442e-01,1.067873242913163108e-03,7.885549718101851797e-04,5.402973717092730832e-05,7.055541442832882803e-04
9.966691322566237909e-01,1.075461835700220609e-03,1.257293544093472789e-03,9.641088221786727516e-05,9.017014813646602412e-04
9.946451827565888637e-01,1.702940602039572718e-03,2.712503264967147405e-03,1.630380803945800515e-04,7.763352960098625225e-04
9.971425182729900527e-01,1.110846463851967222e-03,1.286685923006240101e-03,7.855926615312199359e-05,3.813900739986420181e-04
9.981526969969336527e-01,6.689217406139814394e-04,4.930933984734251581e-04,4.078164392656865689e-05,6.445062200525322792e-04
9.974200351681720145e-01,9.171529083890820168e-04,6.855181590856013326e-04,8.294431892532623605e-05,8.943494454281004490e-04
9.971502857164137312e-01,1.353149794004394457e-03,7.741914149613060136e-04,1.098010285449023372e-04,6.125720460756498356e-04
9.991004287184239718e-01,5.333966759098812335e-04,2.089822568348933857e-04,2.496257697324427995e-05,1.322297718581634139e-04
9.990630498488592970e-01,6.141837212983518009e-04,1.817451341253645443e-04,3.141477930480050861e-05,1.096065164122680578e-04
9.985448532874018346e-01,9.187460906431093536e-04,3.502746613432317795e-04,5.811680100797001933e-05,1.280091596036914288e-04
9.975406321911325369e-01,9.837997702423777364e-04,9.417399139532438464e-04,2.870315840458368501e-04,2.467965406259290339e-04
9.973965482934854521e-01,1.162816464585801363e-03,6.569608238450025785e-04,1.895446865915147215e-04,5.941297314922735356e-04
9.924122006153464071e-01,1.746513677493028360e-03,3.027952241193425029e-03,2.549428511784382952e-03,2.639049541827404423e-04
9.765392349989769905e-01,7.505020682675377867e-04,3.917488278185297067e-03,1.858544029050349100e-02,2.073343640665332587e-04
9.867219318086909441e-01,1.336566587457667333e-03,2.071846615121152816e-03,9.024530171216854288e-03,8.451248175133120859e-04
9.905711791778882835e-01,3.981828612663782310e-03,2.803593293424793634e-03,1.618870292793441953e-03,1.024528623229651290e-03
9.825553135612247191e-01,1.855793919737941952e-03,5.660740703304485005e-03,9.597262146363003815e-03,3.308896693699101498e-04
9.925549067169684436e-01,1.706730832418312718e-03,2.461026555164436830e-03,3.060696105193422452e-03,2.166397902553732083e-04
9.955090196654883261e-01,8.869372128639191680e-04,1.320893095621698127e-03,1.880834581034517873e-03,4.023154449915148138e-04
9.606979316250623402e-01,5.137506809307451801e-03,2.227599692368700812e-02,1.093750194669301963e-02,9.510626952500923293e-04
9.810240837086923182e-01,3.635061233809742595e-03,1.010727998563449963e-02,4.383649921435615188e-03,8.499251504278217476e-04
9.847539450014740625e-01,4.352229934911618602e-03,5.258468549193535783e-03,1.338973905516744082e-03,4.296382608904050944e-03
9.940598046326585280e-01,2.805575362267146659e-03,1.961799672457334789e-03,2.882404143452969424e-04,8.845799182716602375e-04
9.965315713836576661e-01,1.947632805893086995e-03,1.017963797888981215e-03,1.985009996335356972e-04,3.043310129266939192e-04
9.986049314941883859e-01,7.176594487108047806e-04,4.098278395619482065e-04,1.253591729191080590e-04,1.422220446198139282e-04
9.953090407198050826e-01,2.192587564790842315e-03,1.065307653770525276e-03,2.210805066040184104e-04,1.211983555029516515e-03
9.963014486903880584e-01,1.064039382802866359e-03,6.942375153822760280e-04,1.586587368942457890e-04,1.781615674532740709e-03
9.982326875848644976e-01,7.244843428935817580e-04,5.433658164340095633e-04,1.012012477960253935e-04,3.982610080120176587e-04
9.966117958936687726e-01,2.096677520710581340e-03,7.101492592018715348e-04,9.486207655016331728e-05,4.865152498686509705e-04
9.979075299988775516e-01,1.494748084996059406e-03,3.353166278665597956e-04,2.976872887019484131e-05,2.326365593894757263e-04
9.940214610310151855e-01,4.409035789065218064e-03,8.932405568677726036e-04,4.735393911626311969e-05,6.289086839355125707e-04
9.958099858425357720e-01,2.050408696797421937e-03,1.148123962363293464e-03,1.172826578453189152e-04,8.741988404581047716e-04
9.929087724220801991e-01,3.941433220245559900e-03,1.928401224846756391e-03,2.240987701614587449e-04,9.972943626660819762e-04
9.754647683138154557e-01,1.421983265697622338e-02,7.431127888030623907e-03,3.122954492761012167e-04,2.571975691901574879e-03
9.555856087620037131e-01,3.270261202620934615e-02,8.735479431478612375e-03,1.854916675184655817e-04,2.790808112789820977e-03
9.576988741671462746e-01,3.454785524012819742e-02,5.953076900202794973e-03,8.191912364700529954e-05,1.718274568875746309e-03
9.196854975479190619e-01,6.692036650095130323e-02,1.132167411421666249e-02,6.983280445750505050e-05,2.002629032455411316e-03
9.043728267258559494e-01,8.333021003666615800e-02,1.050276890574449416e-02,5.295923079314345227e-05,1.741235100940173586e-03
8.009445050419427004e-01,1.761851284711774546e-01,1.976871494586828273e-02,8.518401274730150836e-05,3.016467528264345135e-03
8.806926302474783474e-01,9.966599801628954480e-02,1.769327629376060002e-02,9.105977736211869642e-05,1.857035665109336682e-03
9.312939179132211365e-01,5.651586705060848703e-02,1.136054857923784848e-02,7.522992999211040128e-05,7.544365269403276739e-04
8.800892728489976280e-01,1.033627540323267535e-01,1.497483407342455747e-02,7.525340832854319790e-05,1.497885636922686482e-03
8.725530728560908500e-01,1.081862329505615117e-01,1.750503008427240978e-02,7.451246332165997635e-05,1.681151645753472482e-03
9.218500908967358631e-01,5.996733203663412448e-02,1.636242998234819362e-02,1.009531607264645207e-04,1.719193923555441695e-03
9.143836554265154515e-01,6.699273822892773400e-02,1.611889662847602184e-02,1.026591833368800547e-04,2.402050532743815400e-03
7.536471100202172257e-01,1.883636423704372342e-01,5.067609911756457142e-02,1.944164780954748747e-04,7.118732013685396577e-03
4.820094851760046706e-01,4.021020392463765525e-01,1.042136832029789129e-01,2.176715825877534674e-04,1.145712079205207096e-02
6.751858810111768250e-01,2.467733852568889663e-01,7.014591730661677571e-02,2.210948446336119338e-04,7.673721580683782843e-03
6.590879460691363434e-01,2.440840193723234908e-01,9.096207530772563998e-02,2.031266848293724161e-04,5.662832565985142022e-03
4.180525019930073083e-01,4.470221297896915802e-01,1.246909756935127706e-01,2.065311197332282743e-04,1.002786140405505753e-02
4.267774482244126588e-01,4.397510492680649641e-01,1.140796269716185807e-01,2.191230389102345950e-04,1.917275249699362111e-02
4.341675531989050985e-01,3.684885405897915245e-01,1.832349548621765856e-01,3.380108904458730941e-04,1.377094045868079535e-02
5.334489052034617762e-01,2.650101381603406914e-01,1.884008465790056597e-01,5.162904040520996992e-04,1.262381965313972253e-02
3.911799422099020984e-01,4.067279286026113105e-01,1.736402196515976770e-01,4.939252639701488925e-04,2.795798427191888147e-02
2.671846078419413129e-01,4.093789120766242462e-01,3.136556228020598858e-01,4.730692429345889020e-04,9.307788036439890167e-03
7.825855234898149160e-02,4.543309767850484127e-01,4.624164504756874128e-01,4.068678653091027924e-04,4.587152524973656283e-03
2.699905090892053550e-01,2.839052457151505227e-01,4.405876121745033736e-01,6.121699107425609835e-04,4.904463110398165834e-03
3.956606456126166571e-01,2.920387946736175411e-01,3.067908592614053132e-01,5.974502991800120571e-04,4.912250153180479535e-03
1.526149247222386707e-01,4.746649841870762554e-01,3.663843659398134944e-01,5.132357700346129115e-04,5.822489380837072952e-03
2.494083773299630158e-01,4.157081876668510811e-01,3.290282101419543803e-01,5.020381162029691289e-04,5.353186745028590265e-03
3.545314568259346766e-01,3.756696220486109850e-01,2.628670607647517476e-01,4.610632312985352295e-04,6.470797129404064207e-03
1.005093743228354652e-01,5.070510869312165880e-01,3.753252251451380528e-01,3.947461881989076482e-04,1.671956741261096391e-02
1.078841059376633854e-01,4.341692964440640456e-01,4.440076500259351189e-01,6.349075720025329972e-04,1.330404002033499719e-02
1.367604434254648393e-01,4.307044523114754719e-01,4.066104025962644641e-01,5.149590617205941851e-04,2.540974260507463875e-02
4.259726152573626301e-01,2.730158786869065768e-01,2.926734192259392020e-01,5.242926940892171867e-04,7.813794135702262569e-03
3.160276988562082945e-01,3.409662527315073799e-01,3.375455337715764226e-01,4.992008376235608893e-04,4.961313803084446347e-03
3.280248087057082151e-01,4.274329256852926195e-01,2.349948674620910005e-01,5.049107462403499115e-04,9.042487400667808053e-03
1.639038279057695724e-01,5.321855334855074560e-01,2.940300712733593946e-01,5.300426621686636424e-04,9.350524673194969202e-03
6.537959384462366241e-02,5.912155948129077521e-01,3.335223638158031356e-01,3.537177586014844471e-04,9.528729768064068614e-03
7.934394200140509890e-02,4.521674227310846783e-01,4.573836582876304457e-01,6.640018895109598990e-04,1.044097509036873150e-02
3.719807937532407793e-01,3.647405018004124533e-01,2.540671705033820671e-01,5.023094349725208295e-04,8.709224507992175887e-03
7.718291220945462661e-02,4.378494121960618823e-01,4.799963487342480128e-01,5.324617764981469468e-04,4.438865083737258618e-03
1.039467205441258757e-01,3.556376892855260818e-01,5.347069999542364283e-01,5.991188597590002595e-04,5.109471356352633144e-03
2.515936914365355381e-01,3.074496394276880484e-01,4.343848473480314554e-01,4.671971131840664819e-04,6.104624674560853691e-03
1.897655523504873654e-01,4.365200845851543443e-01,3.660855366250245213e-01,4.430745662443724155e-04,7.185751873089511049e-03
6.803693553730870425e-02,4.555785391304306708e-01,4.710647389893201642e-01,3.831209688123061270e-04,4.936665374128223864e-03
1.147293145068085246e-01,5.168764838099837444e-01,3.553554316891702758e-01,5.574690942367598869e-04,1.248130089980071036e-02
2.289164013276264176e-01,4.508674308930727403e-01,3.044476879001520309e-01,5.386843480516894603e-04,1.522979553109706820e-02
9.586492905142651733e-02,5.309762924387078087e-01,3.565748259684101140e-01,4.377810541894375392e-04,1.614617148726616921e-02
1.974126303358796908e-01,4.083491293208660888e-01,3.770658752763375587e-01,5.820160966240216964e-04,1.659034897029274327e-02
7.101212953354912871e-02,3.399008768985858353e-01,5.804974783429600604e-01,6.265099920831374578e-04,7.963005232821835158e-03
4.514977490997869325e-02,3.932937687148725936e-01,5.520067753162820612e-01,3.579197860776118568e-04,9.191761272789051446e-03
4.329878618435974158e-02,4.155926126403498011e-01,5.326023071667469466e-01,2.472701996719478762e-04,8.259023808871628416e-03
3.524464442087706095e-02,3.132734802169012123e-01,6.441052688103600099e-01,4.290023371365025767e-04,6.947604214725386362e-03
2.221740212090051250e-02,2.586879030152567371e-01,7.151321923146334303e-01,3.510892555307925018e-04,3.611413293678481656e-03
5.402344097932929023e-02,2.154940599740385876e-01,7.262355713838178906e-01,5.194947692835109269e-04,3.727432893530891345e-03
6.994934754430895407e-02,2.340731347093733539e-01,6.924933888029123352e-01,5.369230626306293296e-04,2.947205880774656384e-03
3.734583777506982755e-02,2.018115516045399238e-01,7.574397752724217892e-01,4.889566412519035996e-04,2.913878706716534640e-03
2.565646943824719667e-02,1.914572532448901021e-01,7.791185939199598565e-01,5.634524330857713318e-04,3.204230963817078417e-03
6.707498439725882722e-02,2.273006468887525111e-01,7.013250521022056372e-01,8.623215632587829171e-04,3.436995048524159931e-03
4.875691510240935667e-02,2.685468076787745906e-01,6.783913284987379555e-01,6.053143475816902350e-04,3.699634372496552522e-03
4.233434245261699647e-02,2.958385373704405241e-01,6.570840153219682511e-01,3.972693891037049388e-04,4.345835465870538476e-03
2.105507234577912168e-02,2.365206397649032288e-01,7.399209916776000595e-01,3.784880181517645548e-04,2.124808193565863590e-03
2.395750658310521683e-02,2.358699533728520481e-01,7.382842989181173099e-01,3.557055955980460314e-04,1.532535530327221391e-03
2.936611083648876450e-02,2.810918239621741921e-01,6.879334431398389516e-01,3.835591753287970044e-04,1.225062886169317683e-03
1.141735350388618786e-02,2.920624694930887277e-01,6.946563434508883361e-01,3.170652876094831054e-04,1.546768264527054572e-03
1.019246872436862031e-02,2.480324377807121283e-01,7.397262580769423668e-01,3.809610996774147329e-04,1.667874318299569390e-03
9.456638117272930799e-03,2.561488532912510885e-01,7.322683710304329630e-01,3.027794530083576419e-04,1.823358108034726314e-03
1.022489156972824012e-02,2.711459220904948730e-01,7.154752497099482467e-01,3.697244516650703477e-04,2.784212178163556276e-03
1.013471857661006267e-02,3.320124081475017697e-01,6.541764950988643301e-01,3.279609573079153638e-04,3.348417219716066321e-03
1.522937457437096263e-02,3.973764570250002959e-01,5.773088978453356779e-01,3.479608174161239603e-04,9.737309737876989960e-03
4.029622526642532426e-02,4.045698408114912770e-01,5.432958456871668229e-01,3.974395740606985819e-04,1.144064866085575151e-02
1.807838433264592065e-02,4.208493459544800364e-01,5.506374484979305040e-01,3.337696237150105565e-04,1.010105159122864221e-02
1.185226448982120220e-02,3.147074916527813904e-01,6.627098787303007388e-01,3.747570048093671279e-04,1.035560812228722080e-02
1.520123555887683414e-02,3.476845938894796428e-01,6.096125786302253324e-01,4.460482053287165901e-04,2.705554371608948766e-02
7.907406479545377870e-03,2.550124750370297844e-01,7.288590456852999111e-01,3.629201909902839466e-04,7.858152607134514731e-03
6.721454097241696436e-03,3.026076366056864031e-01,6.820775737739003253e-01,3.701438635857121876e-04,8.223191659585781313e-03
5.613771752435240021e-03,3.113618352493618402e-01,6.743923575799001258e-01,3.035406859036886480e-04,8.328494732399058589e-03
4.750590495619437699e-03,2.528242574206825966e-01,7.318210722487468178e-01,4.658023366572395445e-04,1.013827749829388294e-02
6.611121689961855195e-03,1.736852847396743449e-01,8.119278030136084512e-01,9.299525791549985388e-04,6.845837977600321457e-03
7.334360179202966540e-03,1.739714076445337820e-01,8.115513896196242527e-01,6.072181971368359075e-04,6.535624359502053421e-03
6.242862098460689319e-03,1.693331999536548116e-01,8.175526861826581948e-01,5.416625446638992066e-04,6.329589220562444225e-03
1.173578471580722371e-01,3.599754572984742995e-01,5.003742691219469352e-01,6.900782639375497695e-04,2.160234815756893745e-02
8.187274769318921841e-01,1.101515534183479111e-01,5.549942335984830999e-02,1.748765094704422308e-04,1.544666978044128940e-02
7.439176961939801824e-01,1.283140064883541431e-01,1.112981314059756227e-01,9.538335686471968895e-04,1.551633234304269394e-02
6.124213622150548320e-01,1.772447920366398699e-01,2.005833766148042152e-01,1.175870020747172510e-03,8.574599112753837973e-03
4.570344527149554081e-01,2.631245154529118224e-01,2.685234359767116330e-01,1.121193282391834889e-03,1.019640257302931695e-02
3.182258612761258432e-01,3.063045163209493493e-01,3.437553428672223688e-01,1.065036415975450373e-03,3.064924311972692592e-02
6.415630049762702791e-01,9.621742453942365436e-02,2.290466975548454409e-01,1.846534428424384446e-03,3.132633850103620082e-02
8.371571150437590036e-01,3.065490837634646248e-02,1.188326313789490885e-01,6.211131804167129532e-03,7.144213396778290731e-03
7.636026960976621814e-01,5.020169857627942989e-02,1.555502039912540768e-01,6.562416039249445443e-03,2.408298529555497405e-02
9.861362192264423454e-01,3.917565592119228238e-03,6.182928758195900022e-03,4.996012918369218325e-04,3.263685131405660335e-03
9.270278802922874428e-01,4.457947826919806365e-03,8.868956168915767546e-03,1.227881335747265604e-03,5.841733437612968427e-02
9.166874646490887901e-01,8.658131001998525811e-03,1.166412050184931562e-02,1.190618606657578397e-03,6.179966524040578918e-02
9.516407964644385542e-01,5.169401657167654179e-03,6.071220001781573589e-03,1.018407292627388720e-03,3.610017458398488005e-02
9.519899719384817827e-01,5.852452098173296924e-03,4.480714085797505609e-03,5.392189037524595333e-04,3.713764297379487656e-02
9.677294207945829063e-01,2.212250912519590947e-03,1.502022534898884727e-03,3.397254130536018785e-04,2.821658034494499076e-02
9.752984273538084503e-01,1.965802776151711912e-03,1.071558514170975560e-03,2.043644990631741519e-04,2.145984685680567966e-02
9.916593531446158405e-01,1.719399431426757311e-03,2.325430614942584993e-03,9.789208014424736776e-04,3.316896007572375620e-03
9.964371600447802235e-01,9.691847791735609544e-04,1.374901682597983767e-03,8.083733317671387524e-04,4.103801616811359387e-04
9.873214476508430648e-01,2.239893422662314615e-03,5.110249090429872659e-03,4.941195283460634094e-03,3.872145526041009160e-04
9.896990252263028198e-01,6.122790580259951550e-03,3.033971873434805708e-03,5.746654742052262213e-04,5.695468457972959007e-04
9.778685694895331570e-01,1.530977409266827578e-02,5.429256487725271987e-03,3.534468510153409779e-04,1.038953079057959410e-03
9.902616552252840876e-01,1.415140353012434883e-03,3.530221989670461521e-03,4.537394731564549540e-03,2.555877004684623042e-04
9.583926478302009500e-01,3.899123854395673133e-03,1.709161758799598169e-02,2.000985876990368784e-02,6.067519575037490231e-04
9.732957142938923889e-01,1.902444806337395388e-03,1.132910490444122460e-02,1.319292167816445149e-02,2.798143171647091295e-04
9.498250654646271940e-01,1.646999622540389063e-02,2.853273933395138878e-02,3.819728906968507774e-03,1.352470069048910184e-03
8.553966645376667177e-01,4.524638958042422748e-02,9.352274065533826286e-02,3.124920627097997443e-03,2.709284599472989215e-03
8.336062337829769353e-01,3.786784144050509698e-02,1.248342061371363332e-01,2.259640625974735847e-03,1.432078013407035071e-03
7.859011820377816981e-01,5.182881483444156528e-02,1.562700565235627947e-01,1.474599231004530874e-03,4.525347373209408566e-03
7.949673317086821678e-01,4.681265915149511458e-02,1.385896726406248280e-01,1.030565714680640402e-03,1.859977078451705707e-02
6.836286746619488763e-01,7.124333762204936027e-02,2.242524329359027735e-01,1.139099401933184623e-03,1.973645537816560644e-02
8.311901325736179569e-01,2.867899210889895620e-02,1.286240587145559555e-01,1.114034850798893434e-03,1.039278175212837892e-02
8.449968566814124449e-01,2.585972391254046793e-02,1.083267109190867022e-01,7.325529398591669765e-04,2.008415554710116929e-02
8.483810236853668307e-01,2.577771423376442467e-02,9.407708300751083108e-02,6.023467074641281017e-04,3.116183236589369770e-02
7.472131956465121183e-01,5.406250633747886752e-02,1.668072275039070573e-01,7.490118323067891919e-04,3.116805867979517003e-02
7.441536820177941935e-01,4.081500974717684749e-02,1.752744248616246447e-01,8.190815235615694651e-04,3.893780184984258624e-02
7.647169304507954735e-01,3.364569775664603968e-02,1.552230339589556751e-01,1.243302123232827320e-03,4.517103571036992782e-02
9.317231175283242628e-01,5.679155538238744340e-03,4.707223483966495314e-02,3.351880000118686968e-03,1.217361209365344123e-02
9.138020551566284899e-01,1.095381597262623519e-02,4.635590686859400456e-02,1.512729106880684841e-03,2.737549289527054300e-02
8.903322316639075140e-01,1.304346117119869163e-02,5.221031024823094557e-02,1.090507523116392326e-03,4.332348939354647988e-02
8.636673203289235712e-01,2.114400913186578745e-02,6.188317783067094624e-02,1.239478765780624046e-03,5.206601394275902489e-02
8.936984732780252072e-01,1.793052784786759030e-02,4.956546740134068485e-02,8.449342146710614020e-04,3.796059725809545343e-02
8.930790115906395155e-01,1.472504835147572105e-02,4.057169206047490928e-02,8.049792107876655800e-04,5.081926878662232361e-02
8.830949261444447362e-01,1.408449284813008406e-02,3.469703184785891820e-02,7.014219875337839461e-04,6.742212717203231731e-02
9.323792205448838688e-01,6.853707998116847534e-03,1.208215234314342218e-02,3.104900031340733675e-04,4.837442911072160207e-02
9.454685716752355695e-01,9.778047034498364015e-03,3.108348417952271070e-02,6.279593834823176063e-04,1.304193772726110895e-02
9.714682076887646289e-01,6.023746046930035340e-03,1.517855035556110385e-02,3.366372943327637646e-04,6.992858614411473321e-03
9.573667570075742317e-01,6.267522153981564675e-03,1.967797240903291014e-02,5.127955366546400233e-04,1.617495289275662149e-02
9.127852536716373200e-01,8.930156956354438208e-03,2.226597689685291120e-02,6.043413002536262082e-04,5.541427117490164977e-02
8.215513589786487270e-01,2.771990312703860593e-02,9.660533143797719879e-02,1.457029056694549539e-03,5.266637739964075832e-02
8.536541205251275688e-01,1.845459452946294349e-02,7.540773425908427197e-02,1.244227028620811977e-03,5.123932365770435260e-02
7.588654134307329935e-01,4.134187448273999449e-02,1.753602855444982844e-01,2.839387126204532142e-03,2.159303941582421324e-02
8.397573994679000675e-01,1.977994109099520323e-02,1.265605080537071658e-01,4.172919116098211534e-03,9.729232271299258217e-03
9.542938626585526496e-01,4.645730539925986557e-03,3.480547377895580607e-02,2.374430845502807814e-03,3.880502177062663659e-03
8.713366012336405397e-01,1.135878044775857909e-02,9.259775294964087133e-02,5.504334056010532633e-03,1.920253131294966803e-02
8.744290217903337714e-01,1.525760225535957061e-02,9.383067935706870810e-02,3.354648161248312017e-03,1.312804843598957757e-02
5.891841122057066560e-01,2.939998714202247260e-02,3.596173323764774166e-01,5.850463485597079231e-03,1.594810479019635741e-02
8.054622080104961723e-01,1.147117406803231481e-02,9.431403815145619762e-02,2.916430018411639638e-03,8.583614975160371030e-02
8.534214259890570142e-01,1.512685591261996552e-02,7.612153543749788920e-02,1.831627235708521663e-03,5.349855542511668116e-02
7.563784206125580001e-01,5.152731439990005519e-02,1.195764516493730278e-01,1.858270973402761581e-03,7.065954236476608419e-02
6.679304464421331744e-01,4.112798804952664394e-02,2.105942931266566454e-01,4.550124462532612046e-03,7.579714791915094507e-02
6.053316613110537592e-01,4.727233210451200346e-02,1.312287246118050699e-01,2.195642755014506030e-03,2.139716392176145843e-01
6.107291960996957814e-01,1.750796474862365698e-02,7.188584313523338487e-02,1.728510157789367018e-03,2.981484858586576636e-01
6.607076464033903029e-01,1.505618131291709856e-02,3.625458652914603092e-02,7.522949882603181208e-04,2.872292907662861161e-01
6.655570392462880625e-01,2.492069573433967900e-02,6.551097533117718197e-02,1.041154687652306489e-03,2.429701350005429306e-01
8.122440049310128973e-01,1.915460638830423015e-02,9.668912891676338661e-02,1.518158413036123236e-03,7.039410135088332299e-02
8.635541488056888149e-01,1.574761797242484052e-02,8.263705216166354617e-02,1.617393363677276834e-03,3.644378769654562505e-02
7.859229245398777763e-01,3.644265652184838777e-02,1.308869824163342577e-01,1.981369971315467479e-03,4.476606655062419227e-02
6.619374658540797540e-01,1.950286484908670889e-02,2.695874950412781579e-01,6.080992857756874551e-03,4.289118139779855149e-02
7.373415833341124825e-01,3.086629265337572162e-02,1.420854638523140201e-01,2.603605011574070850e-03,8.710305514862365373e-02
7.435907035568819490e-01,2.415186707382246598e-02,6.977083779098297578e-02,1.338706713573313122e-03,1.611478848647393824e-01
7.304435107147571049e-01,2.605582556224763507e-02,3.241919445111000192e-02,5.973275083227208657e-04,2.104841417635626155e-01
8.110269950417056117e-01,2.409427423766079615e-02,7.851338483172572158e-02,1.120040349095255839e-03,8.524530553981268799e-02
7.844504001048150377e-01,2.531637083190236767e-02,8.455177007847987369e-02,1.319081458643109111e-03,1.043623775261597192e-01
8.796679681132768547e-01,1.238567065311953382e-02,2.635474526752980620e-02,5.130758472337761805e-04,8.107854011884006729e-02
8.392154636935803547e-01,1.134254406950812623e-02,1.291743310978348686e-02,3.455118637648857405e-04,1.361790472633629956e-01
8.791887590893964211e-01,2.304187957544667070e-02,2.721245107829992071e-02,4.364067776887308185e-04,7.012050347916827520e-02
8.808015487170631763e-01,6.751840032438560790e-03,6.163691172139230609e-03,1.838340564982136481e-04,1.060990860218605919e-01
9.626039951432093789e-01,7.317989427142334094e-03,3.504571457816532676e-03,9.474386254422352929e-05,2.647870010928733003e-02
9.697336708988538723e-01,1.149324606612486116e-02,4.501093335816515502e-03,1.003161818695590514e-04,1.417167351733509759e-02
9.829325983037674463e-01,5.634317141399432759e-03,1.935771775281765195e-03,5.257588960579124432e-05,9.444736889945692243e-03
9.458995026369819703e-01,6.883795184044532063e-03,5.244262900197728394e-03,1.492058134540138028e-04,4.182323346532203917e-02
8.442401146415293711e-01,1.468048394988664788e-02,9.610012985435328198e-03,2.461274885239348570e-04,1.312232609346247192e-01
8.623686239213655957e-01,1.042923571860983681e-02,7.102559389933481813e-03,1.881645053681803509e-04,1.199114164647228920e-01
8.177181658781567108e-01,2.087899460369463389e-02,1.134279675096153822e-02,1.978243148880045688e-04,1.498622184522991063e-01
9.230468925915777945e-01,1.650968991477733822e-02,1.588504539320755027e-02,2.343302869575020458e-04,4.432404181347986832e-02
8.811960010972208490e-01,1.733607716089984388e-02,4.102782510187254206e-02,7.128958857884665126e-04,5.972720075421820984e-02
9.349289575001425989e-01,9.023592742546677342e-03,1.556836380642896873e-02,3.537120178159794360e-04,4.012537393306581102e-02
9.531970305701001900e-01,8.034947434229493257e-03,1.470202925908570095e-02,3.332840004218769864e-04,2.373270873616275048e-02
9.593478626285976141e-01,6.095164947939083269e-03,9.501028142443548180e-03,2.471677045090193330e-04,2.480877657651057999e-02
9.385804309308894977e-01,9.251146815671454013e-03,7.732865047858861196e-03,2.303930013516284866e-04,4.420516420422861831e-02
9.351283817028168688e-01,1.089457133399854109e-02,1.491735476363527726e-02,3.815756310732519151e-04,3.867811656847589680e-02
8.961631347496316069e-01,1.499771610995108938e-02,2.143279475034136003e-02,5.265037509068042900e-04,6.687985063916924988e-02
9.195946630047748815e-01,7.761069201566010191e-03,1.717321868167377349e-02,6.211823463929150736e-04,5.484986676559226032e-02
8.911427653614170108e-01,1.546708996295783137e-02,2.697911030982188749e-02,5.480029254680288337e-04,6.586303144033524293e-02
9.471706576938995203e-01,4.745645671474069648e-03,1.575715617531900370e-02,5.567814681052027197e-04,3.176975899120215024e-02
9.183402283673026689e-01,8.752574683613794856e-03,2.601183094926466655e-02,7.478440671252284486e-04,4.614752193269357206e-02
9.206845565205095117e-01,9.689438911442166402e-03,3.722856632845857050e-02,1.629882422257082413e-03,3.076755581733268963e-02
9.279882036674664825e-01,1.277696095763807167e-02,3.793819010619129545e-02,1.054427764221545563e-03,2.024221750448264995e-02
7.009601553850133282e-01,5.037731181106876871e-02,2.148753168655704315e-01,3.209982929323932591e-03,3.057723300902352725e-02
7.635026960446259503e-01,4.898650123534271233e-02,1.021210389826381765e-01,1.530836883843495833e-03,8.385892685354970344e-02
8.404294608613204209e-01,2.270519639219140129e-02,4.662325188456548780e-02,1.034606816782125205e-03,8.920748404514071417e-02
8.760605404147191466e-01,1.298827987746196955e-02,1.542660284814012343e-02,4.053224448178966073e-04,9.511925441486085431e-02
9.197707860291647330e-01,1.000080245074119745e-02,2.036859821143689395e-02,8.043365965195458950e-04,4.905547671213759259e-02
9.491298872465852021e-01,4.800890410915715015e-03,1.741863446150366049e-02,1.210208822462243219e-03,2.744037905853298487e-02
9.064352040633365526e-01,7.312555126740704833e-03,2.428831992206792814e-02,1.129740903258015646e-03,6.083417998459679510e-02
8.476809693938017753e-01,1.487518971173289531e-02,8.095482848641057105e-02,2.299496768060845225e-03,5.418951563999384324e-02
6.286533057991822160e-01,1.903485386613099073e-02,2.614608898449600760e-01,1.052984816150600092e-02,8.032110232822059492e-02
7.039597996514961320e-01,1.833321019401013344e-02,1.693788317071361349e-01,6.576424318320163616e-03,1.017517341290373606e-01
8.754330694539057545e-01,5.474484090275746895e-03,2.392166711221625428e-02,1.386052641451373385e-03,9.378472670215082241e-02
9.312778386892058835e-01,3.376952641992812115e-03,1.033527697848139575e-02,7.362666939938068266e-04,5.427366499632627767e-02
9.748415891104298403e-01,2.458878532500334470e-03,4.564139782600198231e-03,3.155003356703064629e-04,1.781989223879930362e-02
9.538140410339738251e-01,3.466673201333056106e-03,1.628992516983641947e-02,1.107938036226650954e-03,2.532142255863013489e-02
9.467060451629326634e-01,4.085304717023168809e-03,2.607612680668748226e-02,1.476118551894479557e-03,2.165640476146216825e-02
9.438698515380272713e-01,2.628715040548092446e-03,9.274695350570013458e-03,6.575224910862113121e-04,4.356921557976836668e-02
9.236830082423967969e-01,2.983362950602628551e-03,5.293077216878476314e-03,3.967373358031053539e-04,6.764381425431906236e-02
9.109477018093598000e-01,8.170287178536347200e-03,1.379856379109543896e-02,6.358990629632708729e-04,6.644754815804522485e-02
9.528983991512396390e-01,3.219471123879308946e-03,3.280489527516770431e-03,1.817993579796350965e-04,4.041984083938468530e-02
9.750464367012702249e-01,3.176955964545345474e-03,2.227101713479425274e-03,1.221771576996966504e-04,1.942732846300516264e-02
9.806450146082695829e-01,1.565701490367367660e-03,1.442761986640443261e-03,9.932022161879488044e-05,1.624720169310378201e-02
9.925020430249649195e-01,1.075918085483774499e-03,1.111642407867039113e-03,9.411444221308211161e-05,5.216282039471497288e-03
9.791089637710945759e-01,5.690772820201127694e-03,5.816688614976479009e-03,3.390323841199212708e-04,9.044542409607916195e-03
