5.786705165669278061e-01,4.453958986224982458e-02,2.296337234114687598e-01,1.394901065094043546e-01,7.666063649949234060e-03
9.588059341821909554e-01,1.585027737347608282e-02,2.132242910569832200e-02,3.519728666875334647e-03,5.016306717593959187e-04
9.915551720227732124e-01,6.404298191873007175e-03,1.821086820335841763e-03,1.006115031288446740e-04,1.188314618890433578e-04
9.959867831082774847e-01,3.382136030676865125e-03,5.577067065198101480e-04,2.147062736821850492e-05,5.190352715756342479e-05
9.453027658279652412e-01,4.482294457279418359e-02,9.435712361425509925e-03,1.650506005171371025e-04,2.735266372979763914e-04
9.438304648261248708e-01,4.730635384833091484e-02,8.460260631400602638e-03,1.088537172048611296e-04,2.940669769387690307e-04
9.344609077919491247e-01,5.505521906606441335e-02,1.016189148897994263e-02,9.577025463591837522e-05,2.262113983706625004e-04
7.291519800476643498e-01,2.134991137952623741e-01,5.645026439834474608e-02,3.235567490778476735e-04,5.750850096506043450e-04
8.343200731956853522e-01,1.198981308048767958e-01,4.486511310526818119e-02,3.093586543150871667e-04,6.073242398545036780e-04
5.584303237276637688e-01,2.459671600959531801e-01,1.932744888661964699e-01,1.129500598268090312e-03,1.198526711918503204e-03
3.023660471519721837e-01,1.780466034179115087e-01,5.147352163892064958e-01,4.240762881510257501e-03,6.113701593994921640e-04
2.439477685129316509e-01,1.962843457601673725e-01,5.546523623683428106e-01,4.523975706350531409e-03,5.915476522076509435e-04
5.411257603039008046e-01,1.454744130051512097e-01,3.102650567780959046e-01,2.487402730171979406e-03,6.473671826800426804e-04
7.467853706862580543e-01,1.303131238919320867e-01,1.213224321340417994e-01,8.522651929540099201e-04,7.268080948139625736e-04
8.417247898460175071e-01,8.262948430382735521e-02,7.284272187099410933e-02,8.177344332396972379e-04,1.985269545921250489e-03
9.279386494869100721e-01,4.735515336441291356e-02,2.301476123869751478e-02,3.215891132157891203e-04,1.369846796763835115e-03
9.268248959556465438e-01,5.928633539070334024e-02,1.285336242795498407e-02,1.235464261234987772e-04,9.118597995716104174e-04
9.678284627597326661e-01,2.695160780331103123e-02,4.683703887359991040e-03,5.152391581477471134e-05,4.847016337814303113e-04
9.011237667740020774e-01,7.426453845439703882e-02,2.211484121584236795e-02,3.125429027812621986e-04,2.184310652977234854e-03
8.183926983220954909e-01,1.324093626097139764e-01,4.491355238244253145e-02,5.098393356180476715e-04,3.774547350129992332e-03
9.162830192514396233e-01,5.176768955178870368e-02,2.975356478341380922e-02,5.199990852575567040e-04,1.675727328100328059e-03
8.021132040209855152e-01,1.396828125684982658e-01,5.590314243225414509e-02,4.800716119291240634e-04,1.820769366332997000e-03
7.986502936902351024e-01,1.555612923366088696e-01,4.432236898186316110e-02,1.995997939340426791e-04,1.266445197358854243e-03
8.577870378472133295e-01,1.133008194136768121e-01,2.803782448372897293e-02,1.496168918421966493e-04,7.247013635386699917e-04
9.462195799737337376e-01,4.372863248158744692e-02,9.722638752065446838e-03,7.011124025414400599e-05,2.590375523592846610e-04
9.660351529804940274e-01,2.919765603382030311e-02,4.554451442806954457e-03,3.914058365520934907e-05,1.735989592234088062e-04
9.931181886687185933e-01,6.125939574539006165e-03,6.830448511821391507e-04,1.028990797339267723e-05,6.253699758693956768e-05
9.943418017919670726e-01,5.147483420740392619e-03,4.483809418256308444e-04,8.121341246132434847e-06,5.421250422087929159e-05
9.958338584019926776e-01,3.780260659063111074e-03,3.380744103413696098e-04,6.541637186856272569e-06,4.126489141610281501e-05
9.970194744413470866e-01,2.720379802536908222e-03,2.284361707520832826e-04,5.256013850427785734e-06,2.645357151330073034e-05
9.955701965766128314e-01,4.070792000238850766e-03,3.204697563679629289e-04,6.525457417415425233e-06,3.201620936296932339e-05
9.961435722866394116e-01,3.527421307725996363e-03,2.887037629991830038e-04,6.180443528472169701e-06,3.412219910685624947e-05
9.952108890811697250e-01,4.403675284273255233e-03,3.493689369024494140e-04,6.784515867164147437e-06,2.928218178743454049e-05
9.848153052390216100e-01,1.379824440019069599e-02,1.311822430557749207e-03,2.161049789542755567e-05,5.301743233453000349e-05
9.236566179056393544e-01,6.587745722741975007e-02,1.023645362023516137e-02,8.958035435443249480e-05,1.398908923513929369e-04
9.626092239882209078e-01,3.327850205374058984e-02,3.959759290907331405e-03,3.765407234873572868e-05,1.148605947826201638e-04
8.722378540447924822e-01,1.010383272799853099e-01,2.639752977916151946e-02,1.470295158350773889e-04,1.792593802255640866e-04
6.975044893482187369e-01,2.205282235005234515e-01,8.099823945442209683e-02,4.271037397369651712e-04,5.419439570987517321e-04
5.920225660036431137e-01,3.024991322108697700e-01,1.044778668281538536e-01,4.095328460195345340e-04,5.909021113137218322e-04
4.724421924781002091e-01,3.781486873944809313e-01,1.478871934544985500e-01,5.001416530920999937e-04,1.021785019828148552e-03
4.541300691892515839e-01,3.967567324769903925e-01,1.464839905285773569e-01,6.216594611739718326e-04,2.007548344006803570e-03
7.635765734934280013e-01,1.858001884782849999e-01,4.922444225509067101e-02,2.592834711721916127e-04,1.139512302024051028e-03
4.306154912258939316e-01,4.547408615035094526e-01,1.125700308340385342e-01,3.277517960165215105e-04,1.745864640541638143e-03
8.354011778879025796e-01,1.324372063335950978e-01,3.113741019664198126e-02,1.253381881545993619e-04,8.988673937056392959e-04
8.927232851558571936e-01,8.741098952613730877e-02,1.932256536342855102e-02,1.172483049055630098e-04,4.259116496714324910e-04
9.261728360578846964e-01,6.208215751245701325e-02,1.137250231372763029e-02,7.280389367886420178e-05,2.997002222517546185e-04
7.568999559139806266e-01,2.127298905482341573e-01,2.925353406865621730e-02,1.119981985646254294e-04,1.004621270564433734e-03
8.544749802540851924e-01,1.191223469367566623e-01,2.547693184467858529e-02,1.662003165648350293e-04,7.595406479147156489e-04
8.136732627575469223e-01,1.415476806711630509e-01,4.386214081200149467e-02,3.187671720390524571e-04,5.981485872494153892e-04
8.061876367424476442e-01,1.561336191850483668e-01,3.673758200121813450e-02,1.931358862586781940e-04,7.480261850271329891e-04
7.303983349440955619e-01,2.169193008197572159e-01,5.136260600536113330e-02,2.238950612736914669e-04,1.095863169512315298e-03
6.702787988391359919e-01,2.619289534109571216e-01,6.646621543273092958e-02,2.561471183493158337e-04,1.069885198826740682e-03
8.127853750230477070e-01,1.453512323308051024e-01,4.089613755302740072e-02,2.178433052914205696e-04,7.494117878284112981e-04
8.741110062716206386e-01,1.029603337483062930e-01,2.218648469168836568e-02,1.207226966472292162e-04,6.214525917375590030e-04
7.525505207277667363e-01,2.046418033013437665e-01,4.171770842831446641e-02,2.093054194302214734e-04,8.806621231450718771e-04
6.529791071464889907e-01,2.849791371146034313e-01,6.075228248626965422e-02,2.073819707662813514e-04,1.082091281871605569e-03
8.249038832539267174e-01,1.414340556989812647e-01,3.259134458926663674e-02,1.558428834091553741e-04,9.148735744161943725e-04
9.352745220882486832e-01,5.305887191247696255e-02,1.104553620895160938e-02,7.975994949471790988e-05,5.413098408281038837e-04
9.106013988967932571e-01,7.313912646308835808e-02,1.545803449937887750e-02,1.461306383104492681e-04,6.553095024292806582e-04
8.681534906526751083e-01,1.121495073553388233e-01,1.873442368106497183e-02,1.290631516369170604e-04,8.335151592841073386e-04
9.030494775686541686e-01,8.277742968743760643e-02,1.321071882136512325e-02,1.360310939045797222e-04,8.263428286386055241e-04
8.678374259203565089e-01,1.021537320007316341e-01,2.903901247763790439e-02,2.429204385559834514e-04,7.269091627180290218e-04
8.348277401097352612e-01,1.211330522225103484e-01,4.290417278618734176e-02,4.523485637030081946e-04,6.826863178640168485e-04
9.137526134979236936e-01,6.995533721495479640e-02,1.576444424594397944e-02,1.489199698226445435e-04,3.786850713548863250e-04
9.655939688988142144e-01,2.895788881966826142e-02,5.144188662372747856e-03,7.144767340842710665e-05,2.325059457362988282e-04
9.782535353375410025e-01,1.888756511553623882e-02,2.629423467783227608e-03,4.737101492909916677e-05,1.821050642105544138e-04
9.232549035525059455e-01,6.263185732289967833e-02,1.352676876029723640e-02,1.698737557603187929e-04,4.165966085367927142e-04
7.762422614103571261e-01,1.716395969228520779e-01,5.100038670028023136e-02,4.269533693583302605e-04,6.908015971522513685e-04
4.838757989925296377e-01,3.266058791601985090e-01,1.872686360847028442e-01,1.183917257577198545e-03,1.065768504991870726e-03
8.744149028130829837e-01,9.476162931408951828e-02,3.009645957333175262e-02,2.231528698602822818e-04,5.038554296353844452e-04
8.828647229714053912e-01,9.360786224158348934e-02,2.286939288631370873e-02,1.800772799519360944e-04,4.779446207454381276e-04
8.857287103337992962e-01,9.352409055965441032e-02,2.000911402784077975e-02,1.794063368592277235e-04,5.586787418462819477e-04
8.718525362255490352e-01,1.032993738534239148e-01,2.392981004290569910e-02,1.902922009674879312e-04,7.279876771536023233e-04
8.311021263952197424e-01,1.370846073946977717e-01,3.060493354535326338e-02,1.774213829698561120e-04,1.030911281759388631e-03
8.537326137336633813e-01,1.110772071071106509e-01,3.409307281342117274e-02,1.986787765978498407e-04,8.984275692069103748e-04
9.392614282817226545e-01,4.961743491547916662e-02,1.059902222418858224e-02,7.864084723201790581e-05,4.434737313776739736e-04
9.245450886629081877e-01,6.287330257626613794e-02,1.203319420594530301e-02,8.130235905658771372e-05,4.671121958239267315e-04
8.457770058099098875e-01,1.272558101946673070e-01,2.629145573589644971e-02,1.340937663871972802e-04,5.416344931392212290e-04
7.383785042500992102e-01,2.179709638097975799e-01,4.278421531435322445e-02,2.102093890420048757e-04,6.561072367079530008e-04
6.789299046404531079e-01,2.586624338116357280e-01,6.114432402706184572e-02,3.062634361381751406e-04,9.570740847110561274e-04
6.942271243122888347e-01,2.535127893215764483e-01,5.095775844812718003e-02,1.900008968018547387e-04,1.112327021205691911e-03
5.773074912968176875e-01,2.941806600361772106e-01,1.264709136913255705e-01,6.613929318907434043e-04,1.379542043788688265e-03
8.576972438045938896e-01,1.142956384604192216e-01,2.713510568981694626e-02,1.618663963722107003e-04,7.101456487976977750e-04
7.900512513419082339e-01,1.803504709400189920e-01,2.832980568960275294e-02,1.259472403305761650e-04,1.142524788139571848e-03
6.946234024462597523e-01,2.440094977398959142e-01,5.998807567041088140e-02,2.879916130387080416e-04,1.091032530394861954e-03
7.981249433425343653e-01,1.651211892599450393e-01,3.544915658662563251e-02,1.754555355484763136e-04,1.129255275346554600e-03
8.851020033981387147e-01,9.453921944222672125e-02,1.940603708672832689e-02,1.363356466211349612e-04,8.164044262850103954e-04
8.486570568652339608e-01,1.183549023483254914e-01,3.197433230586158720e-02,2.799788188321918926e-04,7.337296617467757793e-04
9.150699974964501271e-01,6.642369527792359174e-02,1.792911047902368687e-02,1.742091260671487841e-04,4.029876205354826946e-04
9.423346761855335707e-01,4.724585041485448306e-02,9.909366485418680259e-03,1.289037219372812868e-04,3.812031922558874685e-04
7.881927266986592517e-01,1.697459858415354128e-01,4.114209897862774329e-02,2.976572761491310141e-04,6.215312050283494779e-04
6.135861454387394609e-01,2.627058363095309268e-01,1.219994559804054163e-01,9.083078987767298149e-04,8.002543725475155410e-04
5.555648477945601682e-01,2.954123495968760671e-01,1.473276084693564691e-01,9.344427916033097668e-04,7.607513476041838753e-04
4.951814878623538307e-01,2.357741446006911545e-01,2.651466109987812292e-01,2.631726267040483506e-03,1.266030271133233289e-03
6.765996136674444772e-01,1.912464761354889797e-01,1.302038303108713213e-01,9.347619913059882412e-04,1.015317894889207180e-03
5.634170914416224418e-01,2.164180331256153333e-01,2.160066092370931945e-01,2.518267853467663544e-03,1.639998342201450052e-03
6.277472239987277325e-01,1.610405775263757944e-01,2.057739638665450066e-01,3.860999424443089557e-03,1.577235183908382628e-03
7.984296773686692106e-01,1.122051972955288301e-01,8.652520341580695329e-02,1.452309783646405514e-03,1.387612136348476220e-03
8.870338140269131699e-01,7.733954239341368775e-02,3.348145146882672285e-02,5.666302297618767752e-04,1.578561881084562324e-03
8.708439470752032951e-01,8.868828903295609967e-02,3.830481570960071053e-02,5.340640476316545898e-04,1.628884134608221852e-03
9.807442833127676396e-01,1.566975029816333395e-02,3.150935875023486502e-03,5.378497924812082262e-05,3.812455347972684271e-04
9.711503059255828241e-01,2.151087175609781715e-02,6.654253135045343562e-03,1.862912775455661423e-04,4.982779057283225153e-04
9.522014944361777422e-01,3.865329218407664164e-02,8.257509145571856335e-03,1.603280489674998146e-04,7.273761852061943036e-04
8.534866994036033327e-01,1.052179421759234512e-01,3.948245156580849902e-02,6.949504992923527481e-04,1.117956355372228417e-03
8.603871470914961073e-01,9.624513644341314844e-02,4.132749935394725710e-02,9.648346421894222168e-04,1.075382468954086228e-03
6.015359266141603323e-01,2.382923492090701922e-01,1.580822027719924749e-01,1.173978361421928844e-03,9.155430433551906390e-04
9.212986334464692284e-01,5.741234407627031355e-02,2.062803985446161337e-02,1.916645292792113061e-04,4.693180935197344182e-04
9.553320116305789034e-01,3.209031202353151285e-02,1.189306868917691662e-02,2.129079685680506056e-04,4.716996881445082389e-04
8.963124115757548083e-01,7.176742359729552934e-02,3.095590203955559186e-02,3.743513798155442850e-04,5.899114075783584710e-04
9.404627602768310668e-01,4.151763406911585658e-02,1.723566883835763591e-02,2.362963447051346234e-04,5.476404709902363494e-04
9.612057171550807411e-01,2.808727770849538813e-02,1.013130257984227144e-02,1.187197201318917941e-04,4.569828364496891174e-04
9.925391473730009739e-01,6.189832859796916970e-03,1.057313564863148272e-03,2.312251962752195637e-05,1.905836827114510399e-04
9.908135085973051037e-01,8.142995914777814356e-03,7.515123101095109569e-04,1.588985032226860103e-05,2.760933274852105947e-04
9.822772799486981787e-01,1.606880915501254781e-02,1.270534099901698705e-03,2.174673849253100746e-05,3.616300578951435322e-04
9.771547888717165842e-01,2.071790177197652474e-02,1.748449136340835550e-03,2.289903098703376561e-05,3.559611889790863563e-04
9.912522390939777495e-01,7.732084660709439596e-03,8.081063370667294042e-04,1.629162759648368350e-05,1.912782806495658366e-04
9.840164959130196509e-01,1.435837893979593702e-02,1.394781111460371634e-03,2.098530091091000283e-05,2.093587348131204363e-04
9.909767456652076589e-01,7.884533320800525893e-03,9.972996105671800334e-04,1.938532053834079216e-05,1.220360828864256098e-04
9.926976447099087331e-01,6.247757081432847061e-03,9.050453665878267643e-04,2.055626940930796372e-05,1.289965726612072824e-04
9.943429188454363521e-01,4.778526537909725397e-03,7.679645758600648145e-04,2.065069103632442252e-05,8.993934975755712535e-05
9.929313455345849526e-01,6.150838769518500622e-03,7.931943051394052752e-04,2.415147734994698434e-05,1.004699134071126716e-04
9.903436434190332482e-01,8.170485392500816471e-03,1.326814017550639272e-03,4.034112734061151751e-05,1.187160435747112151e-04
9.826257011347714343e-01,1.441393268997286439e-02,2.725286563795544046e-03,6.330915327175485273e-05,1.717704581884527452e-04
9.932998996068487241e-01,5.601940855309319595e-03,9.880489703154994412e-04,2.652275036838195335e-05,8.358781715813974958e-05
9.906143817622447001e-01,8.221122926623204361e-03,1.034635845889377752e-03,2.226504867767339769e-05,1.075944165650378218e-04
9.925683092400860996e-01,6.570636249877238183e-03,7.210871429569171674e-04,1.429770243823678391e-05,1.256696646413160701e-04
9.919574427052351151e-01,7.085412465217302315e-03,8.112009518612381441e-04,1.479663572560725806e-05,1.311472419606224328e-04
9.925826771898689227e-01,6.380845662336014600e-03,8.990688333971304323e-04,1.534776528087674865e-05,1.220605491171125731e-04
9.895033357047694489e-01,9.128915277533674461e-03,1.187454385522807802e-03,1.845530871810205202e-05,1.618393234559907447e-04
9.822276921662150828e-01,1.552685708541265246e-02,1.961001423128339635e-03,3.074951178503102086e-05,2.536998134589436762e-04
9.699438976445740046e-01,2.596103646645122123e-02,3.582759625243101247e-03,5.651838059086311566e-05,4.557878831408829386e-04
9.717557481882745929e-01,2.397296338427506307e-02,3.691964442161404548e-03,4.459494569853698426e-05,5.347290395905555070e-04
9.837784030336427232e-01,1.405006678924460885e-02,1.825943886683000471e-03,2.369626064676025293e-05,3.218900297829306481e-04
9.844927920789580122e-01,1.339039874885343019e-02,1.786493196449080636e-03,2.408198195832518440e-05,3.062339937810839479e-04
9.807205743502541706e-01,1.627748345612299238e-02,2.633415689440060659e-03,3.162450495763320315e-05,3.369019992252020573e-04
9.493692465198002584e-01,4.349830554983881437e-02,6.192711252257383434e-03,6.209167215564002440e-05,8.776450059478124776e-04
9.458263520988402506e-01,4.663695694842910633e-02,6.018072605912239831e-03,5.051103126203185419e-05,1.468107315556272698e-03
9.452926957225429305e-01,4.614491539615693527e-02,6.678386425232385459e-03,5.731259947219229399e-05,1.826689856595418776e-03
9.403719818355390503e-01,4.890063509933991609e-02,8.789858307011157168e-03,7.873970498642292380e-05,1.858785053123479091e-03
9.531031557232544360e-01,3.816741497704474739e-02,7.583274727583476198e-03,5.665270104787474597e-05,1.089501871069416348e-03
9.525246416424785201e-01,3.975654753545351805e-02,6.295515681738858733e-03,3.687296194529937821e-05,1.386422178383807944e-03
9.278086113590681139e-01,5.960936772035754089e-02,1.096176104811563169e-02,6.853287603332427862e-05,1.551726996425422875e-03
9.549591108446167098e-01,3.716911368017227629e-02,6.577261000030604036e-03,5.529783792756920468e-05,1.239216637252895867e-03
9.615234525126789000e-01,3.209634742516909861e-02,5.069361832468485297e-03,5.651487020312411950e-05,1.254323359480381556e-03
9.483280012740072928e-01,4.240954973092193186e-02,7.533767435030573438e-03,7.576626687542755193e-05,1.652915293164793900e-03
9.649654314899621665e-01,2.807678356291043453e-02,5.800253234327308431e-03,7.264744271914592739e-05,1.084884270081056630e-03
9.335112818781197142e-01,5.522073527969093704e-02,9.398741404420972792e-03,7.609273551914158041e-05,1.793148702249270504e-03
8.957685107605241059e-01,8.478865315841152550e-02,1.705318270753271304e-02,1.251903830796722173e-04,2.264462990451951430e-03
9.632928510944114286e-01,2.954907478928321674e-02,5.914432094661650763e-03,5.788706261484632845e-05,1.185754959028943083e-03
9.572745677475121839e-01,3.457105920981967673e-02,6.780176108647856074e-03,5.699291365288008357e-05,1.317204020367223520e-03
9.479934936591679628e-01,4.021816831325159686e-02,1.019195683173146523e-02,7.640871726654518059e-05,1.519972478582460197e-03
9.707220751131706571e-01,2.285867719331022979e-02,5.564034313162127127e-03,5.322238672524489219e-05,8.019909936316011899e-04
9.683648049281053938e-01,2.431703498034475802e-02,6.496883970250336843e-03,6.049855722034166159e-05,7.607775640793027145e-04
9.592973587487830800e-01,3.082280179014705926e-02,8.893214318171726793e-03,7.097699447786726275e-05,9.156481484203751915e-04
9.327078546014340166e-01,5.125305545463027662e-02,1.456522141109184605e-02,1.224168259670813531e-04,1.351451706876697842e-03
8.129197109662525955e-01,1.483987505574339560e-01,3.500647983477622044e-02,1.790354025588568234e-04,3.496023238978324555e-03
8.321450414774954618e-01,1.194670259176640187e-01,4.507244766855741935e-02,2.494408109311694070e-04,3.066044125351748487e-03
8.843061041369832953e-01,7.534684509543870812e-02,3.733219357116762671e-02,2.229241762046996981e-04,2.791933020205681227e-03
8.334789878581760902e-01,1.109575182690469147e-01,5.194901601093444149e-02,3.293658405307233394e-04,3.285112021311917697e-03
8.296730673502212827e-01,1.212526213868627967e-01,4.553810389992794805e-02,2.797664796056024430e-04,3.256440883382341438e-03
8.730494721604596942e-01,9.209474710853331192e-02,3.163169907368300338e-02,1.854411946877706271e-04,3.038640462636056205e-03
8.868813055537251300e-01,7.708503144212124070e-02,3.289534494487560135e-02,1.897716714118348577e-04,2.948546387866041608e-03
9.551638254382353033e-01,3.228204866449520261e-02,1.094971964117086825e-02,7.782490854246847773e-05,1.526581347556154374e-03
9.646943939443830551e-01,2.755615771254986759e-02,6.723796116967781580e-03,5.574181304321183751e-05,9.699104130559765098e-04
9.820940248646585768e-01,1.396623652009502427e-02,3.357612426943673827e-03,3.363106100830125212e-05,5.484951272946555828e-04
9.848892458315570142e-01,1.243105756649420975e-02,2.225004740300107284e-03,2.559746197324120888e-05,4.290943996753690082e-04
9.661746731186707793e-01,2.856763938721460644e-02,4.387942659863031981e-03,3.847010987454411063e-05,8.312747243770984623e-04
9.778478167620404671e-01,1.844868164870952509e-02,3.017763934459571484e-03,2.846957410648981375e-05,6.572680806839586694e-04
9.886239648171204486e-01,9.160976494927770136e-03,1.871462061615204861e-03,2.175074648655129079e-05,3.218458798499216180e-04
9.818935420592513896e-01,1.492141486348328577e-02,2.645583733072979886e-03,3.225759934518575154e-05,5.072017448472358487e-04
9.844691291701628266e-01,1.282939597360886058e-02,2.265816272714815064e-03,2.728086201187250950e-05,4.083777215014592417e-04
9.867180389213295877e-01,1.084489462659819076e-02,2.062047025232423367e-03,2.445670216212585807e-05,3.505627246776146376e-04
9.878513055977130586e-01,1.030986645377947319e-02,1.513990756478648600e-03,2.025541621818980169e-05,3.045817758106443541e-04
9.872215423232293396e-01,1.105584022183696627e-02,1.408463809619507059e-03,1.853056945636499098e-05,2.956230758579565928e-04
9.789782002128888383e-01,1.802601353959494904e-02,2.495633744048012144e-03,2.051296768395411541e-05,4.796395357845383923e-04
9.805559557259980741e-01,1.623540289990211757e-02,2.857968713378962900e-03,2.882949835167490687e-05,3.218431623691335344e-04
9.770981184790163976e-01,1.929023968803001907e-02,3.023807640922416152e-03,3.499410074530373896e-05,5.528400912858966740e-04
9.778832912650955445e-01,1.834735642002591552e-02,3.111187702176231723e-03,3.768770072813956235e-05,6.204769119742660835e-04
9.733979095395396408e-01,2.234363938906480315e-02,3.366989067479125072e-03,4.886159254764294295e-05,8.426004113687090517e-04
9.624183849202789798e-01,3.165337023341224104e-02,4.688166048182367505e-03,6.887177621001645367e-05,1.171207021916565415e-03
9.603211334495040941e-01,3.066685269954269946e-02,7.768065235375132792e-03,1.251094884238103595e-04,1.118839127154198573e-03
9.252119762881809706e-01,5.586500976332319651e-02,1.665182706238674606e-02,1.858219045140396179e-04,2.085364981595121733e-03
9.658120260445940408e-01,2.465083855382108752e-02,7.992989688133993187e-03,1.845547434517822013e-04,1.359590969998986879e-03
9.264103897782778319e-01,6.010784508310531432e-02,1.111570794738837333e-02,2.141002063342487590e-04,2.151956984894183144e-03
8.790074633629124667e-01,9.869946243382889117e-02,1.786369187476143788e-02,2.502305345408921758e-04,4.179151793956265189e-03
8.000987832439243608e-01,1.596123132217307505e-01,3.286064674091968701e-02,2.917884878930874408e-04,7.136468305532077915e-03
9.523252426460216968e-01,3.797230071711083649e-02,7.589283124926959022e-03,1.016556816055873893e-04,2.011517830335018183e-03
8.492607981156912178e-01,1.251271669412150067e-01,2.220562095159867716e-02,1.790870532302511276e-04,3.227326938264682508e-03
9.263810278515741681e-01,5.749448639088568236e-02,1.403707282576752841e-02,1.530356789430991032e-04,1.934377252829324245e-03
9.586923774418364408e-01,3.269666852679854741e-02,7.497174288334884293e-03,9.469394596789139059e-05,1.019085797062277378e-03
9.457521303568812154e-01,4.319744627288068378e-02,9.794428245303495387e-03,8.671996496711407531e-05,1.169275159967544855e-03
9.679137292135180370e-01,2.531293631848998901e-02,5.833559282500682883e-03,5.568195106628817415e-05,8.840932344251096076e-04
9.650476411260180409e-01,2.795858729678639409e-02,6.225306870379319728e-03,6.501790910501407852e-05,7.034467977112281688e-04
9.782031092031517883e-01,1.710272766947766934e-02,4.179349177069573151e-03,4.711341413050598492e-05,4.677005361704013558e-04
9.724573375403819941e-01,2.190549469452785641e-02,4.967718830572131344e-03,4.590510600925112959e-05,6.235438285088079494e-04
9.793900374361517169e-01,1.681341219785570731e-02,3.253473194153713288e-03,3.555105150733902872e-05,5.075261203313744278e-04
9.853130715333550116e-01,1.192314447633483279e-02,2.382705901332638453e-03,3.406548993180348042e-05,3.470125990457225904e-04
9.863142016126861256e-01,1.116702190143836412e-02,2.113735203715792332e-03,5.066069477294189580e-05,3.543805873869071855e-04
9.924562561867502630e-01,6.287866338484692993e-03,1.036833230752036645e-03,3.410446609009614902e-05,1.849397779230361138e-04
9.739309835925850090e-01,2.266357102276116836e-02,2.966456904621450792e-03,8.980740626738698993e-05,3.491810737648170116e-04
9.956548518214675125e-01,3.842290889100980281e-03,3.756819230855802465e-04,1.365399562116722902e-05,1.135213707247332193e-04
9.912037005195734052e-01,7.978888183639395310e-03,6.394699518026559365e-04,1.729195705225549420e-05,1.606493879324313900e-04
9.902221063434550885e-01,8.783101014221307914e-03,8.459473042908561809e-04,1.905820255592881649e-05,1.297871354767578733e-04
9.953778086968123606e-01,4.229329813962631225e-03,3.045847963979068191e-04,8.065593377993145625e-06,8.021109944915740008e-05
9.961623696442938325e-01,3.469631389823842841e-03,2.680915858018157794e-04,9.047390752962278021e-06,9.085998932732036217e-05
9.976451888539317192e-01,1.958076541454931239e-03,2.243955746530658369e-04,1.221316293093169750e-05,1.601258670291611430e-04
9.913571764805536590e-01,7.109132376670143638e-03,1.214472740804846147e-03,3.572989422138007893e-05,2.834885077500089016e-04
9.965290216855265948e-01,2.867687126833389118e-03,3.441448250831853173e-04,1.307950964637777451e-05,2.460668529105217487e-04
9.988469014012800740e-01,9.121574611929340231e-04,1.074114630466087929e-04,5.468339803086710216e-06,1.280613346771750582e-04
9.964172554537458204e-01,2.759705431195549636e-03,3.993765286595882258e-04,1.658599890805791837e-05,4.070765874911116164e-04
9.985851274690255019e-01,1.034229351771741301e-03,1.832580387289061764e-04,1.062822603923070579e-05,1.867569144345188276e-04
9.991689977272686374e-01,6.256497037345177484e-04,9.101684096424366073e-05,6.305290772055085508e-06,1.080304372604988533e-04
9.994917639471074811e-01,3.040938738664806596e-04,4.965229217002823411e-05,3.845530664194168881e-06,1.506443561916779488e-04
9.991143991080713160e-01,4.067030315812853423e-04,7.155197217515487903e-05,6.751310289667187105e-06,4.005945778825924122e-04
9.993542928011774906e-01,4.400397324602015742e-04,6.644800375523643562e-05,4.579186445029576683e-06,1.346402761620730528e-04
9.991848552157637231e-01,5.751472930215238482e-04,6.861888426452592709e-05,5.201182124093435589e-06,1.661774248261775101e-04
9.969910983371893520e-01,2.349444955847871785e-03,3.267195901162699232e-04,1.920499593615692345e-05,3.135321209102898566e-04
9.961079340528109505e-01,2.425730638673073269e-03,1.079112793180074916e-03,7.930990719327347428e-05,3.079126081425851476e-04
9.948339295422004014e-01,3.236813418461023922e-03,1.265610683678060041e-03,1.051395255809576727e-04,5.585068300795892208e-04
9.934887781914621963e-01,5.231469796773646937e-03,8.386373945994683764e-04,4.284842915198662565e-05,3.982661880126823388e-04
9.758238824182579041e-01,2.160141530778680180e-02,1.933593985574407186e-03,5.726799245737275256e-05,5.838402959235511466e-04
9.851559336811732681e-01,1.346669775285335227e-02,1.088614971381430489e-03,2.427815668623519449e-05,2.644754379055621989e-04
9.958397656629499606e-01,3.780930999178469185e-03,2.793464164653340393e-04,8.269700700192623120e-06,9.168722070600698274e-05
9.974052643413978680e-01,2.368600799075283158e-03,1.555495321450518168e-04,5.155418802143912624e-06,6.542990857959328900e-05
9.955650992341079641e-01,4.103259378518893906e-03,2.516859922821075828e-04,6.812630054789514085e-06,7.314276503617778483e-05
9.952641863541809020e-01,4.388158661998695954e-03,2.768309974204369783e-04,6.622940887353315574e-06,6.420104551277763284e-05
9.952552993881785826e-01,4.374921571383015920e-03,2.822952962012330357e-04,5.990745536758634146e-06,8.149299870041204052e-05
9.917158295337971108e-01,7.643429915982782007e-03,4.756927811974885319e-04,8.427518362403103511e-06,1.566202506603300046e-04
9.954174821927128658e-01,4.193356116236776794e-03,2.951878548514234586e-04,6.364938751138379243e-06,8.760889744787895639e-05
9.923613292974973188e-01,6.738934904816995877e-03,7.973102375814085071e-04,1.408404068026229596e-05,8.834151942389050958e-05
9.865227103996386804e-01,1.230643284458400079e-02,1.045147853284276529e-03,1.420669475472757006e-05,1.115022077383697504e-04
9.821963707003580346e-01,1.624214892028822549e-02,1.405940243428290817e-03,1.719982201637646494e-05,1.383403139090291756e-04
9.020674010357992989e-01,9.095971913154733690e-02,6.536223912816545301e-03,4.685092326948398471e-05,3.898049965673673622e-04
7.944385035794474526e-01,1.764452348271629278e-01,2.729976912530557992e-02,1.964663057350428453e-04,1.620026162349003920e-03
7.417011294203071925e-01,2.212319141968382696e-01,3.456890593509236165e-02,2.278891907510727059e-04,2.270161257011145146e-03
5.569638278652905283e-01,2.831341204980860060e-01,1.557155286771464420e-01,1.346265508239988858e-03,2.840257451237063451e-03
6.396243322581326440e-01,2.092288811004537341e-01,1.424002835825552149e-01,1.276063498051675663e-03,7.470439560806752324e-03
3.692927135990672349e-01,2.922458026237475526e-01,3.192418924016861004e-01,2.342306402852372283e-03,1.687728497264670904e-02
4.046437140334303018e-01,2.361332552989035827e-01,3.149503355180990338e-01,4.860061972811987804e-03,3.941263317675504363e-02
2.879648641352587912e-01,3.033835648283374486e-01,3.625400344207569958e-01,5.574300959343360742e-03,4.053723565630352327e-02
5.415489098910296617e-01,2.074676767612165518e-01,2.307318473464987918e-01,3.722444818660889179e-03,1.652912118259406218e-02
4.535099964205257517e-01,3.289121192075609712e-01,1.759797470191100666e-01,2.278683340474151140e-03,3.931945401232909282e-02
3.906859859933156653e-01,2.978493277003418371e-01,1.666201066442591083e-01,2.233852379324110463e-03,1.426107272827592531e-01
2.609338848068301076e-01,2.458044397329267605e-01,3.104376049080996292e-01,5.427138720474284153e-03,1.773969318316692134e-01
2.220083159800069483e-01,2.168412727753717129e-01,3.220795211693601723e-01,5.576678691335390688e-03,2.334942113839257871e-01
4.220425328161586664e-01,1.853638561251473027e-01,3.021354935074057058e-01,5.312877877532868991e-03,8.514523967375543789e-02
2.174596274144140751e-01,3.599363015713760716e-01,2.943510532542637503e-01,2.280019262262264305e-03,1.259729984976838968e-01
1.131857924133828075e-01,4.534886001152226842e-01,3.447438862576233110e-01,1.118185562935045856e-03,8.746353565083626880e-02
4.065748738641651316e-01,3.501802057848182326e-01,2.032550056573242947e-01,8.609724192085487296e-04,3.912894227448374812e-02
8.829594292892605223e-01,7.988543796229086169e-02,2.861199436411072938e-02,1.502623672552498850e-04,8.392876017082578910e-03
8.923903524780465446e-01,7.462980185503013952e-02,2.622754575602047333e-02,1.609570745650953471e-04,6.591342836337749089e-03
9.622159281327690161e-01,2.944691206778674714e-02,6.867573371383738079e-03,5.364967136556030724e-05,1.415936756694806441e-03
9.670655690285577810e-01,2.629103511004520291e-02,5.799406597758485077e-03,4.208843681523848838e-05,8.019008268232522560e-04
9.064151853670332493e-01,7.863369073413364885e-02,1.318630383479238270e-02,1.045162195483200082e-04,1.660303844492225407e-03
9.843638108208653259e-01,1.306017896904610245e-02,2.051087734805352465e-03,2.517805009251210022e-05,4.997444251908531119e-04
7.768436165137737603e-01,1.917671319916280648e-01,2.894886778059271859e-02,1.331545290040871913e-04,2.307229185001317701e-03
7.783601921263441081e-01,1.549899366310079629e-01,6.454842445865884015e-02,2.841816150145877007e-04,1.817265168974507546e-03
6.541974776514017931e-01,1.502415954989843594e-01,1.910613396293660005e-01,1.602794605774513501e-03,2.896792614473411420e-03
8.547987067434896780e-01,7.781699058319940798e-02,6.483962277388480300e-02,5.393371178629726131e-04,2.005342781563172489e-03
8.923847259812456301e-01,5.981311684165054737e-02,4.631156211581731463e-02,3.869465355842780906e-04,1.103648525702254557e-03
6.762204281914077075e-01,1.281577474895567448e-01,1.904719265838561437e-01,1.687228346200544179e-03,3.462669388978879739e-03
5.855899142044511674e-01,1.439261645779651710e-01,2.616038552987945409e-01,1.929392591632101209e-03,6.950673327156987359e-03
7.590884453384373343e-01,1.141586571392408933e-01,1.194391369899856226e-01,8.154844553796090217e-04,6.498276076956435027e-03
9.259720255928475252e-01,3.611514808180700531e-02,3.599919260051191727e-02,2.573186543113983892e-04,1.656315070522243211e-03
8.060204740879066687e-01,9.408312443532555747e-02,9.535690143843138233e-02,6.253222828916976846e-04,3.914177755444748011e-03
8.949475226959189289e-01,6.424429753191024384e-02,3.667131258783422332e-02,2.756162186630151697e-04,3.861250965673676538e-03
9.413008875704405032e-01,3.639288425247621389e-02,2.068002088296462537e-02,1.607338835222967542e-04,1.465473410596181960e-03
9.670120503412054092e-01,2.549020156555163383e-02,6.706993683474582989e-03,5.091895051031711825e-05,7.398354592581744523e-04
9.235616469532413886e-01,5.921630334860010503e-02,1.572301545615968285e-02,1.027998977481297177e-04,1.396234344250609459e-03
7.779296442202960904e-01,1.740341155899974290e-01,4.393695722864948694e-02,1.623230683581232772e-04,3.936959892698935898e-03
6.627578696483269471e-01,2.842340795106507167e-01,4.463841033469052172e-02,1.406318710161232706e-04,8.229008635315756062e-03
9.176075071959095553e-01,7.126273891028074570e-02,9.324484436400831341e-03,4.301366828807859247e-05,1.762255789120950340e-03
9.637283627526893603e-01,3.147865420724977464e-02,4.303767167353898977e-03,3.224313045253910049e-05,4.569727422543583880e-04
7.661420728080022835e-01,1.740204519383705128e-01,5.819610646985370894e-02,3.269950270642074924e-04,1.314373756709352487e-03
7.901880479025987780e-01,1.641679613331572529e-01,4.408229574714553345e-02,2.499764335206303709e-04,1.311718583577655296e-03
8.490346435238808054e-01,1.228381611180889704e-01,2.616173109446871814e-02,1.263850755788404581e-04,1.839079187982902222e-03
8.197632298732485667e-01,1.481169899298064863e-01,2.951489818349013056e-02,1.261663162087912318e-04,2.478715697246031135e-03
9.800555358176197274e-01,1.612224097056076666e-02,3.399509043380668193e-03,3.014271886463970053e-05,3.925714495743243618e-04
9.717509979074493431e-01,2.511050228022748340e-02,2.482576109485438304e-03,2.425213211347671457e-05,6.316715707243514494e-04
9.352599981247734506e-01,5.688862560637457377e-02,6.713690096886125447e-03,4.567184793992629902e-05,1.092014324025850297e-03
8.271088337534298063e-01,1.395181007676838669e-01,3.169679318866492485e-02,1.219056616249063570e-04,1.554366628596487096e-03
9.308592420041075233e-01,5.444184608734564668e-02,1.403813219566817441e-02,7.333707974301569075e-05,5.874426331355591486e-04
8.634126978689091736e-01,9.384489692268090100e-02,4.173223117552875283e-02,3.811158089321374336e-04,6.290582239489858141e-04
6.728274828751488190e-01,2.588871381808118821e-01,6.641343819673915794e-02,3.784414723121828309e-04,1.493499274988076926e-03
5.468039238669213375e-01,3.940235177785668674e-01,5.369911340258163440e-02,3.052776539059313130e-04,5.168167298024205561e-03
8.054656869026188826e-01,1.583490215453745020e-01,3.392074957346978559e-02,2.337658795902954111e-04,2.030776098946494856e-03
8.113160173085847138e-01,1.283458398525365030e-01,5.790295548184028196e-02,5.164248018076256393e-04,1.918762555230910365e-03
5.910457333869217900e-01,3.169777557652768696e-01,8.874136236256943699e-02,4.443801362731205793e-04,2.790768348958763256e-03
6.438276955322167483e-01,2.515966617921313042e-01,1.006220632008729965e-01,5.331708925389071685e-04,3.420408582239973030e-03
8.128212012116541318e-01,1.431646186285913114e-01,4.173423289724174923e-02,2.132197787155942922e-04,2.066727483797168100e-03
9.243305029110746585e-01,5.594737732045638318e-02,1.855312459654353402e-02,1.158881713534362407e-04,1.053107000571902076e-03
8.992789954175797185e-01,7.957862743949468964e-02,1.984579487231402650e-02,1.772577500425663046e-04,1.119324520568981685e-03
7.719012490524823633e-01,1.869321790136164174e-01,3.873644631694615065e-02,2.657272633040019729e-04,2.164398353650919850e-03
7.607618164510260295e-01,1.934035232143797856e-01,4.315540739628823813e-02,2.652685059302482525e-04,2.413984432375777638e-03
8.038000565245546625e-01,1.627486610931304645e-01,3.150199158284566064e-02,2.084109570142254810e-04,1.740879842454954186e-03
8.513222606438152207e-01,1.180486570725233220e-01,2.940222683545225951e-02,2.085597486704171717e-04,1.018295699538699327e-03
9.326493368214863189e-01,4.619454447672679404e-02,2.034309188517366071e-02,3.648871017645555952e-04,4.481397148487677043e-04
8.626041158515930229e-01,8.406026370883024068e-02,5.201121363199763536e-02,8.067350069370875622e-04,5.176718006419534900e-04
7.482945098257878236e-01,1.337580246542209583e-01,1.129490874145267915e-01,2.602997831691814066e-03,2.395380273772426509e-03
8.487735290288798140e-01,9.782729608703749635e-02,5.027251838741514378e-02,8.094502192450544814e-04,2.317206277422411472e-03
9.552083528183414884e-01,2.518822763201610318e-02,1.865557726595461555e-02,2.426927548990666242e-04,7.051495287886487941e-04
9.738083486043325188e-01,1.526481067592951740e-02,9.677798692746842138e-03,2.392628163435092713e-04,1.009779210647612346e-03
9.827134290755900059e-01,1.083815485021843820e-02,5.910156427688094752e-03,1.382450279381225477e-04,4.000146185652084089e-04
9.959303525488951703e-01,3.028777631854181682e-03,7.613540846496523072e-04,2.448455819519287219e-05,2.550311764058846558e-04
9.968649254208443722e-01,2.580612015683420631e-03,3.399047848257399093e-04,1.348931050752525938e-05,2.010684681388518412e-04
9.975141661427002759e-01,2.113830521956189343e-03,2.394568426660999901e-04,9.868654032636306573e-06,1.226778386448478669e-04
9.973131651508699846e-01,2.286912704472948612e-03,2.890592848128436501e-04,1.113003656084706239e-05,9.973282328331405338e-05
9.989431588863102451e-01,9.052522698214732688e-04,1.010238841192640446e-04,4.843705836724828423e-06,4.572125391234044473e-05
9.995942962146202593e-01,3.416874994205930664e-04,3.438310617935264946e-05,2.272190440368576303e-06,2.736098933946804821e-05
9.990806414084266729e-01,7.918245497420527699e-04,6.260229756467077422e-05,3.985812113164040023e-06,6.094593215319602842e-05
9.980274390949890329e-01,1.668970737881000097e-03,1.531357339163963416e-04,9.565683678267659061e-06,1.408887495352800442e-04
9.990915707014170755e-01,7.531213150890228407e-04,7.419492771296428498e-05,4.470122330800896005e-06,7.664293345020408430e-05
9.983749059786917179e-01,1.291030254027192813e-03,1.655205951604012148e-04,9.537787471936242829e-06,1.590053846489486379e-04
9.983202885262631998e-01,1.369386810455209018e-03,1.309027366098027641e-04,6.531083379758631490e-06,1.728908432922362864e-04
9.980764304139553289e-01,1.584885012847788658e-03,1.284139068914823668e-04,5.993793562534706750e-06,2.042768727430874687e-04
9.980377964291318182e-01,1.675527031443902175e-03,1.352774170085322509e-04,6.386211078306413852e-06,1.450129113373560031e-04
9.993393046255393264e-01,5.538847997633268919e-04,4.079645887781409058e-05,2.733753363257826560e-06,6.328036245631454566e-05
9.992446558373133669e-01,5.419128984404679352e-04,3.785416073388057185e-05,3.112716554187138360e-06,1.724643869580313126e-04
9.992453229724332919e-01,5.660563280610591153e-04,5.702693044449380345e-05,3.633190985103319825e-06,1.279605780759391015e-04
9.972502513231072951e-01,2.237909576230756852e-03,2.592710016184714616e-04,1.150005683430132194e-05,2.410680422091486823e-04
