9.103375455584812315e-01,2.491443522320536952e-02,3.209305736814609816e-02,5.870324042178765370e-03,2.678463780798860661e-02
9.882349644222636620e-01,5.195404908574846256e-03,3.294689556817803188e-03,9.628210991108406176e-04,2.312120013232906498e-03
9.916879026752704052e-01,5.752596655077625402e-03,1.667461104729132341e-03,1.735857149827662964e-04,7.184538499403671924e-04
9.886196881720897833e-01,9.568902892680558603e-03,1.111784918294154902e-03,6.111892256244328932e-05,6.385050943730233254e-04
9.979329506839781372e-01,1.652473619995064626e-03,2.645438873383878305e-04,1.261091023228148481e-05,1.374208984562218510e-04
9.943922940929381671e-01,3.931144716584254739e-03,6.350835257625594022e-04,3.917723138801149492e-05,1.002300433326996053e-03
9.449654512148544239e-01,4.330794178701347086e-02,8.010475615549197959e-03,2.840313194730124079e-04,3.432100063109876260e-03
7.976334190402009083e-01,1.609747607104871081e-01,3.613418698745751029e-02,6.428245429501050793e-04,4.614808718904486913e-03
9.487082462782951975e-01,4.029533830501848268e-02,9.697422050878114902e-03,1.712815191191499717e-04,1.127711846688889347e-03
9.405933652099636166e-01,4.566780524440332278e-02,1.193306547399536691e-02,1.927698954154585733e-04,1.612994176222221033e-03
9.823016408831847235e-01,1.483616914125696594e-02,2.247108463815825855e-03,4.133027877234429873e-05,5.737512329701681705e-04
9.903824743034335132e-01,3.543164538050767257e-03,1.329948528840693743e-03,1.066883905473352951e-04,4.637724239127811489e-03
9.974879433774681559e-01,7.937243856745069713e-04,2.301202864813395180e-04,2.557439100856159797e-05,1.462637559367312374e-03
9.991238824198487301e-01,2.654822213772548424e-04,1.047482437293182836e-04,1.147074233079473814e-05,4.944163727138771404e-04
9.968658875486923199e-01,1.119329762284835368e-03,4.841582077567379693e-04,5.500621520742441273e-05,1.475618266058683270e-03
9.915499561678609020e-01,3.319271304811376166e-03,2.453267803949400402e-03,1.950028841913431358e-04,2.482501839187147095e-03
9.971098575615144899e-01,9.666885903693396218e-04,4.544759440346676869e-04,4.509749650472853115e-05,1.423880407576688743e-03
9.759289980474591397e-01,3.814996574563492455e-03,1.196904591568979936e-03,1.326790993447939690e-04,1.892642168706363745e-02
9.839061192505762499e-01,3.604324322764801327e-03,1.793417737027039284e-03,1.415541203119100727e-04,1.055458456932008293e-02
9.745195471239247453e-01,7.569353884152797002e-03,1.773433387946459936e-03,7.598130880335840281e-05,1.606168429517268459e-02
9.759618923205565233e-01,3.963560163228886657e-03,1.494467820858007842e-03,5.723229921382835974e-05,1.852284739614273174e-02
8.733452601066213905e-01,5.927296861460771421e-02,7.824893368435070079e-03,9.238122638148369033e-05,5.946449668395453053e-02
9.867780427166732427e-01,8.377813183063506641e-03,1.453917284477287530e-03,2.323419981884681379e-05,3.366992615966891284e-03
9.960205919832275656e-01,2.053352108609148626e-03,4.458648832194728987e-04,1.402133046723359008e-05,1.466169694476713572e-03
9.994042194521703948e-01,3.483380550371102972e-04,7.729159452958585664e-05,3.558535020732857440e-06,1.665923632421769990e-04
9.963883880884809585e-01,2.725347374410373724e-03,3.060640083925173015e-04,9.234554389275675444e-06,5.709659743269775980e-04
9.571064134407600843e-01,3.590238189961902915e-02,2.446770171908892958e-03,4.113868328854346061e-05,4.503295804423403798e-03
8.949780523210001393e-01,3.365027570601845930e-02,3.346147389902656439e-03,6.638664711706999662e-05,6.795913793596143615e-02
9.350282220037151593e-01,3.295625076402283749e-02,3.253585240372279183e-03,7.162458095836854747e-05,2.869031741093135135e-02
9.846960163240425778e-01,7.439401944512202824e-03,2.324694863341900553e-03,1.061475019224114011e-04,5.433739366180910177e-03
9.678617737132175769e-01,2.398746283374325605e-02,2.150421338690050848e-03,5.345268329624943196e-05,5.946889431052882966e-03
9.644550978483756865e-01,3.079004586573916291e-02,1.995264151186817037e-03,2.953059809121163433e-05,2.730061536607022912e-03
9.867768995197405690e-01,1.122445542872950279e-02,6.645933438450244996e-04,1.596816246497484012e-05,1.318083545219841338e-03
9.552433999929234032e-01,4.010799880996782085e-02,1.540135385264144790e-03,2.122782308327823280e-05,3.087237988761432593e-03
9.846291907354294271e-01,1.272611797727329387e-02,5.761805733645489029e-04,9.288049654067412567e-06,2.059222664278656263e-03
9.895208622303640622e-01,7.491885204008492602e-03,3.298669722637174008e-04,6.496276644649971092e-06,2.650889316719090647e-03
9.956302044303945165e-01,2.768680309192531313e-03,1.550701000918775125e-04,5.161783248135305544e-06,1.440883377072852550e-03
9.963426681739622204e-01,2.840303945116104487e-03,1.577498670243425091e-04,3.244014552514778388e-06,6.560339993448663929e-04
9.924102290467616827e-01,5.924064817826145066e-03,2.566378902777961889e-04,4.872802785809762229e-06,1.404195442348553195e-03
9.897172350299071608e-01,3.779787816348674154e-03,2.237484852394095391e-04,6.995737937425597285e-06,6.272232930567242168e-03
9.778470520014092005e-01,3.581168793600152198e-03,2.365241148957734245e-04,8.829407236097804460e-06,1.832642568285867968e-02
9.930512935961330889e-01,3.992324665581348936e-03,3.181308927281670707e-04,7.958774044744199979e-06,2.630292071512535263e-03
9.949726246517989203e-01,3.531018609144934064e-03,4.599781541327089759e-04,1.440946225252974852e-05,1.021969122670934134e-03
9.831520008494974983e-01,1.319977686010850859e-02,1.166588385547761121e-03,3.971810922655257496e-05,2.441915795619583468e-03
9.808377783384705229e-01,1.304134643431287960e-02,9.996686604085915258e-04,4.090392692139438739e-05,5.080302639886635080e-03
9.781669981400378244e-01,1.356951826369177418e-02,2.078673389488421182e-03,1.164727325586007811e-04,6.068337474223198941e-03
9.835163960220859591e-01,1.061194022262691890e-02,1.502091176235523674e-03,1.149554315289764788e-04,4.254617147522686375e-03
9.832975769868030902e-01,1.069665241068567738e-02,2.097511688162368923e-03,2.065705941245846221e-04,3.701688320224173420e-03
9.877531820970342213e-01,4.719111264328915319e-03,9.740353659911852148e-04,1.410079162360132075e-04,6.412663356409633447e-03
9.803689286717378604e-01,8.837507412338354087e-03,1.438357997990425893e-03,1.668870477676669681e-04,9.188318870165888136e-03
9.536516927445902736e-01,2.934141262043872198e-02,5.077962364126538918e-03,2.621577987043403543e-04,1.166677447214004536e-02
9.602042386084140846e-01,2.613170298522971349e-02,7.863393370602846794e-03,4.104626523707281859e-04,5.390202383382621844e-03
9.801948496218346740e-01,6.538091947264192648e-03,2.806482014445279075e-03,2.698405656644845777e-04,1.019073585079140545e-02
9.383976252456477374e-01,1.950303804236422009e-02,1.090333373297144165e-02,6.038656953416236687e-04,3.059213728367507143e-02
9.406903444426170102e-01,2.209994717303125078e-02,5.293475770336863485e-03,2.848019515618122554e-04,3.163143066245305279e-02
9.677908722869550395e-01,1.497208578554791100e-02,4.688333819866405058e-03,1.635536408964529168e-04,1.238515446673412596e-02
9.635206164594485312e-01,1.373391899535729606e-02,2.194904238160208694e-03,9.220018791810612971e-05,2.045836011911597932e-02
9.363896719271274094e-01,1.138275062360275328e-02,1.693598324344563512e-03,8.571340186122746547e-05,5.044826572306414236e-02
9.809812855558952549e-01,6.388338296790389489e-03,7.489310975444044005e-04,2.757549157776534670e-05,1.185386955819216388e-02
9.934941580840146447e-01,1.482588189147757965e-03,4.537364245433456221e-04,2.322451324905510652e-05,4.546292789045145583e-03
9.761519563135769850e-01,7.518998313059412422e-03,2.547658368415248349e-03,7.771322352011924921e-05,1.370367378142816478e-02
9.955478624678103516e-01,1.242793817766382671e-03,2.883761476135666252e-04,1.677656603657955652e-05,2.904191000773026585e-03
9.920440691747012263e-01,1.890071381168791738e-03,4.512176380835493904e-04,2.396892723053693425e-05,5.590672878815897313e-03
9.825336742433352644e-01,6.421443431888568948e-03,7.486435012971815080e-04,3.020836643542902368e-05,1.026603045704359979e-02
9.764351908987412010e-01,1.217842451825108287e-02,2.225651032399928158e-03,6.836348211555430250e-05,9.092370068492292359e-03
9.740351964744011770e-01,1.247701587686784325e-02,1.949513428298664487e-03,5.835155111474593870e-05,1.147992266931767077e-02
9.928874880800229175e-01,1.919114953005844788e-03,4.114791889909070392e-04,1.686143349627149566e-05,4.765056344484159233e-03
9.835297495000591139e-01,2.204537915454915335e-03,5.590666856107903530e-04,3.011478326433583027e-05,1.367653111561087896e-02
9.834889348202363601e-01,6.289825485756782644e-03,8.841967232672715568e-04,3.463478549837797882e-05,9.302408185241110503e-03
9.931517480897855688e-01,2.507706032240998670e-03,4.236456723866119378e-04,2.296418884723553378e-05,3.893936016739796366e-03
9.943745368567916687e-01,2.007869060384242111e-03,2.911095829266193628e-04,1.733489697768347446e-05,3.309149602919853311e-03
9.924031347793379476e-01,4.974291778938982368e-03,5.678220266213973057e-04,2.315818774438092517e-05,2.031593227357316508e-03
9.928307614286510097e-01,3.180383259593646227e-03,3.082448282318125043e-04,1.461750232265559416e-05,3.665992981200872150e-03
9.930100962914925056e-01,2.099512196514685160e-03,2.387046874503192823e-04,1.437353777151210131e-05,4.637313286771007660e-03
9.955378224786256558e-01,1.942531860092781880e-03,2.673766683596373790e-04,1.501586481209142146e-05,2.237253128109683263e-03
9.978757361451499053e-01,6.646259857408329946e-04,1.256303923702205717e-04,8.822954810501450526e-06,1.325184521928553195e-03
9.980942590066965714e-01,6.055246581924616589e-04,1.008998883449002963e-04,7.711601899974959698e-06,1.191604844866156606e-03
9.954410061912087881e-01,2.649411032855688176e-03,4.476037713719296864e-04,1.830379463886970063e-05,1.443675209924644457e-03
9.936390905432962439e-01,4.743488356614090386e-03,7.896928685681397619e-04,2.404936902982673621e-05,8.036788624914845353e-04
9.948870868497914355e-01,2.766525614914182220e-03,3.573897170794011779e-04,1.804106427944075409e-05,1.970956753935353221e-03
9.941716171033835314e-01,3.326594513876226285e-03,5.651230307041144388e-04,2.393161038358701902e-05,1.912733741652583109e-03
9.979567438006186064e-01,1.072606692064800686e-03,1.562685668857130832e-04,7.936266706943553062e-06,8.064446737239103387e-04
9.966843430735681242e-01,7.711449832838877718e-04,1.467905524785569039e-04,1.109585012355449525e-05,2.386625540545985868e-03
9.970739139248019356e-01,1.123194936969778126e-03,2.670937768156775240e-04,1.513329805090338429e-05,1.520664063361623804e-03
9.921250617235770619e-01,1.783578696496001571e-03,3.590449403753103222e-04,2.175096509468636054e-05,5.710563674457136071e-03
9.983993603793562821e-01,8.709743972223809097e-04,1.203940667474622390e-04,6.808979789498257606e-06,6.024621768845342612e-04
9.966801037366338489e-01,2.531479968159918228e-03,1.826056792580455532e-04,6.811399992756893068e-06,5.989992159553231927e-04
9.979693458614039558e-01,9.141763106887988493e-04,8.031007620859268131e-05,5.472974200070785227e-06,1.030694777498556607e-03
9.970736632794823251e-01,1.850932051249642345e-03,1.620666085197254027e-04,6.891083682654460713e-06,9.064469770659839892e-04
9.941722998366860908e-01,4.669182158443396444e-03,3.693339711884031993e-04,1.321124333497751127e-05,7.759727903471102303e-04
9.964700019219610017e-01,2.724183765090655573e-03,1.984486586883893087e-04,8.378327415846391666e-06,5.989873268441003309e-04
9.961216978929688937e-01,2.302871330777022697e-03,1.985626075367570955e-04,9.064121382797271477e-06,1.367804047334444332e-03
9.844964005668694895e-01,1.231915812612522677e-02,7.251245929816992845e-04,1.902459747296302741e-05,2.440292116550531534e-03
9.975241755494171914e-01,6.387426165521534931e-04,1.104355318321867516e-04,7.936255137410215446e-06,1.718710047061045194e-03
9.984793603962323072e-01,6.765251688978726622e-04,1.280269053200967181e-04,7.001614779169897390e-06,7.090859147705302987e-04
9.948305288370968835e-01,1.489681367204842349e-03,2.576964139841285742e-04,1.472754136945918636e-05,3.407365840344591095e-03
9.911906245610739852e-01,3.522972741879115948e-03,6.118482533421477302e-04,2.969130908870264490e-05,4.644863134616080379e-03
9.948687373503146691e-01,1.768219367060220237e-03,2.792819800811333140e-04,1.249921598977585930e-05,3.071262086554141409e-03
9.902514306201961602e-01,5.310211201820052435e-03,9.865961213705461662e-04,2.587442099796974157e-05,3.425887635615310241e-03
9.951894447940918820e-01,1.324009058691322108e-03,2.666674966430260751e-04,1.848319812655130039e-05,3.201395452447136723e-03
9.917308073491170051e-01,4.072928209395473148e-03,9.005432302370496543e-04,3.104443687702898152e-05,3.264676774373206827e-03
9.947065740506373377e-01,2.086438016238821840e-03,3.690299256915985089e-04,1.705723916565638152e-05,2.820900768266731799e-03
9.980847698847763461e-01,1.024369308119042450e-03,2.082514238246983818e-04,9.393182715795857118e-06,6.732162005641940776e-04
9.965280793027740946e-01,2.395449128661819495e-03,2.823614907627889302e-04,1.162963989380249276e-05,7.824804379075375998e-04
9.973927530062707270e-01,8.788945048227658026e-04,1.498990669410701687e-04,1.040637717668714046e-05,1.568047044788675737e-03
9.983876548400738571e-01,5.331190272543574922e-04,7.899884267144188039e-05,6.070875650124027805e-06,9.941564143501669705e-04
9.978958256242964620e-01,1.107135830987712212e-03,9.792473951752629668e-05,5.714680645213292730e-06,8.933991245530910558e-04
9.985009155461582742e-01,4.749000645729143950e-04,5.885962938675670810e-05,4.254005610709944977e-06,9.610707542714006131e-04
9.991668581274165684e-01,4.911229618450565961e-04,7.105552116393216305e-05,3.338936903006951230e-06,2.676244526716100463e-04
9.864309859299966732e-01,1.116197233715446671e-02,6.881788755658976809e-04,1.740520075280419510e-05,1.701457656530229673e-03
9.907985241854658787e-01,5.367712757114288975e-03,5.533137585242077928e-04,1.626373915846479555e-05,3.264185559737333049e-03
9.911509382749376096e-01,5.251555886333213186e-03,2.034040663803662625e-03,3.861996868833525849e-05,1.524845206237054711e-03
9.914361310782814352e-01,2.555071869723015733e-03,8.102128040119144876e-04,3.882240417317419246e-05,5.159761843810569716e-03
9.971493143504054357e-01,7.065731362573520261e-04,1.735924411865283920e-04,1.211860738245697025e-05,1.958401464768232385e-03
9.944360313989353273e-01,1.416260914416115442e-03,2.541821904619493127e-04,1.743178080667959291e-05,3.876093715380067410e-03
9.974939932626440964e-01,6.976696948588256885e-04,1.183318675954797821e-04,8.832581850964937344e-06,1.681172593050548648e-03
9.974109893291049911e-01,1.231439028442236601e-03,1.434044023413942755e-04,8.516936607593748130e-06,1.205650303503708011e-03
9.966230828920343843e-01,1.284494730768478022e-03,2.477561052593067682e-04,1.204705255867800952e-05,1.832619219379300708e-03
9.931031892599018196e-01,1.502954666817592818e-03,1.913457114056450238e-04,1.455666436553273726e-05,5.187953697509302409e-03
9.977437570176673765e-01,6.517610277204154232e-04,8.353080396863189750e-05,5.521383552643059612e-06,1.515429767090946747e-03
9.986114563819330492e-01,6.819294211392664274e-04,1.026271732896633722e-04,5.627849767513454790e-06,5.983591738704561406e-04
9.924114861178153779e-01,2.477486640359181577e-03,3.353126672066940729e-04,1.760876683114383248e-05,4.758105807787529895e-03
9.926216761242940834e-01,2.461873535567230160e-03,4.597645100313110605e-04,2.809134371151599102e-05,4.428594486395786602e-03
9.854644868883463138e-01,1.491259445612336731e-03,7.703148573713939577e-04,8.821797395567961453e-05,1.218572083471423061e-02
9.928282806266545135e-01,1.950623017967848850e-03,6.400876965000091559e-04,4.014936818542480035e-05,4.540859290692072364e-03
9.983549142777092822e-01,1.022920236798085343e-03,2.002425630437907071e-04,9.797087223581716500e-06,4.121258352253668981e-04
9.940884661110874765e-01,3.425608568152247596e-03,3.881818232321840030e-04,2.071458558848580524e-05,2.077028911939659064e-03
9.988661850992880398e-01,5.540388743500342930e-04,7.656427094700529094e-05,5.011622860696299124e-06,4.982001325542382772e-04
9.989078225138633416e-01,5.894269173114407732e-04,1.040687933836863786e-04,7.924501894704874126e-06,3.907572735468756750e-04
9.986514720476288298e-01,8.155202993414421755e-04,1.523656860563361534e-04,1.052547036663431389e-05,3.701164966066597438e-04
9.976624120622424874e-01,1.566712322907800161e-03,2.585175967412021254e-04,1.619620731555395065e-05,4.961618107928685625e-04
9.993895866741956402e-01,3.767389158444473148e-04,6.706474561662826087e-05,5.707642841515052859e-06,1.609020215018354264e-04
9.990917985141687385e-01,6.092821396995783470e-04,1.218911721526691569e-04,9.863907387997701817e-06,1.671642665910238882e-04
9.978697386621110388e-01,1.636990976920176324e-03,2.912670328636336910e-04,1.447617997052009641e-05,1.875271481346400750e-04
9.994421412677696459e-01,3.914440125327943161e-04,1.053579735036559169e-04,8.503080435819249658e-06,5.255366575800025258e-05
9.992413664129590201e-01,5.033408785575583166e-04,1.563914245074907378e-04,2.125714979668301936e-05,7.764413417917886669e-05
9.995363053137360509e-01,2.724090768679290008e-04,1.047507796713745525e-04,1.820123972456883006e-05,6.833359000016369939e-05
9.994585321651618948e-01,3.766899249565709012e-04,7.728839520367011893e-05,1.062697989128899840e-05,7.686253478663035465e-05
9.996526224862891663e-01,2.191620412992204047e-04,4.379021649636049738e-05,6.567593033312069013e-06,7.785766288202251731e-05
9.996798442635033144e-01,2.066852039427897569e-04,2.967341221328449093e-05,4.337127003276100726e-06,7.945999333741320526e-05
9.996784417055250005e-01,1.750534318227578011e-04,2.911382569282402357e-05,4.083094749292006387e-06,1.133079422100121780e-04
9.996015175648157447e-01,1.808886383988648388e-04,2.935671547689911308e-05,3.732128588703970103e-06,1.845049527199798601e-04
9.992931535744690175e-01,2.442075183748914345e-04,4.101926708553104090e-05,5.920242991983032845e-06,4.156993970786336512e-04
9.988978725472663633e-01,3.615346839176621931e-04,8.918161723541720865e-05,1.089736724586577835e-05,6.405137843346190608e-04
9.990732893683749172e-01,5.444743501347138435e-04,1.014086584078087308e-04,9.172753820860570504e-06,2.716548692618205355e-04
9.992648403782260491e-01,3.282208851869741198e-04,4.930175665970392242e-05,5.528004983941761961e-06,3.521089749434033094e-04
9.994203156414226408e-01,4.190213759682478523e-04,4.082126284633202175e-05,2.566986078072602846e-06,1.172747336847542154e-04
9.991379436283511772e-01,7.136312078597465032e-04,3.518345188696686999e-05,2.369881670906543959e-06,1.108718302311871465e-04
9.989708518626744249e-01,8.667621610362177603e-04,3.697429862153302107e-05,2.187869590782090784e-06,1.232238080769401016e-04
9.983107233702587235e-01,1.453452099085547969e-03,8.551853809350229516e-05,3.372279286129393517e-06,1.469337132760925385e-04
9.988404972179593111e-01,1.028067999489298747e-03,4.745673953503950387e-05,2.219799287253747320e-06,8.175824372903283169e-05
9.992392051236168582e-01,6.645702950193655605e-04,3.626246719704758885e-05,1.762389208615886847e-06,5.819972495801938647e-05
9.986995373159041067e-01,1.154640167375505129e-03,5.631485215052424692e-05,2.539731887628860296e-06,8.696793268219349046e-05
9.985800820863071081e-01,1.247735348098148863e-03,8.776027961915127892e-05,3.908320578540336107e-06,8.051396539717747543e-05
9.987357639711142987e-01,1.130765530960237955e-03,7.407743000893984864e-05,3.912275264840710544e-06,5.548079265161555884e-05
9.982130798211874545e-01,1.611851215533993079e-03,8.737310129111586741e-05,3.967977385000761883e-06,8.372788460227918370e-05
9.972494531565274656e-01,2.504075338417309938e-03,1.152910175720261006e-04,4.772060537748297612e-06,1.264084269455038260e-04
9.992782354060026906e-01,6.381761842796757848e-04,3.859450510565698390e-05,1.864969164459736967e-06,4.312893544754579759e-05
9.996498111791319863e-01,3.035021712763926274e-04,1.880060674991368836e-05,1.186303955418831986e-06,2.669973888628646502e-05
9.988906772724280847e-01,9.643541556853758899e-04,5.883491871667260884e-05,3.022175410101599061e-06,8.311147775992210279e-05
9.990191115093266516e-01,8.603069936087914078e-04,5.249800830703868916e-05,2.722271099273082205e-06,6.536121765846734000e-05
9.993039569244775988e-01,6.091369658176664335e-04,3.987155744879010237e-05,2.415259269412873860e-06,4.461929298656698822e-05
9.993738434151288041e-01,5.426164441633205947e-04,3.854148791978520474e-05,2.682749145890216838e-06,4.231590364200617010e-05
9.992961810836196168e-01,6.180728271992142918e-04,3.210610765283784367e-05,2.435081019788726648e-06,5.120490050849864035e-05
9.992164242246991401e-01,6.856199066103594274e-04,3.540645870393713815e-05,2.450418859910220955e-06,6.009899112670356956e-05
9.991081424390391152e-01,7.865614656343412718e-04,5.176572912656331475e-05,3.335444508043482392e-06,5.019492169200255360e-05
9.988367942070738303e-01,1.000280557915525287e-03,1.039767328213184883e-04,5.246834454475314381e-06,5.370166773479985277e-05
9.980191536615977688e-01,1.735837047301742224e-03,1.707901422479856984e-04,7.169122021365044778e-06,6.705002683113963561e-05
9.960435095773021441e-01,3.493284080942021461e-03,3.566816347315045752e-04,1.399616095703001172e-05,9.252854606728075468e-05
9.963976778947059021e-01,3.244887315569684218e-03,2.624945416790716579e-04,8.076328015369064700e-06,8.686392003012547379e-05
9.971051104036753321e-01,2.630878159172123087e-03,1.631166083372673486e-04,6.449031794005134218e-06,9.444579702126240542e-05
9.961461412239055457e-01,3.496998522357739388e-03,2.415303821445685391e-04,7.191430383662214674e-06,1.081384412085799931e-04
9.969061591305573566e-01,2.810607338764983202e-03,1.638242653569359913e-04,5.910834043901745503e-06,1.134984312767287019e-04
9.975044271901918336e-01,2.190445265299236638e-03,2.127355953348907620e-04,7.688422256147023107e-06,8.470352691780500725e-05
9.973143578382019925e-01,2.338948454467391653e-03,2.635045331099508410e-04,1.003067677834378250e-05,7.315849744251340272e-05
9.961843447062228574e-01,3.297260920120690785e-03,4.175240038972433771e-04,1.481723838279301500e-05,8.605313137641679589e-05
9.974563897840198479e-01,2.206073986869801825e-03,2.580892810390776723e-04,1.051875639597970996e-05,6.892819167509380777e-05
9.969442867814828357e-01,2.715208091289675243e-03,2.634871167980970389e-04,1.033763758594307822e-05,6.668037284346068694e-05
9.971410737194226215e-01,2.507084674568934701e-03,2.393928038659605330e-04,9.290493365787477845e-06,1.031583087767570290e-04
9.951718588952498390e-01,4.246035356135956229e-03,4.233938796913821741e-04,1.533227705841232647e-05,1.433795918644928922e-04
9.934554682399866499e-01,5.841664183593890843e-03,5.386255822049828331e-04,1.704992823925417729e-05,1.471920659750898758e-04
9.928113304737521405e-01,6.394909242045403522e-03,6.124971668471047501e-04,1.711949835941763365e-05,1.641436189959229088e-04
9.899595907720256660e-01,8.818371037635244075e-03,1.013526812154792039e-03,2.698542690429468719e-05,1.815259512800501012e-04
9.971495029740404803e-01,2.500865058098086357e-03,2.601871631375109271e-04,1.069994646632015350e-05,7.874485825755213526e-05
9.976724226753118652e-01,1.991523107559568274e-03,2.521156887160174516e-04,9.248122635891283292e-06,7.469040577653322886e-05
9.965865535026130484e-01,3.066342619947845342e-03,2.483830757250218716e-04,9.919354755657478558e-06,8.880144695837052121e-05
9.916397146717097488e-01,7.371902235602209238e-03,8.131647545718142210e-04,2.184257176123437173e-05,1.533757663550292688e-04
9.953064769732230532e-01,3.969827195697783924e-03,5.983109954902327910e-04,2.259468095626400642e-05,1.027901546324837891e-04
9.948593574448481025e-01,4.404345394234275048e-03,5.895466080890770675e-04,2.547119807129621892e-05,1.212793547574351002e-04
9.949958966867794574e-01,4.175198672139350878e-03,6.830294980083548599e-04,2.188405246998813814e-05,1.239910906027915716e-04
9.979572705757571160e-01,1.719610280914695040e-03,2.599358685308275369e-04,1.043878685776359171e-05,5.274448793966831999e-05
9.975071531312363904e-01,2.175173387481463012e-03,2.414882106623299088e-04,1.181140143883828609e-05,6.437386918101046542e-05
9.974183547446517917e-01,2.238664137157181031e-03,2.613780575953961616e-04,1.256842628486070307e-05,6.903463431076873561e-05
9.975896169030783467e-01,2.008964523853196734e-03,3.170267465868865887e-04,1.446443657768105596e-05,6.992738990394968589e-05
9.982394607261390052e-01,1.511031323636918833e-03,1.877708882592320368e-04,9.826667669167974900e-06,5.191039429571770158e-05
9.961852051207599201e-01,3.346481907274728978e-03,3.198469828202151724e-04,1.312927418520405074e-05,1.353367149600891042e-04
9.973158231002584584e-01,2.316169920195602309e-03,2.626902116363318256e-04,1.142648088626004262e-05,9.389028702327061309e-05
9.949356993272735483e-01,4.456480672434529576e-03,4.255313737850388253e-04,1.484365457445264979e-05,1.674449719324479539e-04
9.898478158972082719e-01,8.943259177289978115e-03,8.640750318680371364e-04,2.229762305826781083e-05,3.225522705754992731e-04
9.916947533031850170e-01,6.994073784380487602e-03,1.067036909443829645e-03,2.930636089676073885e-05,2.148296420937875490e-04
9.961278001892677203e-01,3.319786653581619732e-03,4.316857429641025781e-04,1.360949692031588457e-05,1.071179172664050820e-04
9.925122774508533530e-01,6.522943852353998810e-03,7.541908987083772086e-04,1.988345566163120839e-05,1.907043424228181097e-04
9.954110306467237601e-01,4.056453343934577661e-03,3.907799352310965661e-04,1.105927102602067933e-05,1.306768030844508623e-04
9.938436284594465153e-01,5.440949150032716765e-03,5.355542411703302771e-04,1.418477927467086291e-05,1.656833700757757619e-04
9.924127375903445403e-01,6.648022105171933621e-03,6.828495877210992394e-04,1.603191503406692904e-05,2.403588017282937302e-04
9.945062064094681853e-01,4.803965373701790317e-03,4.921076099704159565e-04,1.199435308298198451e-05,1.857262537766543034e-04
9.945967393955341684e-01,4.721590506052042620e-03,4.997416258582825692e-04,1.533343147902118680e-05,1.665950410763644641e-04
9.941972743148063119e-01,5.146406362874766764e-03,4.835605929211974491e-04,1.308488520092233371e-05,1.596738441969746823e-04
9.823432839872376920e-01,1.600412924351501606e-02,1.342313627477357326e-03,2.329927449946940765e-05,2.869738672703253711e-04
9.861340743997090152e-01,1.242945142985600951e-02,1.146991817386926139e-03,2.222918199042241345e-05,2.672531710576996999e-04
9.794129874304008387e-01,1.840450842092601624e-02,1.745767299701305722e-03,3.016948888817677670e-05,4.065673600835931364e-04
9.862128518597018667e-01,1.234054452438450473e-02,1.124042650556432302e-03,2.020109672794056328e-05,3.023598686291558910e-04
9.859576619214099891e-01,1.243829987915896079e-02,1.286092624816937736e-03,2.339299943333530843e-05,2.945525751807948197e-04
9.886975105666567787e-01,9.714863948576568653e-03,1.355703620972564371e-03,2.569150313068403217e-05,2.062303606634978556e-04
9.928699143936176030e-01,6.046424822582382314e-03,8.946700631071617194e-04,1.856711865132333838e-05,1.704236020414778190e-04
9.867393742627325048e-01,1.173707443110139775e-02,1.254385763205054715e-03,2.419037073616885287e-05,2.449751722248125685e-04
9.571873764303825416e-01,3.936728186016994618e-02,2.845221361319163599e-03,3.682987347457780572e-05,5.632904746539882422e-04
9.719943236310309986e-01,2.490917579509553670e-02,2.466177239718977260e-03,3.588044467627548586e-05,5.944428894781452572e-04
9.776278405637478519e-01,1.977926543800481718e-02,2.141861656433198709e-03,3.329996258604864435e-05,4.177323792280333934e-04
9.448697841039698231e-01,4.986784656244371006e-02,4.554723623765840300e-03,5.119269926063514740e-05,6.564530105600986784e-04
9.446987180622178348e-01,4.898655296101918355e-02,5.570910011955899042e-03,5.264807013065065072e-05,6.911708946764395529e-04
8.970433516437955612e-01,9.104879153683369253e-02,1.079687769014578934e-02,8.026901744183644093e-05,1.030710111783272312e-03
6.748263603912233455e-01,3.000694990377612004e-01,2.220032765976380842e-02,7.839454794602061056e-05,2.825418363305604030e-03
6.864409617783138184e-01,2.824619400949908155e-01,2.719073809057437688e-02,8.723171720889706811e-05,3.819128318912118260e-03
8.366129994844462292e-01,1.416082679946155110e-01,1.948748978102738186e-02,7.091361442022627558e-05,2.220329125490455753e-03
4.149183949063678933e-01,5.289988291168177259e-01,5.247069164086957255e-02,1.103280793798289410e-04,3.501756256564946337e-03
4.703856572259910163e-01,4.656131035675522556e-01,5.883356034919849653e-02,1.180226001360581203e-04,5.049656257122274450e-03
3.809275637637579148e-01,5.476601972484166359e-01,6.627113600594965181e-02,1.292601399097010858e-04,5.011842841966008058e-03
7.871352356038237019e-01,1.796864980172878101e-01,2.838552423911412659e-02,1.106329820825876099e-04,4.682109157691674226e-03
9.924212064494596364e-01,5.384283155830187420e-03,1.796980025608115343e-03,6.698817941788631270e-05,3.305421896841916063e-04
9.951031682227016173e-01,3.666112624078275185e-03,1.008245657790547787e-03,5.616319214731509200e-05,1.663103032822379449e-04
9.933327709969042019e-01,4.075192895124684495e-03,2.303117000456152835e-03,1.770744388721844087e-04,1.118446686427189060e-04
9.845177252221279929e-01,4.584831094162017742e-03,9.596297901856634671e-03,1.208244603141871978e-03,9.290117871158673165e-05
9.636791367785809692e-01,1.751151293323812558e-02,1.719809642188679238e-02,1.289136568464505474e-03,3.221172978296281126e-04
9.909876861397233228e-01,4.842565638834722165e-03,3.181569587330093391e-03,2.659512881477448703e-04,7.222273459641544418e-04
9.932414380642805574e-01,3.044081220166241272e-03,2.480204921995316641e-03,1.716289896353004969e-04,1.062646803922507981e-03
9.984460343407565164e-01,9.185073436057419969e-04,3.954733394079737040e-04,2.661632965504240344e-05,2.133686465746461127e-04
9.986163039077222692e-01,8.723726929854877347e-04,2.769063376459520451e-04,1.874398551618176734e-05,2.156730761300904790e-04
9.982726907717881515e-01,8.960349297692891003e-04,2.958043292267844410e-04,3.107902762800621800e-05,5.043909415878274159e-04
9.987473027229546441e-01,7.495369600813610658e-04,1.889792521168355544e-04,1.640305082220522786e-05,2.977780140249438115e-04
9.991434446676662473e-01,3.963122734240823218e-04,8.631747162190746888e-05,9.892029864504284692e-06,3.640335574233314405e-04
9.988376052540012262e-01,8.047658411886413499e-04,1.132992580433981190e-04,8.009707536946163717e-06,2.363199392296600279e-04
9.989431302555595860e-01,7.081584255047596466e-04,1.091228054455558086e-04,9.603094629275560473e-06,2.299854188608470090e-04
9.958137674060203448e-01,2.799624203048381183e-03,4.631005647009267339e-04,3.595813668400291228e-05,8.875496895463929215e-04
9.939792706283798740e-01,4.377704706942017569e-03,6.221998284017860080e-04,3.182721291306528307e-05,9.889976233633380846e-04
9.969545105365287263e-01,1.808556341634543580e-03,2.687105344584934333e-04,1.458766681834625502e-05,9.536349205598981370e-04
9.959600592951691755e-01,2.816198950132560962e-03,2.081896279575527189e-04,1.018544009929799107e-05,1.005366686641428770e-03
9.990305643973673710e-01,5.295940715321783860e-04,5.465532855927022208e-05,3.603027129280371828e-06,3.815831754117951242e-04
9.952662542811741009e-01,3.676348696326661118e-03,1.998766545294393914e-04,7.951260374462059904e-06,8.495691075952340431e-04
9.967732061728529214e-01,1.916357500883008507e-03,1.071278156834799269e-04,4.222222780038113139e-06,1.199086287800556422e-03
9.839522854121089956e-01,1.290683796857211921e-02,5.467966801922210162e-04,1.100382580551280127e-05,2.583076113321084409e-03
9.736016382103246380e-01,2.346091749135796600e-02,7.758302211526746546e-04,9.231619978264039752e-06,2.152382457186492216e-03
9.949191653947134784e-01,4.464629251658838206e-03,2.477253746933991011e-04,5.228627410987733077e-06,3.632513515231633699e-04
9.954952411421490455e-01,3.874573249162936456e-03,1.972139256400545250e-04,4.744576036299156114e-06,4.282271070117462438e-04
9.518982269918685457e-01,4.421856857550630210e-02,1.681927787127140972e-03,1.642391725012180937e-05,2.184852728247837182e-03
9.851052300462660449e-01,1.214083095805121651e-02,5.514526671770053927e-04,8.844322043068573869e-06,2.193642006462801202e-03
9.720471915047440570e-01,1.942183190984588664e-02,1.300450140302199199e-03,2.066997263033432339e-05,7.209856472477247161e-03
9.753140965782569616e-01,1.736526030802722567e-02,2.068212810763721179e-03,4.623421931425509564e-05,5.206196083637853328e-03
9.029012967193951189e-01,5.911741695443319122e-02,1.947193109347157905e-02,2.138709745681448911e-04,1.829548425813203386e-02
7.692652449295360739e-01,1.631003436435478904e-01,3.702191169309089480e-02,2.209278528659104027e-04,3.039157188095931855e-02
5.564222674890256792e-01,3.312959718007653653e-01,8.957368681262446730e-02,2.621288344466231627e-04,2.244594506313785445e-02
6.054513697292470686e-01,2.960752750739819028e-01,6.039315912486513394e-02,2.439311294675121974e-04,3.783626494243830934e-02
4.158618337847000967e-01,4.756220490410307256e-01,8.362151860298897010e-02,2.039722862199106921e-04,2.469062628506026383e-02
8.054847935459643615e-01,1.572532732622011487e-01,1.937552957247467081e-02,1.064496694462964220e-04,1.777995394991343028e-02
9.390499170161038522e-01,3.911515043243917605e-02,6.098706035827189918e-03,6.124294860507234874e-05,1.567498356702467718e-02
8.118749972816441396e-01,1.496465644134036543e-01,1.436269966675275331e-02,9.721974763308152071e-05,2.401851889056630732e-02
9.122926937000042091e-01,4.081961668405911098e-02,4.704045099561882624e-03,6.116607919474313345e-05,4.212247843717990131e-02
9.542197481657699321e-01,1.671963765166584182e-02,2.514224463028971734e-03,6.008102884680116464e-05,2.648630869068841279e-02
9.624163140333777955e-01,2.273262156265401512e-02,3.351406935089744701e-03,6.337750994932919647e-05,1.143627995892917276e-02
9.349331435151081449e-01,4.545056953131841604e-02,4.956078408339914011e-03,7.040524227197699012e-05,1.458980330296157611e-02
9.525348285280221816e-01,1.393731362075980446e-02,1.732311973619216332e-03,4.246806205830530649e-05,3.175307781554062569e-02
9.721103299876747705e-01,1.342500280168266828e-02,1.290027851421696615e-03,2.957522990087951985e-05,1.314506412931991559e-02
9.834118476299062994e-01,8.737649124259604452e-03,6.261649716582406468e-04,1.570851165968462505e-05,7.208629762516161575e-03
9.916301386493009407e-01,5.539105017856889475e-03,4.177850593370580523e-04,1.248341238939754023e-05,2.400487861115669416e-03
9.842573071175413357e-01,9.634393310835280902e-03,1.413240500403853839e-03,4.066302584115462181e-05,4.654396045378208016e-03
9.881914395266434559e-01,3.701448063395714003e-03,6.778929692623982418e-04,3.073617630485523495e-05,7.398483264393707418e-03
9.660359550339191470e-01,9.269355625182086611e-03,1.334797001998616964e-03,4.645057221749070050e-05,2.331344176668278742e-02
9.561543948118809144e-01,1.339493328863976089e-02,1.478472246606266863e-03,4.220791087119074049e-05,2.892999174200176077e-02
9.559809738688517244e-01,5.013271871636921194e-03,8.497783205220586908e-04,4.268898361010041442e-05,3.811328695537918865e-02
9.732388223448331654e-01,7.554332552895486746e-03,1.321431559983614898e-03,7.515898012329437516e-05,1.781025456216444453e-02
9.735245833807890659e-01,4.532383108379509432e-03,5.501489584614045140e-04,3.217416342623752952e-05,2.136071038894392024e-02
9.497728658741970698e-01,1.579596351206513996e-02,1.291570863928123182e-03,3.921833347971971905e-05,3.310038141633001724e-02
9.422643390913856276e-01,8.024975113571416324e-03,7.443959708349198517e-04,2.774571529101008377e-05,4.893854410891695927e-02
9.124617618493962024e-01,3.663114677819180598e-02,2.272067763841917679e-03,4.087876529464819317e-05,4.859414484327546913e-02
8.586883733556250897e-01,7.203826885810692138e-02,3.859438000080408094e-03,4.378091565542776615e-05,6.537013887053214067e-02
9.217754205731821804e-01,7.030589100371142236e-03,6.634112695396506172e-04,2.437028256931828113e-05,7.050620877433773359e-02
9.762315367492218066e-01,1.719520364818389463e-03,2.672590252774476667e-04,1.712370367102499121e-05,2.176456015701127428e-02
9.682601631788857466e-01,1.482334205198947760e-03,2.687979501060964267e-04,1.933411853632258784e-05,2.996937054727297559e-02
9.700359001585235896e-01,2.079295563271908384e-03,3.036408103619259321e-04,1.702560524728022578e-05,2.756413786259539339e-02
9.445886992989879216e-01,3.470463589711020487e-03,4.772735847616145738e-04,2.661573151152500080e-05,5.143694779502810260e-02
9.615457647255444273e-01,1.378294981159958578e-03,2.290200848814755998e-04,1.848370990606467424e-05,3.682843649850807421e-02
9.301940495979837964e-01,3.166610330929819830e-03,3.779015148457955933e-04,2.468648608011856957e-05,6.623675207016040123e-02
9.256846286396808177e-01,3.183685551379051258e-03,3.133658804664084599e-04,2.094431419770288752e-05,7.079737561427595915e-02
9.301566615642200553e-01,6.717823536553171188e-03,9.032670456027617166e-04,4.061007376168480855e-05,6.218163777986222829e-02
9.621514627970120248e-01,3.593879689383753986e-03,4.091568234654710881e-04,1.768769023498894825e-05,3.382781299990377660e-02
8.844115187200850547e-01,5.022568941270852752e-03,4.138163921672106623e-04,2.093627896578979344e-05,1.101311596675110388e-01
8.812486509142366531e-01,8.939126230533847584e-03,8.093403917405914355e-04,3.922201033409991377e-05,1.089636604531549063e-01
8.064302843579017610e-01,5.829769648723910798e-03,7.403867757217529955e-04,4.348612860940239419e-05,1.869560730890431621e-01
7.707829806538158968e-01,6.615550158374922107e-03,8.519831011051185853e-04,4.115284649933159000e-05,2.217083332402047247e-01
7.467577818660819933e-01,1.806349789728996930e-02,1.357834102273415252e-03,4.629348798128627107e-05,2.337745926463733193e-01
6.937206283698446052e-01,8.449363445601537972e-03,6.633365113140881220e-04,2.762936115841263722e-05,2.971390423120813806e-01
5.377705347752473886e-01,7.590728531690791800e-03,5.421105169478918811e-04,2.586422608136660826e-05,4.540707619500325976e-01
7.233143102533715618e-01,8.444242693206717096e-03,3.933070468986421628e-04,1.706151539336708489e-05,2.678310784911295261e-01
8.968598377536818322e-01,5.456385878285444600e-03,3.444549108071477531e-04,1.597177938926277397e-05,9.732334967783635993e-02
9.397603955162613376e-01,4.363277071225348143e-03,3.388009778165762390e-04,1.452572667284306109e-05,5.552300070802380916e-02
9.187882023800676423e-01,4.124660053905363291e-03,4.114773004029467578e-04,2.443467763884454310e-05,7.665122558798527497e-02
7.723637452553631100e-01,1.991880812942031787e-02,1.209021773857990719e-03,4.549983227414437689e-05,2.064629250090845025e-01
9.547066555742828031e-01,5.566406060888961713e-03,4.153875017922727445e-04,1.641865118105449711e-05,3.929513221185504390e-02
9.386028826775774103e-01,2.843376985071810470e-02,1.753796912762845732e-03,3.439238199847370457e-05,3.117515817694301028e-02
8.989894815929517780e-01,6.802215051292057058e-02,2.771517325486928460e-03,3.708928328935839214e-05,3.017976128535130101e-02
9.506746420144996934e-01,2.543584176074954739e-02,2.275201498630487294e-03,4.407271380889318606e-05,2.157024201231148158e-02
9.387325613264241309e-01,8.377900448537678110e-03,1.477470042912204864e-03,7.530508844442661243e-05,5.133676309368163937e-02
9.594702820902751839e-01,3.453133474247436618e-03,9.621466209325182798e-04,6.674621721862682145e-05,3.604769159732621603e-02
9.553136962008700328e-01,6.939909937236110951e-03,1.162064498343260300e-03,4.900283457999911313e-05,3.653532652897052008e-02
8.402139606017939855e-01,5.657823604119942978e-02,3.938926169926984522e-03,8.067967014774674809e-05,9.918819751693186415e-02
8.045367570770312060e-01,1.446181103662250861e-02,2.009223743684862909e-03,6.044972953191503150e-05,1.789317584131295824e-01
9.379672007888595342e-01,4.626937397969473585e-03,5.616629333341338192e-04,1.664455374044711329e-05,5.682755432609637447e-02
8.730344630898150271e-01,3.456412356934257524e-02,3.156978141621537368e-03,4.531289836351467794e-05,8.919912230085751126e-02
8.528033977805111743e-01,3.652331074405509859e-02,2.438072409656072848e-03,3.241904366683843108e-05,1.082028000221107317e-01
6.637979262576508832e-01,1.306738857553819133e-01,7.784701978737206506e-03,5.360152351244601004e-05,1.976898844847176928e-01
