5.474751730537126271e-01,1.154155777948743557e-02,8.755871345338171741e-02,3.376837356415651192e-01,1.574082007185320306e-02
9.451110425236065593e-01,1.223050723176017512e-02,1.612132742364316348e-02,1.209023116919121302e-02,1.444689165179912325e-02
9.910384812513348685e-01,5.248996509375404400e-03,2.216643886640800188e-03,4.473251171421801153e-04,1.048553235506850378e-03
9.982191993901540217e-01,1.359856205806406855e-03,2.035531801427517974e-04,2.687125936533214999e-05,1.905199645315482960e-04
9.936688032360772027e-01,2.818699436193823279e-03,2.535297265040253357e-03,6.574549030022514484e-04,3.197451596865061741e-04
9.820874801516591424e-01,8.304335136043941232e-03,7.524900265429415591e-03,9.769069223587978877e-04,1.106377524508777308e-03
6.712070401467626901e-01,2.104038964634903919e-01,1.064495759967043070e-01,2.663853982169091163e-03,9.275633410873547133e-03
2.558348303443213623e-01,4.486310286662655855e-01,2.829971023346221082e-01,3.188564216762213716e-03,9.348474438028881242e-03
1.494289673848174238e-01,5.890334709494000620e-01,2.523361276813120835e-01,1.482429845330767576e-03,7.719004139139747263e-03
1.038013217732921406e-01,6.898242328158705750e-01,1.911192071779473922e-01,6.678795629569594982e-04,1.458735866993303605e-02
1.406841899467174695e-01,4.636649592322636959e-01,2.512159137382067864e-01,1.182807924389355989e-03,1.432521291584226975e-01
4.378147311242400752e-01,2.516968791162025876e-01,1.926568806762425090e-01,2.145315042099250370e-03,1.156861940412157036e-01
8.861334561713921643e-01,3.150182022514901037e-02,5.496308247177970202e-02,3.618925710422899161e-03,2.378271542125624805e-02
8.785891681357460570e-01,1.369636638614594136e-02,3.357912971137085034e-02,4.026446766049257379e-03,7.010888900068786012e-02
9.112384945844553830e-01,1.329357079675056938e-02,4.150268429987594154e-02,7.232356557261615873e-03,2.673289376165651626e-02
9.453319844840059050e-01,7.944158957222412221e-03,2.391736348734427656e-02,7.469929001945097881e-03,1.533656406948233873e-02
9.346936786882588111e-01,8.353887133479889412e-03,2.666833396220433250e-02,9.154144799137510849e-03,2.112995541691938331e-02
9.203082250799881070e-01,7.534434462781177538e-03,2.612132473937632884e-02,6.614686617946397007e-03,3.942132909990778838e-02
9.467692701235927988e-01,4.810431484298923442e-03,1.593893401676308927e-02,4.199551999280883019e-03,2.828181237606420748e-02
9.451799635050079917e-01,4.547740248682161437e-03,8.361408002648978988e-03,2.511526663796997006e-03,3.939936157986397014e-02
9.093679437533175314e-01,9.812282417610505500e-03,2.081377085702049504e-02,4.004400128054278092e-03,5.600160284399723770e-02
9.304561672840657716e-01,6.166480158972711088e-03,1.906639603979939923e-02,6.709206754008997277e-03,3.760174976315302370e-02
8.787280603937320800e-01,1.309820149338999928e-02,3.223274113103804378e-02,6.155983795187025022e-03,6.978501318665283892e-02
8.155745521721476932e-01,2.819192811431654386e-02,6.550824180242618977e-02,1.001600780326201284e-02,8.070927010784781364e-02
6.500507069168492968e-01,1.539503643406623934e-01,7.571525466774353674e-02,3.651690173904816733e-03,1.166319839008399112e-01
4.380078240359728259e-01,3.057405867392055665e-01,6.330766602613160932e-02,1.299418250905684568e-03,1.916445049477842888e-01
3.931785455024496279e-01,3.983557243540304937e-01,7.567280262906203592e-02,6.960765511706359411e-04,1.320968509632872434e-01
2.321648493165292537e-01,4.422143764544325117e-01,2.204771420819179595e-01,1.445994898827993296e-03,1.036976372482922570e-01
2.797774806877696419e-01,3.052472947437366302e-01,3.396447635011068944e-01,1.998989622436130910e-03,7.333147144495069658e-02
2.681080067496726671e-01,3.143031492031975183e-01,2.632999064678854806e-01,1.203987695398117891e-03,1.530849498838463552e-01
2.518071102067812594e-01,3.374899559614765732e-01,2.985304921957312452e-01,1.436727072456308804e-03,1.107357145635546186e-01
2.342788832960136514e-01,3.846387985756267724e-01,1.974270773334426687e-01,8.326023450789447975e-04,1.828226384498378154e-01
1.674312784842735269e-01,5.309103522531206654e-01,1.589541662849172088e-01,5.335430762816030341e-04,1.421706599014070371e-01
1.329894702731887757e-01,4.092334653367352137e-01,1.346908254332069843e-01,4.594351660565528482e-04,3.226268037908123776e-01
6.395071703738590407e-02,2.861146970767554643e-01,1.036757094703217863e-01,3.314864968108441768e-04,5.459273899187260248e-01
3.449306645476792055e-02,1.049835517490241010e-01,4.996017422364219113e-02,2.902351254696497679e-04,8.102729724470961736e-01
7.320752072578069758e-02,1.467913649946490651e-01,1.045345226455394738e-01,5.214178127377103959e-04,6.749451738212929319e-01
4.857975207225558728e-02,1.685703577464846559e-01,1.196650132510397313e-01,4.980890938989365399e-04,6.626867878363210673e-01
7.213106414394995780e-02,9.389544909554417562e-02,4.940730451234690013e-02,4.764094792991373922e-04,7.840897727688598273e-01
4.122307422475800232e-02,4.853869052501511711e-02,3.543449300023480963e-02,3.998408472085782962e-04,8.744039014027834567e-01
2.580632085091547762e-02,7.573451019271666869e-03,2.439265154864903376e-02,3.391830901587392067e-04,9.418883934910050604e-01
1.079824755288769922e-01,4.216863993156748196e-03,1.937423810220138126e-02,6.975503604438697530e-04,8.677288720153211177e-01
1.492951542057248115e-01,3.168089511118758229e-03,6.516508448897149336e-03,4.240830485429425726e-04,8.405961647857165264e-01
1.085429510193697128e-01,2.753939744447771610e-03,3.948314408006060872e-03,2.617569754362596298e-04,8.844930378527402492e-01
8.505191400686296088e-02,4.403168513644193857e-03,2.888289358013208102e-03,1.567771649566225328e-04,9.074998509565229687e-01
1.015981780563638137e-01,1.438141229188035723e-03,1.056131440187449508e-03,7.101015281828725306e-05,8.958365391214423434e-01
8.229113365006765490e-02,2.946812619058057463e-03,2.007605353498408043e-03,7.475739755940662189e-05,9.126796909798163826e-01
5.102127550286378321e-02,2.185539199311349774e-03,2.666230631929781408e-03,8.519748050582878816e-05,9.440417571853891854e-01
8.470603643931318150e-02,5.346048930201621405e-03,7.077523393825941103e-03,2.480949267997121978e-04,9.026222963098596841e-01
8.048643623695350691e-02,7.554968289288047090e-03,1.876839332551102218e-02,5.284981283660434561e-04,8.926617040198814301e-01
7.591011934544843187e-02,4.107330115758734378e-03,5.497858905113726588e-03,1.949174630229152743e-04,9.142897741706562664e-01
2.558966108323305899e-02,2.765387809792941697e-03,2.400439844492577735e-03,7.155616345337995835e-05,9.691729550990278996e-01
3.201613622965550354e-02,2.946024531815800811e-03,3.289126478817860650e-03,1.057383292600868024e-04,9.616429744304507699e-01
5.828471246978251391e-02,4.635991191909622638e-03,5.046776931733122293e-03,2.132034376565236232e-04,9.318193159689182048e-01
6.464440071491979467e-02,1.873859260582274797e-03,1.689316820013589101e-03,1.068801581419448856e-04,9.316855430463425458e-01
9.159228920267681318e-02,1.562532236271985207e-03,1.723493520042070591e-03,1.096115287332483914e-04,9.050120735122759719e-01
7.713759768969218056e-02,1.786096137102922369e-03,2.543763402117041588e-03,1.509264097034323788e-04,9.183816163613843786e-01
7.701278939173630822e-02,2.408321589122120604e-03,2.278527861033160379e-03,1.288313076720455695e-04,9.181715298504363743e-01
7.170043582259075232e-02,2.210163335444469742e-03,2.794540469914685160e-03,1.464852178414956468e-04,9.231483751542085558e-01
1.264537356431543191e-01,8.942537664284672810e-03,1.060293567069660499e-02,4.614484056301934871e-04,8.535393426162343200e-01
1.080412220785421512e-01,3.224246093364028804e-03,5.787752703905205132e-03,2.370094475392016820e-04,8.827097696766493806e-01
9.591506576142400098e-02,1.654560652402587220e-02,8.529429361113591984e-03,1.915663604545900602e-04,8.788183319929818715e-01
7.250335158012485848e-02,1.441370392803589459e-02,1.212172581370998467e-02,3.234492004959779602e-04,9.006377694776332987e-01
8.341731478360660257e-02,6.653721906375607842e-03,6.149501696918435213e-03,2.292616581023259703e-04,9.035501999549969687e-01
5.290335126808351496e-02,1.351768676237049931e-02,3.042995795117552429e-02,7.095326967299819994e-04,9.024394713216403741e-01
5.173759072317164059e-02,4.443229090086655945e-03,8.782955261794012092e-03,2.417249300900009665e-04,9.347944999948576417e-01
8.398580494263910290e-02,2.231069728191076469e-03,5.146118408437062690e-03,2.444918949514510555e-04,9.083925150257812220e-01
6.055054132077491991e-02,1.699244136136592162e-03,2.413551515941040216e-03,1.286533851710772733e-04,9.352080096419763677e-01
3.760240236365098437e-02,1.225233343384127824e-03,1.502943144382755825e-03,7.207341965625547813e-05,9.595973477289256870e-01
4.281330699766625059e-02,1.504177658417740022e-03,1.330048850554381391e-03,5.136481879724602009e-05,9.543011016745642783e-01
1.044712169863808160e-01,1.972352721827675022e-03,5.951534234217618902e-03,2.920336999225587411e-04,8.873128623576511664e-01
1.205022948412443895e-01,6.025376933037090987e-03,1.213576085013043024e-02,5.206583690049982303e-04,8.608159090065830021e-01
4.597954197884599609e-02,2.725256190890887852e-03,4.009806023403186814e-03,1.418962252892572184e-04,9.471434995815706248e-01
2.169926220497644595e-02,4.543596384476882195e-03,6.384727487244497117e-03,1.776638902272922697e-04,9.671947500330747571e-01
9.763468861283503691e-03,1.027662495997481952e-03,9.316661922595217190e-04,1.925374756617769645e-05,9.882579487028931853e-01
8.606391146694895508e-03,1.007197093322487799e-03,6.358291173410342148e-04,1.456096905415250890e-05,9.897360216735875404e-01
2.150858795980126886e-02,1.913694051121663832e-03,1.978781759483171001e-03,6.430892193394533200e-05,9.745346273076601618e-01
6.949060617073560264e-02,1.392797745901572584e-03,1.939648704868109389e-03,1.058825479619559346e-04,9.270710648305328094e-01
6.493749740946583304e-02,4.467568761783309930e-03,5.336925831716997533e-03,2.296889381506276044e-04,9.250283190588831639e-01
4.645605357095432264e-02,1.103066348723687499e-03,1.927984198211174678e-03,1.106775462554283261e-04,9.504022183358554754e-01
9.793811260478475778e-02,1.975168793547442403e-03,2.178534553755985276e-03,1.045596514185200368e-04,8.978036243964933050e-01
2.603424515100544873e-02,1.092637140466053971e-03,6.896074815126004755e-04,3.122014839682458245e-05,9.721522900786191412e-01
4.126810649166948175e-02,6.106959689766998422e-04,7.443318168067045073e-04,3.959142262041181852e-05,9.573372742999266549e-01
1.678838204993613262e-02,1.085214340840448674e-03,1.405913962334965142e-03,5.196779613286969769e-05,9.806685218507554813e-01
3.463536521594674789e-02,1.269103755776436384e-03,1.956774113014365761e-03,7.765500863145537408e-05,9.620611019066311886e-01
1.990227382065214504e-02,1.792628098985471615e-03,1.962314686070512192e-03,4.958219919643930545e-05,9.762932011950954392e-01
3.823368146980766352e-02,7.433556241705591107e-04,7.849080000939416329e-04,2.442704512526348588e-05,9.602136278608026654e-01
2.660120461008989856e-02,2.315017717694229944e-03,1.055162619884522299e-03,3.057287609245213609e-05,9.699980421762387506e-01
5.286068782071132177e-02,4.527436541303090159e-03,8.559215751179242299e-03,3.344778871396580293e-04,9.337181819996667187e-01
3.410318032032586683e-02,2.138938671869843999e-03,4.245779371759059173e-03,2.243521347354714872e-04,9.592877495013097944e-01
1.835220868837082742e-02,3.162017254212313132e-03,1.327803309695733611e-02,4.763780500398481993e-04,9.647313629104197208e-01
2.607397935610139897e-02,1.440831807686724416e-03,2.897658541589570938e-03,1.051811045686529256e-04,9.694823491900538270e-01
1.192820070382188090e-02,1.618031656245248490e-03,5.283191692894572897e-03,1.384864234676368264e-04,9.810320895235705718e-01
1.920345516577346909e-02,2.335782162813627820e-03,1.636675998273781976e-02,4.716184305673398486e-04,9.616223842581077541e-01
1.376450662660594869e-02,1.126340795486356237e-03,2.649552617280156140e-03,7.782016350327658862e-05,9.823817797971243770e-01
1.422320344180944343e-02,1.835999812912852752e-03,2.297569749437269795e-03,6.116883180607094318e-05,9.815820581640345432e-01
1.961165509406569835e-02,7.684618088894623698e-04,9.902288805723551655e-04,4.472395060303130756e-05,9.785849302658694571e-01
2.222229351132625624e-02,7.830409688966432930e-04,5.961000574138880037e-04,2.653958335576672560e-05,9.763720258790073991e-01
9.512059477261329207e-03,1.358204419918359208e-03,1.891992104039009939e-03,6.148566733092996142e-05,9.871762583314502848e-01
3.473278997897676079e-02,2.361593783814351904e-03,3.611659254849374813e-03,1.596369410114286650e-04,9.591343200413479098e-01
1.193892553559779829e-02,3.254050362537214743e-03,3.331498492535020159e-03,7.164988084291242182e-05,9.814038757284871961e-01
1.664237364751331924e-02,5.667080489018816447e-03,9.573335372124618103e-03,2.714942700476336143e-04,9.678457162212957821e-01
2.415295182658165531e-03,9.792644060076789551e-04,1.335573470094252426e-03,2.566663133848796636e-05,9.952442003099014611e-01
4.877776690051987239e-03,1.170035638648158271e-03,1.290377654280255729e-03,3.025927981328392169e-05,9.926315507372065472e-01
6.838935790990358261e-03,2.932485484299232961e-03,6.698156648194434140e-03,1.240428358336169619e-04,9.834063792406825266e-01
5.432020446069369020e-03,1.798152015646557311e-03,4.045805609599476341e-03,8.558865402825548445e-05,9.886384332746562809e-01
3.508331166740213166e-03,6.614429932256467347e-04,8.704880031637531046e-04,2.498328216187520879e-05,9.949347545547083671e-01
3.054331721980850078e-03,5.117578104081985015e-04,3.614273694987950531e-04,1.019516796462609760e-05,9.960622879301475052e-01
4.130148163356644336e-03,5.107087360330014912e-04,3.642544285720069296e-04,9.587603776084469140e-06,9.949853010682622179e-01
1.398480231360413155e-02,5.332629676236005532e-04,4.013344748569375609e-04,1.429253187059404003e-05,9.850663077120447308e-01
1.152150681489641504e-02,4.760242507938569493e-04,4.613975461250132684e-04,1.712363854431645733e-05,9.875239477496404739e-01
2.482323897832252116e-02,1.077699762909126819e-03,9.808856858399869327e-04,4.507989756796206628e-05,9.730730956753601557e-01
1.817573657310562335e-02,1.662329660482329136e-03,1.962682048530739638e-03,7.218472730021355623e-05,9.781270669905811621e-01
5.787052591590046563e-02,1.918776033757034569e-03,2.629977230120423073e-03,1.505362808554231704e-04,9.374301845393666621e-01
4.997589598102941677e-02,2.039705076667595179e-03,3.181115039595420677e-03,1.819823065817304821e-04,9.446213015961258952e-01
1.398306896508619800e-02,7.182051476876784649e-04,4.600247330891321629e-04,1.846184314303844461e-05,9.848202393109940500e-01
3.726165224518770969e-02,7.192712231351707300e-03,1.817867155833501058e-02,4.946059793199441071e-04,9.368723579858057038e-01
2.146440857754684101e-02,1.938090750025472236e-03,3.245168868770583349e-03,1.069325803387355351e-04,9.732453992233184303e-01
5.362209394833352544e-02,1.507640369131103050e-03,2.641616717079374455e-03,1.819406488561309168e-04,9.420467083165999789e-01
1.331111264186274172e-02,1.601393705739711029e-03,4.371999554187856740e-03,2.259432911166285671e-04,9.804895508070932131e-01
3.779327839806766870e-02,5.410469256853678299e-03,2.144667592460169220e-02,9.979518561929006087e-04,9.343516245642840001e-01
1.376570129755322683e-02,1.944512880575356359e-03,3.952996025792797005e-03,1.489140485480988001e-04,9.801878757475306347e-01
1.406161765082178383e-01,5.845563960127260483e-03,9.123419378641358518e-03,5.639049581924757224e-04,8.438509351948210169e-01
1.373881308234854715e-01,5.988033018670528042e-03,1.680886867072974716e-02,1.157946936378443509e-03,8.386570205507358766e-01
2.136253728481526115e-01,8.131476181983050486e-03,9.560361063595384026e-03,7.617357749746568596e-04,7.679210541312943006e-01
4.332049600641817433e-01,8.332462456117394403e-03,7.149128985874607899e-03,9.072967796066405645e-04,5.504061517142195825e-01
4.539857547516679692e-01,1.902073717231500538e-02,7.561856311619645499e-03,4.328673920032533452e-04,5.189987843723941063e-01
3.386261668714444228e-01,1.706089848483383076e-02,1.002452744504851202e-02,8.460494368419695837e-04,6.334423577618314427e-01
4.957275397770360970e-01,1.684731149955356888e-02,1.157963183141938988e-02,1.152810589168780809e-03,4.746927063028221760e-01
5.302060499109247926e-01,3.667922565952927427e-02,1.127397159336991118e-02,9.058917067241567663e-04,4.209348611294518872e-01
7.242236569867438467e-01,3.523000104271297589e-02,1.573974622180189520e-02,1.122002431075567585e-03,2.236845933176656309e-01
5.309800112458987753e-01,5.290360905016738835e-02,6.012454853908136970e-02,7.522813416631043623e-03,3.484690177482214768e-01
7.698127532997978140e-01,4.832060338533795268e-02,3.199720035816717295e-02,2.376165666530714263e-03,1.474932772901663691e-01
8.948172708725796731e-01,3.237871159381816577e-02,2.070369712023782324e-02,2.554793036482071351e-03,4.954552737688223268e-02
7.603911433603600667e-01,1.094675347665223786e-01,6.575167767151848808e-02,4.997102433758756138e-03,5.939254176784029143e-02
7.983593000495613490e-01,9.670857396603171896e-02,6.228918260326743450e-02,3.389414342461400265e-03,3.925352903867802140e-02
3.571731004126093012e-01,4.119533768108856187e-01,1.623100983689356180e-01,2.932560711945194493e-03,6.563086369562429190e-02
2.911456640980704669e-01,2.469260227349530934e-01,3.265003556750400993e-01,1.099093581412820958e-02,1.244370216778079991e-01
6.666427786953514900e-01,5.647836544044113061e-02,1.657421646454139141e-01,3.857113253647789092e-02,7.256555868231556738e-02
4.166428631155082440e-01,5.044476777500890574e-02,2.599554936782784709e-01,5.982309574831630450e-02,2.131337796828880748e-01
2.106302757877145382e-01,4.129596626780104168e-02,4.516911525189725718e-01,1.334515083217364950e-01,1.629310971037753186e-01
5.738856160953358376e-01,7.293404328060082431e-02,2.455820562598406143e-01,3.072817751786807022e-02,7.687010684635461888e-02
5.103576384422684464e-01,1.049938716541260197e-01,1.995344130865488175e-01,1.319051193779014614e-02,1.719235648792664106e-01
4.823186693810022074e-01,2.564098254231865770e-01,1.169554115460342547e-01,2.071426836065449854e-03,1.422446668137114789e-01
7.931883057080346688e-01,1.080643235830761745e-01,5.618300564254097296e-02,1.241959814699987539e-03,4.132240525164816713e-02
9.226627483042345590e-01,5.271029896135429743e-02,1.189498256392817685e-02,2.191516943550651472e-04,1.251281847612775548e-02
9.317094546388179355e-01,5.299505570310798774e-02,8.719230176332498639e-03,8.796406280433544925e-05,6.488295418937217209e-03
9.468410317867239634e-01,4.410102420427784720e-02,4.604902778119621815e-03,4.170719551128185926e-05,4.411334035367238914e-03
9.449728570593686205e-01,4.703153614086032219e-02,4.359043504220363324e-03,3.569143114009413337e-05,3.600871864410586359e-03
9.270477488289682322e-01,6.019896630934998272e-02,5.728991663589565360e-03,4.149236091230595663e-05,6.982800837179996278e-03
9.537126236052838602e-01,3.793743384414175607e-02,3.882177463366359715e-03,3.745113645826628126e-05,4.430313950749745384e-03
9.603573286023766586e-01,3.397353693768376259e-02,2.734990508419711357e-03,2.547691068932900294e-05,2.908667040830540968e-03
9.628819439985408790e-01,3.198585436317293723e-02,2.405942916580877926e-03,2.096906268064065829e-05,2.705289659024844723e-03
9.578870815776359127e-01,3.614660139035470038e-02,2.061203736198613523e-03,1.993885618912876172e-05,3.885174439621491473e-03
9.784678425609701913e-01,1.798495816273464054e-02,1.387379488508529417e-03,1.639663777639567416e-05,2.143423150010192405e-03
9.882455206326402619e-01,9.570296357163476583e-03,6.160570732898018945e-04,1.012846998795148075e-05,1.557997466918646309e-03
9.850498509508052170e-01,1.258118438315679669e-02,1.184394431808536265e-03,1.747338742917048518e-05,1.167096846800226139e-03
9.820394249009414267e-01,1.546789002737783240e-02,1.099301268720096749e-03,1.283163147179493832e-05,1.380552171488858655e-03
9.809511597406809225e-01,1.666024562438614409e-02,1.353676567048324149e-03,1.287425838815989691e-05,1.022043809496517817e-03
9.794231879857902001e-01,1.797097898794275395e-02,1.555347151770682503e-03,1.420178886191430373e-05,1.036284085634519604e-03
9.767978705851516619e-01,2.062216402382716779e-02,1.422379568171567394e-03,1.310752168359042374e-05,1.144478301166255985e-03
9.695187374062502750e-01,2.718269747577765211e-02,1.634664694245692483e-03,1.342704861256522179e-05,1.650473375113661878e-03
9.769238838798476321e-01,2.037754557998760693e-02,1.250384005240499008e-03,1.367805154272207795e-05,1.434508483381605713e-03
9.342361520334369063e-01,5.901722603732575956e-02,4.502803347966237955e-03,2.528699392116299515e-05,2.218531587350038112e-03
9.424514599683113669e-01,4.912722290580072426e-02,6.857410953258108281e-03,3.916300613306506167e-05,1.524743166496710794e-03
9.471786221038315245e-01,4.631583936157973591e-02,5.306111723003608879e-03,3.447854682731478374e-05,1.164948264757969306e-03
9.436009553844292297e-01,4.918880535663877618e-02,5.927925012984444804e-03,3.019306002458796502e-05,1.252121185922910884e-03
9.502628037484954771e-01,4.307468377407594473e-02,5.233312670714216318e-03,3.342250945301124357e-05,1.395777297261395142e-03
9.637528627442251139e-01,3.229472989386063947e-02,3.045983776852934782e-03,2.042595494565436017e-05,8.859976301156155228e-04
9.798052413005120531e-01,1.800276732546342295e-02,1.640202592057976973e-03,1.320545108586571885e-05,5.385833308807319152e-04
9.875952868997415202e-01,1.089963906123150340e-02,1.247813328568108011e-03,1.065290074893698685e-05,2.466078097097892680e-04
9.711402626831192597e-01,2.593096614169366695e-02,2.639514925060217152e-03,1.617421866327770538e-05,2.730820314634554427e-04
9.617962119491240136e-01,3.449192475476368230e-02,3.361494718933591939e-03,1.807766153182182445e-05,3.322909156470195825e-04
8.876866877929499022e-01,9.574032863503705026e-02,1.591900094971625962e-02,4.614483246061633370e-05,6.078377898361532559e-04
9.364082254456462806e-01,5.584665991844417476e-02,7.259291989048980050e-03,2.844253169608915085e-05,4.573801151645635562e-04
8.508560317933503425e-01,1.325571290663078439e-01,1.557492966974406527e-02,4.364483541085403074e-05,9.682646351868126914e-04
6.484028340076278818e-01,2.866467506523008302e-01,6.372628900306899491e-02,1.312224441861386203e-04,1.092903892816244216e-03
6.590822803514364558e-01,2.582190016848989744e-01,8.130419817938354388e-02,1.591782592541061113e-04,1.235341525026881172e-03
6.400051499289164392e-01,2.619733921494125650e-01,9.648082547913448825e-02,1.772499898088498017e-04,1.363382452727588496e-03
4.363430953663156586e-01,4.624650938681041934e-01,9.947239391994218416e-02,1.460134940546291434e-04,1.573403351583250055e-03
7.302471131865009291e-01,2.163756551026147779e-01,5.209575822521445715e-02,1.188295728251995701e-04,1.162643912844607942e-03
5.261342646768942810e-01,3.944587088066329739e-01,7.778333787222009577e-02,1.349842875828394532e-04,1.488704356669860295e-03
7.429627240357924434e-01,2.118224939612844693e-01,4.345810887967235109e-02,8.545922803520818471e-05,1.671213895215333022e-03
7.407911803974785991e-01,2.145236407337006990e-01,4.216056440693806417e-02,8.790879580817985157e-05,2.436705666074515803e-03
7.948390263782015852e-01,1.626694506791419026e-01,4.005668153299443007e-02,8.479741982259482794e-05,2.350043989839701534e-03
8.163771357757408920e-01,1.441973630257263328e-01,3.778036260624903497e-02,9.653830411706993601e-05,1.548600288166871895e-03
5.797157952984854923e-01,3.176303875590408832e-01,1.002777906698367194e-01,1.902260627685554268e-04,2.185800409868298051e-03
6.308264308474559323e-01,2.884807469754813170e-01,7.803749105421046994e-02,1.414236976290672576e-04,2.513907425223177970e-03
6.501545730461085748e-01,2.731833328225076185e-01,7.353399179872523173e-02,1.615209925011215836e-04,2.966581340157561225e-03
5.469310787333647728e-01,3.326107323600682730e-01,1.173790929540054900e-01,1.900669723210653161e-04,2.889028980240456162e-03
6.610181784672946037e-01,2.608573482411766786e-01,7.490066786121298004e-02,1.470692151811573139e-04,3.076736215134502715e-03
5.113319497842723216e-01,4.091286837992980652e-01,7.524394851175469912e-02,1.304418023998874128e-04,4.164976102275111045e-03
3.510889089654110062e-01,5.175568863590670476e-01,1.238814917132317339e-01,2.094732343957864497e-04,7.263239727894496740e-03
5.188463324696441781e-01,3.868635816308356734e-01,8.669192145443925523e-02,1.403303553914595674e-04,7.457834089689491935e-03
4.992756427319280377e-01,3.946577129005213180e-01,9.742025911862514653e-02,1.810971463255682708e-04,8.465288102599860531e-03
3.823539259720900030e-01,5.139398438856733753e-01,9.751099249636391297e-02,1.497525541087886504e-04,6.045485091763946883e-03
4.774244293403381856e-01,4.059509716193369644e-01,1.114323822049849838e-01,1.913160659283387390e-04,5.000900769411615113e-03
5.003584612246499974e-01,3.907612494162185368e-01,1.034705738442650846e-01,1.818079404656798635e-04,5.227907574400589980e-03
4.791044149804907226e-01,4.063648840046441002e-01,1.100510856320910807e-01,1.894355080972637577e-04,4.290179874676856853e-03
3.682829948213982574e-01,4.395185283831624656e-01,1.877548726324121120e-01,3.072719122881487444e-04,4.136332250738889230e-03
3.734968721087692511e-01,4.613681856249232660e-01,1.610235561454949893e-01,2.654748480830285812e-04,3.845911272729481394e-03
1.889859411338287998e-01,5.904026716424495280e-01,2.168211027691805959e-01,2.699538203238712451e-04,3.520330634217049871e-03
2.467119852419189796e-01,5.614472489502727592e-01,1.853682186086940131e-01,2.710162547058065849e-04,6.201530944408480475e-03
1.071712534635672620e-01,6.565286431949238777e-01,2.287867532603957144e-01,2.436659004344422915e-04,7.269684180678860110e-03
7.418591874051823354e-02,6.240741139151328998e-01,2.963563115031143669e-01,2.659695147720642365e-04,5.117686326462545128e-03
8.064140915609652183e-02,5.276308906670578169e-01,3.866663263038083720e-01,4.006759394520851571e-04,4.660697933585355827e-03
1.015027252924274731e-01,5.513364086862697633e-01,3.396782233444054500e-01,3.776830398189873770e-04,7.104959637078278253e-03
9.868603479571994019e-02,5.956961016560073929e-01,2.929416143535620853e-01,4.042051792489214073e-04,1.227204401546151159e-02
8.287345059390385793e-02,5.381861938411420798e-01,3.627966233240272897e-01,7.052315150582042684e-04,1.543850072586856574e-02
4.813300218123754970e-01,1.518880995075199136e-01,2.143143721174148586e-01,3.229881470441188160e-03,1.492376250922485825e-01
7.043168342237632329e-01,3.721399232904382820e-02,5.842299888129115493e-02,2.628858186680674801e-03,1.974173163792209973e-01
8.240794011857708323e-01,1.853355282824929035e-02,1.848051283737390388e-02,1.491757732569436124e-03,1.374147754160365553e-01
8.354103870582543223e-01,1.661494952990138357e-02,3.926166370137626482e-02,5.869332703645197338e-03,1.028436670068229031e-01
9.311610384551415320e-01,5.360924529069268848e-03,1.199202993260762955e-02,2.255150800973084770e-03,4.923085628220849608e-02
9.332675678433102195e-01,8.131799586415269093e-03,2.671164059216277198e-02,6.729500550932334714e-03,2.515949142717951309e-02
9.575156411762326680e-01,5.706112343363541756e-03,1.292795109845770556e-02,1.473011322433135512e-03,2.237728405951309660e-02
9.335201954842208272e-01,1.169360909763685411e-02,1.068754992086643971e-02,7.116621506526249821e-04,4.338698334662316469e-02
9.217563500945225030e-01,7.235161604370707496e-03,9.762126657491177265e-03,1.128718194934050798e-03,6.011764344868146537e-02
9.256248416496434261e-01,2.776220226443048590e-03,5.607341967800833459e-03,1.337302039217500840e-03,6.465429411689516126e-02
8.955441357368111310e-01,6.305196756841209386e-03,2.328134715752612841e-02,3.530739857392986222e-03,7.133858049142853541e-02
9.643813339573187315e-01,6.161280642383424114e-03,1.135081498937338430e-02,1.422344321509832294e-03,1.668422608941480881e-02
9.905431386673417826e-01,3.658052045997136400e-03,1.890838974102661751e-03,1.341593454566488157e-04,3.773810967101835084e-03
9.833122689529467664e-01,6.996586939824404883e-03,6.047717421558747308e-03,5.452455017584067164e-04,3.098181183911757550e-03
9.582646537227206274e-01,9.196335887130258069e-03,1.295170294882657357e-02,1.177353963576908491e-03,1.840995347774561364e-02
8.349199532421369696e-01,3.599067637882673310e-02,9.933304711905148465e-02,1.088087266908158331e-02,1.887545059090319291e-02
6.469340470684280531e-01,5.105199787379553766e-02,2.282627476835742686e-01,1.850980805113442915e-02,5.524139932306759704e-02
8.891788417115054077e-01,8.642500264388447775e-03,3.738658931562882648e-02,5.624165707088821936e-03,5.916790300138859843e-02
9.251117554678546240e-01,3.811527396164174266e-03,7.316532817577084749e-03,1.194291454278833620e-03,6.256589286412549133e-02
9.067259266181597610e-01,1.064325595044883672e-02,2.480861676407804944e-02,3.653258667038956995e-03,5.416894200027437545e-02
8.609534929917648238e-01,6.281562862947085400e-03,2.464642939398634450e-02,4.995223097095291900e-03,1.031232916542062367e-01
9.187681219700766233e-01,5.256754966620982676e-03,1.094864659476593727e-02,2.110906386392425067e-03,6.291557008214394842e-02
9.399747431589782209e-01,4.491925697934148753e-03,1.230982516729326598e-02,4.117275048595846199e-03,3.910623092719850424e-02
9.076257618011096540e-01,4.183440953582980015e-03,1.244296016346958626e-02,2.686588547848869739e-03,7.306124853398886232e-02
8.687246779136155173e-01,5.212390246268494218e-03,9.578908665603154751e-03,1.984123725588639049e-03,1.144998994489240390e-01
8.285457960648417997e-01,1.318707566796278700e-02,6.151286881115630711e-02,9.233175938080206979e-03,8.752108351795893915e-02
8.617874936938869634e-01,1.379262755491155769e-02,5.458819774904091066e-02,7.493155090934537285e-03,6.233852591122612113e-02
8.864535490068259360e-01,7.146678856668383858e-03,5.039433418268667031e-02,2.347272728541756337e-02,3.253271066840147246e-02
9.474513452778574596e-01,2.713177341728938326e-03,5.071780020513377146e-03,2.422577823307126444e-03,4.234111953659318306e-02
9.059442313727509299e-01,1.095060326039845947e-02,2.603070420113852076e-02,1.018922686314060674e-02,4.688523430257138941e-02
9.327910094714010336e-01,7.534274586543401181e-03,8.948263346619050873e-03,2.047211735083663813e-03,4.867924086035259335e-02
8.199954665512672047e-01,2.920729608853253265e-02,9.042602159888640800e-02,2.651819427893921735e-02,3.385302148237451930e-02
7.702202058800403650e-01,1.493266062467731546e-02,1.013370438259321160e-01,7.811580492014429111e-02,3.539428474920582740e-02
8.893730944573838837e-01,7.612117772476273761e-03,2.705924313305959478e-02,1.758706260839306215e-02,5.836848202868732960e-02
8.398103234952855045e-01,1.354109768937155657e-02,5.292585666442775616e-02,2.797227174691460996e-02,6.575045040400058494e-02
8.640474439911828286e-01,1.321455364804691168e-02,4.445534532991714943e-02,2.973531812761551901e-02,4.854733890323754963e-02
7.767636035161940011e-01,2.522990887717568159e-02,1.087919729550559100e-01,4.625822559814483231e-02,4.295628905342949166e-02
8.406634599112307038e-01,1.237569734472367122e-02,6.218528075405840849e-02,5.373938785680948405e-02,3.103617413317770468e-02
9.456437494910513442e-01,8.500191524742215649e-03,1.584920481842474332e-02,8.294985616576979956e-03,2.171186854920484008e-02
9.372736361454497844e-01,9.551227023420549161e-03,1.705345466702215193e-02,3.907332341692730006e-03,3.221434982241473677e-02
7.952629884895047185e-01,7.243951357796931181e-03,8.039447680067042523e-02,1.018706314271100311e-01,1.522795192491800328e-02
9.565133636804431516e-01,2.437740980882121059e-03,1.027258448472145522e-02,7.744458215425374659e-03,2.303185263852790959e-02
9.052999701539824473e-01,1.252804953144751911e-02,4.121379616147688441e-02,1.819176418525356165e-02,2.276641996783954416e-02
9.060567698048557217e-01,6.834754284520305062e-03,4.327504587737913272e-02,3.110044315203359597e-02,1.273298688121124456e-02
9.616659031011336456e-01,3.159956292293552866e-03,1.023791737374803341e-02,9.174524904586978113e-03,1.576169832823771932e-02
9.402891713624638159e-01,6.077793333567539646e-03,1.792232660381962855e-02,1.971281715582802810e-02,1.599789154432080390e-02
9.866788885480949345e-01,1.358689101335026905e-03,1.768366041274779766e-03,1.371590605670294522e-03,8.822465703625095509e-03
9.829524484205937052e-01,3.991226594240588656e-03,7.021687278598609874e-03,3.705303939957751893e-03,2.329333766609372608e-03
8.861368345398252799e-01,9.680220771178098607e-03,5.602151183942839785e-02,4.623465113437943974e-02,1.926781715188714481e-03
9.514669630411928258e-01,1.076157075847005914e-02,2.604185908414509074e-02,9.826174467079867858e-03,1.903432649111931997e-03
8.463792974854624784e-01,1.929904712009043039e-02,8.908395707082665538e-02,4.110132463815502346e-02,4.136373685465452241e-03
5.123003419874130326e-01,5.177979393663346974e-02,2.976171294465014827e-01,1.312793325263789113e-01,7.023402103072895475e-03
5.884170764534546461e-01,2.696816697236988081e-02,2.229710916786792341e-01,1.586616032193794712e-01,2.982061676116814705e-03
6.086103100092076224e-01,6.718488954353765696e-02,2.433396873481797340e-01,6.633518097635525412e-02,1.452993212271973776e-02
6.073781353196594512e-01,7.768804985422328446e-02,2.609753369022079217e-01,4.552058168836672220e-02,8.437896235542533679e-03
3.980909693586455744e-01,8.936642343653111720e-02,3.450594736835590481e-01,5.960595309665377151e-02,1.078771804246105859e-01
2.367513891111402424e-01,1.452076570436596770e-01,4.887710762398916331e-01,3.198399441998190512e-02,9.728588318532663259e-02
1.976531428973729021e-01,1.816358710051605430e-01,3.230585497132300032e-01,1.386410896352304953e-02,2.837883274207135820e-01
1.067365562121244393e-01,3.881602682144451588e-01,2.723742880755011808e-01,3.538679244616427244e-03,2.291902082533127660e-01
4.447083321878526202e-02,2.693500023585085335e-01,1.511543048767333974e-01,1.459490880297181206e-03,5.335653686656757211e-01
4.202975691207275905e-02,6.767218308755458545e-02,4.478677869408751594e-02,6.148170321077730703e-04,8.448964642741774167e-01
1.404633581076666082e-01,8.741930764758557015e-02,1.685805960829890315e-01,2.617876143733104729e-03,6.009188620180254681e-01
1.843578398783932426e-01,1.185743076396956475e-01,2.796591683519222271e-01,3.615711774973069843e-03,4.137929723550158312e-01
1.007939903923564667e-01,2.699873571798176997e-01,2.755142110099128017e-01,1.933232975142518172e-03,3.517712084427703778e-01
3.258640276148390413e-02,1.776231590795697424e-01,1.094209481287632402e-01,4.565800044437989488e-04,6.799129100257392810e-01
5.579378091691331032e-02,3.221636548792738974e-01,1.571591813079374345e-01,4.711748969900504723e-04,4.644122079988853846e-01
4.218990671269372272e-02,4.162590435160687385e-01,1.244703195018371511e-01,2.782732933125755051e-04,4.168024569760879205e-01
3.234588824068435758e-02,3.005996687829453062e-01,9.485417659293392256e-02,1.883409646894310964e-04,5.720119254187469027e-01
1.062992039969411634e-01,8.253086028087516790e-02,1.000828369294386178e-01,8.656149298496639650e-04,7.102214838628952975e-01
1.712043807997527811e-01,1.626600665869023035e-02,5.054819807075216359e-02,1.601192895372820137e-03,7.603802215754318361e-01
5.780690893610986730e-02,4.699953537627432794e-03,2.189882287647525183e-02,6.187919915448919202e-04,9.149755226582426682e-01
1.177284107188784484e-01,5.679076698614265312e-03,3.451754626762225386e-02,1.207895484129193828e-03,8.408670708307558472e-01
6.425424656364957243e-02,6.730248401550999356e-03,1.258093013477539976e-02,3.734593128590980339e-04,9.160611155871648537e-01
2.319276643493192389e-02,1.191812691912420581e-03,1.090012901860346398e-03,3.560356578677441693e-05,9.744898044055085862e-01
1.273761562168144491e-02,1.731820237449652189e-03,1.483019460885238094e-03,3.268197569568579287e-05,9.840148627042879514e-01
9.209754670707417240e-03,2.593586632352054989e-03,1.354011790144297013e-03,2.862353755895156922e-05,9.868140233692371810e-01
4.334738490587661079e-03,8.383049873369938492e-04,3.296562846092023109e-04,5.892752810147622872e-06,9.944914074846560315e-01
8.906576988768467526e-03,1.603145860455347429e-03,3.894272217554896462e-04,7.767326265227659620e-06,9.890930826027555245e-01
5.914083527250812121e-03,8.365619993525515467e-04,2.019138454182757396e-04,4.507150894261255219e-06,9.930429334770840555e-01
7.445480059297683063e-03,1.205425640273736143e-03,2.623176770723203315e-04,4.868826246849244124e-06,9.910819077971094737e-01
1.199153589996158897e-02,8.918390329129868540e-04,3.090163454779816282e-04,8.749300999007735263e-06,9.867988594206485997e-01
4.005280521735164571e-03,7.681086651813709074e-04,2.124412486969182916e-04,4.698128086958653667e-06,9.950094714362996973e-01
1.337306440380935102e-02,1.764313163965883832e-03,5.898142525603251125e-04,1.469077550353907103e-05,9.842581174041608039e-01
2.245715343631724675e-02,1.698188058616817561e-03,6.305071370038405499e-04,1.988707620132008962e-05,9.751942642918608461e-01
2.156088509693764727e-02,3.411668416178978078e-03,9.864150392325493188e-04,2.817383673611294909e-05,9.740128576109147174e-01
1.377765090292336347e-02,1.713168052142618287e-03,4.026493401357900169e-04,1.080824843628032393e-05,9.840957234563618705e-01
5.749002213915171619e-03,8.214373065950438977e-04,1.897170266162459095e-04,5.179728690936771251e-06,9.932346637241826759e-01
5.821298405240942289e-03,5.105628629939707678e-04,1.309583971462852884e-04,3.028843570385138246e-06,9.935341514910485117e-01
4.596596722184517585e-03,6.820642689815542819e-04,1.675856637830881897e-04,4.087005621631340200e-06,9.945496663394293169e-01
4.430027375357153789e-03,5.672644187365830006e-04,1.245089879927209009e-04,3.088641969178260675e-06,9.948751105759445768e-01
1.536402561498787823e-02,9.752451645830686544e-04,3.722421022624259625e-04,1.482686224989825476e-05,9.832736602559165595e-01
1.145175692123525345e-02,1.078475965752520886e-03,3.178452131390057701e-04,9.194276624380374666e-06,9.871427276232488390e-01
1.104076337179945785e-02,5.574826864939342761e-04,2.338223688913881513e-04,7.673752693190833489e-06,9.881602578201220677e-01
9.286120440520790123e-03,5.316313722222099428e-04,2.479318302131466650e-04,1.072865009958932721e-05,9.899235877069442191e-01
7.708456089263489644e-03,6.523978027701154460e-04,3.468105661423105169e-04,1.252102514475211931e-05,9.912798145166792363e-01
1.367142029432327419e-02,4.357410515832260949e-04,3.346129590202526704e-04,1.416169891997100328e-05,9.855440639961533522e-01
5.410692819408267906e-02,1.018054870351899500e-03,7.201266519412393525e-04,3.663220588329577456e-05,9.441182580777410793e-01
2.973498637057115507e-02,4.476563420023419717e-04,3.114686450727392232e-04,1.713937847573221310e-05,9.694887492638780691e-01
2.702517308759737683e-02,5.081005624373199610e-04,3.521487077414968002e-04,2.053271681471171959e-05,9.720940449254090732e-01
3.840543664676110414e-02,6.861224761644021258e-04,4.155369554116416066e-04,2.416554044036240079e-05,9.604687383812223755e-01
6.377885974755007070e-02,2.027564753154904257e-03,1.325658972290861496e-03,6.918932977451434116e-05,9.327987271972296712e-01
4.608837363529958570e-02,2.209430006948604093e-03,1.383884273604267436e-03,6.275748589829895476e-05,9.502555545982492857e-01
5.063739844646129168e-02,1.643166771968127167e-03,1.447165160589002422e-03,7.218043733034072728e-05,9.462000891836512828e-01
6.902794128388685391e-02,1.694824365495754045e-03,9.441090605707205818e-04,5.586972143510873838e-05,9.282772555686115146e-01
7.343151653670562662e-02,2.208713041386538463e-03,1.336425394048731388e-03,7.992545232049069184e-05,9.229434195755387149e-01
3.946568776287650432e-02,1.222451648512788008e-03,2.124673078235259083e-03,1.366552448464674946e-04,9.570505322655289415e-01
4.110147686171344850e-02,1.207046281959661595e-03,7.916460006653152585e-04,5.857656692432990569e-05,9.568412542887372307e-01
3.948435246202506438e-02,8.575658880380029620e-04,7.293122395310509994e-04,6.383090495406336298e-05,9.588649385054517360e-01
1.098467923488580938e-02,5.728111742914565943e-04,3.256526295416291728e-04,2.062622515863024754e-05,9.880962307361224051e-01
7.468225639841808219e-03,5.016251572314599574e-04,2.329672749165515402e-04,1.124406926365785962e-05,9.917859378587464692e-01
2.152120233553909273e-02,5.593066138475553343e-04,3.051937877323489582e-04,2.294195140946154500e-05,9.775913553114716770e-01
