9.717199642920905100e-01,1.369883464513380923e-02,1.012868647796774484e-02,1.647711698691901048e-03,2.804802886116096634e-03
9.968355478530088742e-01,2.056474379975089996e-03,5.563936047406144343e-04,8.416149853208556371e-05,4.674226637433041322e-04
9.991040469091406750e-01,5.727931808843293683e-04,1.144475573105303091e-04,2.427845680644750016e-05,1.844338958582383012e-04
9.979210790819956767e-01,1.572647907533657966e-03,1.612685016169554939e-04,1.513431273899763152e-05,3.298701961146672688e-04
9.968197502112525754e-01,2.656428003856878533e-03,1.789114976147516186e-04,8.487968214527909032e-06,3.364223190610647987e-04
9.993398034721955314e-01,4.798144709685101331e-04,5.434816114843463218e-05,3.589504443581761099e-06,1.224443912439321445e-04
9.960877426593375272e-01,3.292337266458676085e-03,1.634095386648785648e-04,6.910868994317695959e-06,4.495996665445871733e-04
9.945834524793638609e-01,4.838408738127904923e-03,2.357921454519524250e-04,7.597516081561614070e-06,3.347491209748253344e-04
9.921778891930215227e-01,7.040317850073709270e-03,2.978427521248887765e-04,1.102579248655360085e-05,4.729244122933841670e-04
9.915173369352638932e-01,7.592092281713831020e-03,3.337287541826268185e-04,1.181294449056371084e-05,5.450290843490782208e-04
9.902607137090064793e-01,8.705516422269686180e-03,4.004973850468370095e-04,1.221954961052933697e-05,6.210529340665740632e-04
9.984604186533847514e-01,1.284869708153458731e-03,9.097516053108832968e-05,4.065885317663774299e-06,1.596705926132451186e-04
9.991639034633612582e-01,6.853488369658943891e-04,5.586670538892184418e-05,2.909552025476268406e-06,9.197144225833697154e-05
9.995155651654828999e-01,3.953660905260591649e-04,3.972013077445079714e-05,2.060788783548508783e-06,4.728782443288523108e-05
9.996363749417594979e-01,2.931369235841345118e-04,3.479303162860901031e-05,2.028541630352829207e-06,3.366656139750988602e-05
9.992787473696252976e-01,5.988011755615216345e-04,7.278032221840770831e-05,3.342359127583901774e-06,4.632877346731092521e-05
9.996794328018645537e-01,2.558289978480359612e-04,3.418597848904629749e-05,2.158808661154681722e-06,2.839341313715759601e-05
9.996699381654796657e-01,2.483829099304583009e-04,3.121032025527016655e-05,2.464421962907892170e-06,4.800418237180535718e-05
9.996800992378694906e-01,2.431302340474868066e-04,2.679323901981524100e-05,2.199463069184690920e-06,4.777782599401022309e-05
9.997358021433409014e-01,2.026606241876354039e-04,2.669178459731500722e-05,1.934700754712239368e-06,3.291074711941405277e-05
9.993470054940952751e-01,5.306547316608138361e-04,7.412133571189837510e-05,3.705581474763004386e-06,4.451285705732406706e-05
9.995733461088818217e-01,3.557541962716067241e-04,3.960927854177007952e-05,2.464513354228082495e-06,2.882590295047735083e-05
9.996146356543943456e-01,3.212784609190621771e-04,2.855842394414187681e-05,1.884937588913167296e-06,3.364252315332238731e-05
9.994898241850641574e-01,4.317071949017026655e-04,3.092261264687344482e-05,2.202420383263475750e-06,4.534358700432673421e-05
9.996414424149886457e-01,2.910971521344432079e-04,2.460686874941573634e-05,1.905347351879234305e-06,4.094821677557923241e-05
9.997144985654138338e-01,2.268225995911355894e-04,1.980278386771793536e-05,1.682923768100654031e-06,3.719312735911381619e-05
9.998429110203684855e-01,1.036137747721176090e-04,1.467471772524887448e-05,1.439133258729874589e-06,3.736135387542592113e-05
9.998915381577819783e-01,6.209140960022573844e-05,1.149169684673310894e-05,1.232934024783602516e-06,3.364580174627773956e-05
9.997583168284844835e-01,1.450154036952459261e-04,2.372324135140895079e-05,2.483679295151759928e-06,7.046084717375736056e-05
9.997457432608550798e-01,1.467871481085578642e-04,2.097223792323056084e-05,2.227025015212499629e-06,8.427032809793695307e-05
9.996727465227370768e-01,1.856770125502122846e-04,2.612247318763877255e-05,2.669556193770014403e-06,1.127844353311799276e-04
9.996390994422429399e-01,2.111846483466539549e-04,2.690399177796376379e-05,2.490064289923855916e-06,1.203218533424465798e-04
9.997124126542226152e-01,1.612832743933938781e-04,2.179324593587046724e-05,2.179020287145982974e-06,1.023318051611394550e-04
9.997646025025482830e-01,1.572465487205203206e-04,1.910618739510859242e-05,1.742000549838375835e-06,5.730276078637248644e-05
9.997496688365881123e-01,1.658623491432446081e-04,2.414530213756584798e-05,1.872506350225766492e-06,5.845100578072688993e-05
9.995557586529353333e-01,1.969780361599043320e-04,4.784041002005890326e-05,4.359349811168276944e-06,1.950635510733869410e-04
9.993700794506589213e-01,2.990067851718919032e-04,7.111940931915950738e-05,5.187937643295477477e-06,2.546064172066116464e-04
9.995322849660509545e-01,1.641175625746222233e-04,5.354462597234122337e-05,4.504165522119904376e-06,2.455486798799692187e-04
9.990161458656404703e-01,2.835915403095854597e-04,8.227996239231455237e-05,7.179909835416752769e-06,6.108027218223566852e-04
9.992409908119910256e-01,3.274105965879835884e-04,7.785561348704708479e-05,5.032285369912342418e-06,3.487106925638929671e-04
9.995630028082315155e-01,2.275536506436214403e-04,5.283137714299755309e-05,3.040777470878938113e-06,1.535713865111164311e-04
9.995561103602746966e-01,1.862569265236701372e-04,4.882402595847229536e-05,3.332209142311745780e-06,2.054764781008095755e-04
9.992695591307237946e-01,3.034939801307332506e-04,1.076484024767619029e-04,5.884522771821892864e-06,3.134139638968640347e-04
9.983832568869568380e-01,5.687924745682548496e-04,2.165879666330110937e-04,1.135035242108334877e-05,8.200123194207167192e-04
9.977609002642379155e-01,8.441511801214802470e-04,3.054042363821333280e-04,1.326865644545695139e-05,1.076275662813170253e-03
9.980321703905127295e-01,6.394470342900901005e-04,3.527131726409981185e-04,1.512741024672730855e-05,9.605419923094566954e-04
9.975940657955115753e-01,7.354355326212919011e-04,5.415370460837006872e-04,2.484810457908237643e-05,1.104113521204405472e-03
9.981016357300559472e-01,5.280259390087198475e-04,3.881787137249798699e-04,1.669793375044810633e-05,9.654616834597492224e-04
9.975759622740706378e-01,7.422811039737305756e-04,4.747502382056789975e-04,1.861237965444550966e-05,1.188394004095368311e-03
9.972962525570643333e-01,6.175618226678618707e-04,2.376827794178354404e-04,1.387179975816793622e-05,1.834631041091748472e-03
9.963497037123850708e-01,6.962939132651911828e-04,2.092315124979579339e-04,1.441042484553879379e-05,2.730360437006286878e-03
9.934311693770586649e-01,1.556785812488518071e-03,3.560968889028322823e-04,1.624602688829024610e-05,4.639701894661885789e-03
9.860573694825397473e-01,3.908050687550606445e-03,7.710498895935270942e-04,2.334893428310821198e-05,9.240181006032917310e-03
9.944780263337219539e-01,1.058734701313090261e-03,2.553645211655249103e-04,1.154569954355857332e-05,4.196328744255844491e-03
9.918144342883272735e-01,2.711785773171980409e-03,9.001756850344654797e-04,2.616339473035352299e-05,4.547440858735893841e-03
9.946327384087003676e-01,1.475720412258720244e-03,6.789452916936884351e-04,2.265050798601967168e-05,3.189945379361192219e-03
9.960526462599302855e-01,1.280066751900743333e-03,6.277383629072102230e-04,1.950399518743178051e-05,2.020044630074585307e-03
9.840749042852818818e-01,1.415480037370865944e-03,7.079004805487831885e-04,3.687135946264972298e-05,1.376484383733585573e-02
9.722793662948815419e-01,6.684784790347019640e-03,2.179107305229785897e-03,4.425138139548047173e-05,1.881249022814613509e-02
9.457180230397929099e-01,9.236592461103820123e-03,3.309810547610220893e-03,7.281738008308217235e-05,4.166275657141004646e-02
9.683718413760739052e-01,3.022427707127890370e-03,1.273752707616198666e-03,4.143118878678816715e-05,2.729054702039542674e-02
9.532658703104145426e-01,7.215574961846729640e-03,1.953446259695850503e-03,5.553143756357602386e-05,3.750957703047913538e-02
9.328756761451310053e-01,1.119910115695010172e-02,3.989606151418801684e-03,7.799952784021119264e-05,5.185761701865995027e-02
9.275372383287635580e-01,1.219836204659810810e-02,3.961122523278799712e-03,6.862408677191449526e-05,5.623465301458761140e-02
9.780174711108671204e-01,3.417511790583217628e-03,1.864297206058961130e-03,4.969008208726331756e-05,1.665102981040353716e-02
9.844583173011937083e-01,2.011662194395289361e-03,8.411546677034817962e-04,3.108012029425562278e-05,1.265778571641320779e-02
9.541945995156209115e-01,5.609489617337012728e-03,1.998717948304955510e-03,5.485578758482929934e-05,3.814233713115250390e-02
9.791368911269511255e-01,2.513351541102359140e-03,7.612215033344002773e-04,2.563648894054194375e-05,1.756289933967165526e-02
9.931410529558997169e-01,8.845267789533283343e-04,3.724574254495500222e-04,1.829539307288510333e-05,5.583667446624498293e-03
9.822975181419508761e-01,4.442638130654169397e-03,1.272658964543522822e-03,4.303625678848550773e-05,1.194414850606316525e-02
9.851487255070998650e-01,4.273021116342588452e-03,1.372598083989696321e-03,4.640493162503610649e-05,9.159250360942920374e-03
9.882468117268470298e-01,4.079904959318391734e-03,1.185281977240550686e-03,3.587738672843046372e-05,6.452123949865572194e-03
9.722509384347669537e-01,1.019378764979575643e-02,7.264825373773008133e-03,1.146970720608508334e-04,1.017575146960335991e-02
9.697380641127659739e-01,1.033832737919810479e-02,7.801320294128199703e-03,1.107901263926599437e-04,1.201149808751511734e-02
9.724100910902937489e-01,9.733728181709854280e-03,6.398557687386105530e-03,1.016576048578719517e-04,1.135596543575239682e-02
9.745838765918478641e-01,6.174406384385717171e-03,4.851166913013349458e-03,9.990340399346758088e-05,1.429064670675965314e-02
9.894716764454394298e-01,3.258536305294637905e-03,1.781680684777055918e-03,3.848869604118087032e-05,5.449617868447661356e-03
9.810248474928191520e-01,3.995244905535317095e-03,1.974887889231059269e-03,5.979469891305556710e-05,1.294522501350146675e-02
9.950647559605264592e-01,1.595627946697718118e-03,8.459572209956939043e-04,2.776437928770151737e-05,2.465894492492379502e-03
9.930642397725215620e-01,2.236319028071130990e-03,1.797904734547651562e-03,5.552109368795519302e-05,2.846015371171642383e-03
9.884897473667130230e-01,3.454690767441077979e-03,1.672449062402708766e-03,5.429660795551695998e-05,6.328816195487555959e-03
9.966880798272753639e-01,1.115569071042862631e-03,5.675919972909495778e-04,2.322698101842302529e-05,1.605532123372512086e-03
9.959086912677964643e-01,6.249469734915006573e-04,3.008438345667465677e-04,1.832830605726515835e-05,3.147189618088014687e-03
9.959300249819426076e-01,6.813871281174083789e-04,4.479678248864120676e-04,2.607051168042223799e-05,2.914549553373059401e-03
9.850797864007526661e-01,2.208123402183999849e-03,1.314040944384463902e-03,5.540886537436993638e-05,1.134264038730464948e-02
9.848359876786642042e-01,1.772226851543138530e-03,1.003783893988920931e-03,4.063655154807130224e-05,1.234736502425570065e-02
9.771211407865151299e-01,2.020800257155328829e-03,1.126216062140734811e-03,4.307510236730738328e-05,1.968876779182142031e-02
9.833155763138158312e-01,1.963888918516498976e-03,1.032008495805065247e-03,3.764099686346438693e-05,1.365088527499908402e-02
9.880853960656367230e-01,1.102876930775935956e-03,5.631550535058657244e-04,2.715716785220206528e-05,1.022141478222927252e-02
9.839767865080915055e-01,1.382181733636635070e-03,4.598120666757193431e-04,2.335136524567984874e-05,1.415786832635061200e-02
9.858504762883709693e-01,6.148663345109846041e-04,3.031071827311928582e-04,2.167309787141307898e-05,1.320987709651542594e-02
9.849761985716658508e-01,7.278589213284745139e-04,2.950884925940070792e-04,2.041705400764002261e-05,1.398043696040403294e-02
9.707014663807030930e-01,3.555495915725653388e-03,1.337814980069558166e-03,4.888034558235764503e-05,2.435634237791925796e-02
9.838231213150441246e-01,2.674747643619758072e-03,1.157767384011391997e-03,3.183962419865988012e-05,1.231252403312605229e-02
9.861519802088913877e-01,2.134536791273194348e-03,1.020678890527389584e-03,3.461108696726205035e-05,1.065819302234080439e-02
9.880359266182228151e-01,1.336443161740407835e-03,5.805933486390072200e-04,2.755992170621306684e-05,1.001947694969155221e-02
9.935340199884963308e-01,8.265642114888858754e-04,3.877554196210318137e-04,1.988705501704409349e-05,5.231773325376702470e-03
9.957197414127443302e-01,1.514052266983474280e-03,5.935643313241990718e-04,1.846673406460061121e-05,2.154175254883374316e-03
9.968887010941563931e-01,1.119435378760968340e-03,5.312110470062176779e-04,1.987045414796849362e-05,1.440782025928579639e-03
9.978354249912171348e-01,1.005358976844904044e-03,3.006721149495408091e-04,1.394836848541782194e-05,8.445955485028152840e-04
9.966646528616975864e-01,1.111468674225784582e-03,4.030299506213058549e-04,2.113401409078163320e-05,1.799714499364616716e-03
9.955955473466212569e-01,1.267750996187761835e-03,4.556407254316347335e-04,2.204808774014858808e-05,2.659012844019383991e-03
9.966191481448734013e-01,1.126371179172264408e-03,4.468779683776491029e-04,1.938568527145225227e-05,1.788217022305225523e-03
9.905702073141571251e-01,4.609901938304508326e-03,2.283240735129496522e-03,5.392073247303191347e-05,2.482729279935647505e-03
9.903249847900158498e-01,4.256487160859262313e-03,2.001093889691940575e-03,5.988198914601623897e-05,3.357552170286944027e-03
9.958653192379615104e-01,1.561567868038640349e-03,6.085473788137413069e-04,2.473701723354236940e-05,1.939828497952597987e-03
9.981751504883552562e-01,1.069599324488196366e-03,3.490728815338489232e-04,1.031171670347661783e-05,3.958655889191275133e-04
9.976740116666616975e-01,8.360349132258712655e-04,1.703375716348963520e-04,1.073000238970828456e-05,1.308885846087872590e-03
9.991982460036512581e-01,4.899538239790638024e-04,6.825821194418615575e-05,3.390457680613948739e-06,2.401515027449777268e-04
9.992404287992691092e-01,4.395789888994880521e-04,5.100473319965789006e-05,3.337439730964939860e-06,2.656500389008476372e-04
9.991740135154623115e-01,4.031728499395813162e-04,8.489847236631316448e-05,5.283027192764306235e-06,3.326321350389010913e-04
9.970947907281936251e-01,1.966811182128094023e-03,3.831444690518373856e-04,1.488952694985827450e-05,5.403640936765337528e-04
9.980699612056442849e-01,1.107131815459381574e-03,2.217669181420868312e-04,1.148593615346874779e-05,5.896541246008136106e-04
9.985892572075770746e-01,7.964342067823393509e-04,1.492474652076450597e-04,7.635758534068353388e-06,4.574253618990421657e-04
9.993283979199066858e-01,3.928241100399517652e-04,8.570474946928863681e-05,5.086472108874972715e-06,1.879867484751075344e-04
9.990236591874963601e-01,4.691442435405274321e-04,8.124330802450766887e-05,7.463203371118336874e-06,4.184900575674482988e-04
9.993792189520539493e-01,4.152735172552839268e-04,8.189492492270006047e-05,5.793054427662311606e-06,1.178195513402113917e-04
9.994702171673207625e-01,3.749886696592925721e-04,6.311219775806497080e-05,4.579675600405355205e-06,8.710228966160379221e-05
9.986353163537606825e-01,1.090772689272231574e-03,1.047210309945602194e-04,4.734107851478324499e-06,1.644558181210069856e-04
9.988453099520818723e-01,8.875807670324242392e-04,1.218465109397395856e-04,6.656579985479375397e-06,1.386061899602579668e-04
9.986105462962228119e-01,1.038157351429918425e-03,1.261665747726705778e-04,8.360396516423354791e-06,2.167693810582711571e-04
9.977755059517779967e-01,1.707215140669316898e-03,2.641185236090530151e-04,1.258616993750216474e-05,2.405742140060928127e-04
9.988566111191514718e-01,9.209690752231499723e-04,1.213807997598708572e-04,7.947777191071175659e-06,9.309122867455016858e-05
9.990407305779220870e-01,7.565344728966952228e-04,1.356947262376058112e-04,8.664393473004599326e-06,5.837582947058205283e-05
9.985440170890358402e-01,1.144141529042076635e-03,1.963436937914773940e-04,1.114872651282316368e-05,1.043489616177282738e-04
9.980349435575995853e-01,1.644667167774864144e-03,1.987162249360373929e-04,8.502748173426039014e-06,1.131703015160423470e-04
9.967363952807298810e-01,2.906745963284663049e-03,2.080834372862899349e-04,6.555505404346275407e-06,1.422198132949028745e-04
9.951988244252020221e-01,4.388428400510861228e-03,2.411712347533982921e-04,5.080366575718750734e-06,1.664955729580708103e-04
9.971585714331590022e-01,2.606715265612972055e-03,1.263743792640029139e-04,2.961672762831738110e-06,1.053772492012899518e-04
9.977922639809909677e-01,2.020410996392717293e-03,9.097387034820458331e-05,2.399927811809316129e-06,9.395122445612702012e-05
9.966915886829786908e-01,3.071987679058813068e-03,1.070566520406274913e-04,2.923757457437409942e-06,1.264432284645459017e-04
9.934965118596249534e-01,6.128027340304473269e-03,1.647576975509585046e-04,3.404420368279229651e-06,2.072986821514544295e-04
9.964141511543778140e-01,3.333458406118701249e-03,9.993352675157868249e-05,2.594223551690276440e-06,1.498626892003526408e-04
9.954649242415166688e-01,4.266701850836354844e-03,1.137771964955709860e-04,2.940126665504464530e-06,1.516565844859626261e-04
9.878117605195417816e-01,1.160972050379064681e-02,2.970697360146120074e-04,5.823780383687641391e-06,2.756254602693733870e-04
9.760066311497351821e-01,2.300274977388346367e-02,5.225018324717879865e-04,6.721519057765233207e-06,4.613957248517489050e-04
9.760736295195598933e-01,2.281951620496629543e-02,5.839965516072878789e-04,7.578114948408301151e-06,5.152796089180446733e-04
9.845549076106296926e-01,1.468188575737418983e-02,3.920241871382775705e-04,6.475125106848368157e-06,3.647073197509899845e-04
9.714944576548791844e-01,2.736999107191151123e-02,5.857100928632356842e-04,7.601536285514472774e-06,5.422396440604557079e-04
9.696984218959774360e-01,2.877382015910732310e-02,8.958690068111247818e-04,9.804450221672583604e-06,6.220844878824324407e-04
7.554135338062195615e-01,2.343913858378253168e-01,8.020223324365017420e-03,3.001595156725634988e-05,2.144841080022938558e-03
9.070391616914510458e-01,8.717940180436703490e-02,3.948049743922609628e-03,2.363598894641463435e-05,1.809750771312792876e-03
7.717154392947372932e-01,2.170461049560083455e-01,8.309857880582950662e-03,3.189285506480863660e-05,2.896705013606591401e-03
8.569775959772657492e-01,1.281446536062720298e-01,3.362574375534378886e-03,2.113612690306404483e-05,1.149403991402477877e-02
7.657775621592090021e-01,2.154391281117098156e-01,4.893583480908452778e-03,2.753864052303147807e-05,1.386218760764965259e-02
7.546664027207530268e-01,2.291674232864855942e-01,5.661650254576066667e-03,2.400294718034851914e-05,1.048052079100503416e-02
7.027843122337038562e-01,2.797576956640254742e-01,6.866203654737471247e-03,2.480482499905885336e-05,1.056698362253424492e-02
7.480050259709882798e-01,2.295229995040500570e-01,8.528510794035180920e-03,2.960570226703489438e-05,1.391385802865941802e-02
7.586206872453494787e-01,2.234196398728285349e-01,8.928170591688978225e-03,3.116732077834006968e-05,9.000334969354787870e-03
6.897952350587805981e-01,2.876704166770454041e-01,1.405769213210373778e-02,4.678673357280157933e-05,8.429869398497387423e-03
5.544884177747498866e-01,4.088332991520193249e-01,2.879826896409829959e-02,6.024891532775161247e-05,7.819765193804752851e-03
5.420494561567757996e-01,4.079354033029164994e-01,3.281152776040058977e-02,6.611983568540146211e-05,1.713749294422164254e-02
5.899879705440743694e-01,3.636525696498247306e-01,3.137480211283594222e-02,6.472349095934792082e-05,1.491993420230564027e-02
4.823490048005701358e-01,4.683131515706812076e-01,3.385591193721061709e-02,5.458950566230051302e-05,1.542734218587567610e-02
7.311701409451577538e-01,2.373455744133811662e-01,2.031091842622038263e-02,4.350474813167130725e-05,1.112986146710905240e-02
8.209967584524962003e-01,1.618696163132884724e-01,1.027223783866029055e-02,2.675648765052976856e-05,6.834630907904480288e-03
9.531753419933413074e-01,4.112819728647763157e-02,2.606304818601302888e-03,1.369689611994116636e-05,3.076459005459631583e-03
9.744443552165062972e-01,2.195640703330327403e-02,1.517645732012121249e-03,9.135346983622561045e-06,2.072456671194526905e-03
9.859204768603060387e-01,1.238070395798105197e-02,5.567097987144691961e-04,6.781814549109643506e-06,1.135327568449406464e-03
9.886803209576956464e-01,1.013546096081265058e-02,4.234160198242864449e-04,6.589423917037760948e-06,7.542126377502630626e-04
9.744804664163115859e-01,2.388591822928884389e-02,7.414118180934388923e-04,1.039847085206240704e-05,8.818050654542411394e-04
9.648287973446829646e-01,3.302019297138498316e-02,1.172466745116026001e-03,1.181996269434179887e-05,9.667229761218896350e-04
9.654966834435148026e-01,3.222303228541444076e-02,1.317223968419419921e-03,1.237679375454002482e-05,9.506835088968971885e-04
9.368672591293325524e-01,5.978681734466109038e-02,1.834256885131962337e-03,1.192526407405484613e-05,1.499741376800480756e-03
9.503082660441616314e-01,4.693904331225948884e-02,1.403181088637857994e-03,1.124872304112935084e-05,1.338260831899965985e-03
9.584781858923413500e-01,3.903649812450555451e-02,1.185203971715281714e-03,1.030243777907983853e-05,1.289809573658662941e-03
9.605899705830646118e-01,3.712311513144037067e-02,1.258417687823024404e-03,1.234574746282854966e-05,1.016150850209262971e-03
9.568432286361059358e-01,4.082766319019243140e-02,1.411259817652410400e-03,1.116411280394982584e-05,9.066842432451749194e-04
8.853566523910872954e-01,1.092869696699916571e-01,2.948725426158132351e-03,1.483786698269752288e-05,2.392814645780175914e-03
8.109826978767339378e-01,1.797829329993220759e-01,4.763292649876697295e-03,2.267281989214216066e-05,4.448403654175026728e-03
8.268746487728620975e-01,1.638114231064794202e-01,5.113431154393754605e-03,2.625467304277593364e-05,4.174242293221958749e-03
7.539529822650881119e-01,2.332548643192109694e-01,7.789387617396015435e-03,2.685776176931019223e-05,4.975908036535710462e-03
6.742169411404447255e-01,3.068007444672975481e-01,1.342702279196039510e-02,3.509325492113508839e-05,5.520198345376189919e-03
5.436624325728667273e-01,4.264582951939389632e-01,2.334569152613217430e-02,5.428522384309520239e-05,6.479295483218978219e-03
8.721633586220607359e-01,1.159259562731420473e-01,9.321305449861537126e-03,3.880729454149763340e-05,2.550572360394233636e-03
9.125797168106317692e-01,8.014202909360182425e-02,4.944758336165795340e-03,2.499466279416271173e-05,2.308501096806477894e-03
6.917314858442706882e-01,2.904294249314905429e-01,1.202440274574142695e-02,4.225962459838249202e-05,5.772426853898765704e-03
7.192865493520491649e-01,2.239005710572805341e-01,7.750438707563903420e-03,3.614633731233494020e-05,4.902629454579415791e-02
7.992506694886115648e-01,1.558307849515434274e-01,7.651595329506241487e-03,4.289658470546431395e-05,3.722405364563322744e-02
6.675137655634708622e-01,2.841852696013029700e-01,1.164609791674116324e-02,5.517479764063700241e-05,3.659969212084426132e-02
8.369637954798367918e-01,1.295140698030425030e-01,5.394407694853790326e-03,3.015223892963989611e-05,2.809757478333730490e-02
6.034744162297862591e-01,3.396945040778623914e-01,1.737188005948994696e-02,6.039945760312612281e-05,3.939880017525833333e-02
2.213328509474574435e-01,6.893857707062945872e-01,3.565505442541260644e-02,6.360938763199050516e-05,5.356271453320335385e-02
3.482214702257659944e-01,5.362255594046578810e-01,4.796274204617362313e-02,1.028956561999216267e-04,6.748733266720265134e-02
5.451251759197528468e-01,3.585263222483074386e-01,4.199674040836146732e-02,1.293839441261319880e-04,5.422237747945209824e-02
5.475168276492626829e-01,3.607106934798364195e-01,3.444872947084907239e-02,1.095992874270243663e-04,5.721415011262494243e-02
4.399024020338722085e-01,4.510087491871874743e-01,4.712646966971843071e-02,1.247565520027947474e-04,6.183762255721923784e-02
1.595187299167906414e-01,6.998810118226839183e-01,7.937109626370841831e-02,9.954741317353744436e-05,6.112961458364363221e-02
6.505921126067272242e-01,2.880480505678117420e-01,3.953771160760009146e-02,7.764827748113924783e-05,2.174447694037979703e-02
5.729020485183539124e-01,3.580219440089629224e-01,3.247141216479901976e-02,7.280758584731347402e-05,3.653178772203683616e-02
3.356940541191296701e-01,5.433634913757977580e-01,4.056423148354070668e-02,7.953340414579015635e-05,8.029868961738612088e-02
1.796654825965950664e-01,5.290383362551955848e-01,3.507239310443435037e-02,7.154004925248319145e-05,2.561522479945225195e-01
1.273808049084519112e-01,3.454775726647651424e-01,2.152288644231500903e-02,4.981303516652902340e-05,5.055689229493015580e-01
6.273738319002535035e-02,3.541377183417629970e-01,3.535442734387524155e-02,5.219932722500427423e-05,5.477182717971113002e-01
5.350661467947271516e-02,3.816879907573880737e-01,7.722185831367428532e-02,9.024621853417619103e-05,4.874932900309306705e-01
5.573363821523790590e-02,4.229951782687673689e-01,9.764486525964986841e-02,9.289015841533386996e-05,4.235334280979295429e-01
6.127333382745506762e-01,2.444122396808532938e-01,3.942905008781320136e-02,7.920990150423532340e-05,1.033461620552786897e-01
8.631352162152338137e-01,9.918943416500414223e-02,1.155775454742435752e-02,3.117743244192589268e-05,2.608641763989562670e-02
9.708718636817421643e-01,2.282495109347688553e-02,1.663231677551649593e-03,1.005414709627111298e-05,4.629899400133069727e-03
9.812774988462866776e-01,1.529395920539526610e-02,1.152887159730858974e-03,8.243826802151224374e-06,2.267410961784861474e-03
6.336504665702579198e-01,3.359612750786965529e-01,1.323336874386485396e-02,2.801383222426903903e-05,1.712687577495640781e-02
6.423865508042130301e-01,3.094512799959279192e-01,1.816624837190165820e-02,4.516890730724031002e-05,2.995075192065005387e-02
3.010262413224555345e-01,5.743690443228953724e-01,3.713652599613747468e-02,6.405642248081253910e-05,8.740413193603080444e-02
3.196641427459638862e-01,5.209319367091381769e-01,6.308219606933802848e-02,1.121183423179185991e-04,9.620960613324194832e-02
4.611095890981052325e-01,4.140301988047612181e-01,6.345271525028158000e-02,1.137986144485955573e-04,6.129369823240339576e-02
4.585382920116165550e-01,4.452061708220227954e-01,3.933025300987683798e-02,5.649128273763894345e-05,5.686879287374609765e-02
1.963708048772504489e-01,6.577599415758952350e-01,7.494852834474199921e-02,6.057905405266963853e-05,7.086014614805968836e-02
5.563987545746913455e-01,3.351330700706046661e-01,5.466617308245590168e-02,7.968073902065349334e-05,5.372232153322758358e-02
2.839278136567102706e-01,6.098477534637890551e-01,5.921397777663892081e-02,4.765086731228035074e-05,4.696280423554958366e-02
7.716096017471734125e-01,1.339679780701024947e-01,1.534467591079031155e-02,4.385669585669224271e-05,7.903388757607701653e-02
9.631274178463032909e-01,1.057263712153812089e-02,1.460668376206867994e-03,1.574886629501492930e-05,2.482352778965682752e-02
9.688887349008385996e-01,6.108294095473359477e-03,1.017665545261289307e-03,1.969521189450745751e-05,2.396561024653233798e-02
9.823933777334140638e-01,7.267392932598519366e-03,1.352857247526866903e-03,2.538203384757195042e-05,8.960990052613060017e-03
9.926907038427913443e-01,4.294532992272791054e-03,1.113981331178243682e-03,1.668489673066577119e-05,1.884096937026959531e-03
9.853631198925860701e-01,8.660840832791363159e-03,2.340574252375189970e-03,2.822261446127483556e-05,3.607242407786035061e-03
9.912552360346538194e-01,3.876880664543900894e-03,8.799749104770710709e-04,1.930279706634075143e-05,3.968605593258740794e-03
9.972822875172863144e-01,1.616050650670135345e-03,2.679175286065398369e-04,8.264760512727125226e-06,8.254795429243354287e-04
9.988951258723540727e-01,6.214081087507654973e-04,1.265855962142202148e-04,6.132472850902708134e-06,3.507479498300040857e-04
9.983034946325627379e-01,9.526839413043685029e-04,1.091194357332477113e-04,5.943908965390169822e-06,6.287580814341954191e-04
9.984423975994036748e-01,9.914422597461299176e-04,9.647602900017714024e-05,5.051375344708626028e-06,4.646327365053207399e-04
9.984970666639230163e-01,8.553178011883050139e-04,1.055068661088935509e-04,5.878701577638978192e-06,5.362299672022185354e-04
9.974237541550983188e-01,9.693251747875708578e-04,9.647665449767292567e-05,6.116846988185502138e-06,1.504327168628217474e-03
9.991034259507470816e-01,3.277039589362811195e-04,4.230313391186373961e-05,2.975031404107801343e-06,5.235919250005599893e-04
9.992128867888532273e-01,4.606637669086185234e-04,7.730462707062749669e-05,4.072626590752577635e-06,2.450721905767202450e-04
9.990901303147806667e-01,6.096705937081346120e-04,1.145945203144685745e-04,4.985654332798525392e-06,1.806189168637777824e-04
9.993677746992757349e-01,2.866828504371710063e-04,5.155160213493128633e-05,3.668152752823569722e-06,2.903226953991814110e-04
9.985058018620756037e-01,4.124688941148665455e-04,6.467850259187181352e-05,5.900746328364915791e-06,1.011149994889374258e-03
9.984900371818846709e-01,3.912459554335605814e-04,8.185655076907300529e-05,7.442839165373817454e-06,1.029417472747407329e-03
9.990063814419634092e-01,5.113696152479193591e-04,9.847403590349682945e-05,6.369769012812634321e-06,3.774051378724610430e-04
9.993866310635014516e-01,3.398193146031514662e-04,5.950462439407011703e-05,3.759266182730380085e-06,2.102857313186249038e-04
9.996133527768666927e-01,2.107258483672915504e-04,3.684910092657203723e-05,2.249769910078146359e-06,1.368225039292725364e-04
9.994830988644071157e-01,1.747400275096431610e-04,3.293565476874744968e-05,2.766620898736048453e-06,3.064588324156666821e-04
9.994890280445312136e-01,1.387175548589698393e-04,2.681320429307040157e-05,2.918212696488487887e-06,3.425229836202762102e-04
9.991583903199627859e-01,2.422435088333782960e-04,3.569278298688383544e-05,4.074875178325814719e-06,5.595985130386546547e-04
9.988278063240983995e-01,4.242992076856980641e-04,5.645462506026576561e-05,4.640932398399187044e-06,6.867989107573029819e-04
9.988299707636910663e-01,2.481081239811432537e-04,4.263288877661183102e-05,4.404807236733046182e-06,8.748834163144292384e-04
9.988821692800238239e-01,2.033991491515490710e-04,3.968842794648346325e-05,4.614477907515796521e-06,8.701286649706956554e-04
9.990829862238129744e-01,1.264808242890982633e-04,2.619797544228962449e-05,3.496202403446002248e-06,7.608387740523262594e-04
9.987220626038925131e-01,2.351600493890545237e-04,4.106299854585797305e-05,5.156543995248484867e-06,9.965578041773721744e-04
9.984525827225390060e-01,3.085552595444405349e-04,5.587770299110750614e-05,6.523021486524804956e-06,1.176461293438820725e-03
9.969410837690207972e-01,5.165762203678949749e-04,1.065297078439821413e-04,1.141572959491846685e-05,2.424394573172336705e-03
9.978554906008220149e-01,2.837342898902407229e-04,6.991018853757469879e-05,8.561717944020575693e-06,1.782303202806290263e-03
9.985668248287415949e-01,2.036095973643889335e-04,6.370260607746265245e-05,6.347006054065396563e-06,1.159515961762505425e-03
9.977677952578143383e-01,6.250185246131194101e-04,1.875482061743274757e-04,1.149164643689884479e-05,1.408146364961332083e-03
9.964234613156911502e-01,2.096467407689493138e-03,4.793341429742530306e-04,1.392992095508570292e-05,9.868072126899374123e-04
9.958973209277801608e-01,2.612742111483574471e-03,6.511044711180341300e-04,1.709378612217529091e-05,8.217387034958479729e-04
9.969711000430163672e-01,2.031505645194867874e-03,5.009847363465386475e-04,1.300165934467175756e-05,4.834079160974868658e-04
9.982243133244589339e-01,5.754534821519411694e-04,1.781882580501987449e-04,1.041323293113189215e-05,1.011631702407754171e-03
9.992559867979822208e-01,2.628770547182235611e-04,9.570647886926407478e-05,6.096533128679800575e-06,3.793331353016694807e-04
9.985404897448384443e-01,6.528256694851790982e-04,2.398522566557299059e-04,1.280384643653282228e-05,5.540284825839859309e-04
9.977478233247132344e-01,1.009209627458701811e-03,6.461840164454899947e-04,3.953181739602959689e-05,5.572512139865247157e-04
9.960070242783463090e-01,2.093022473782474129e-03,9.662435852083075790e-04,4.950693622840800136e-05,8.842027264344791415e-04
9.967067401797152781e-01,1.094474990862086619e-03,5.529100480075530011e-04,3.969335886670866906e-05,1.606181422548435623e-03
9.989761892121480358e-01,4.243069731843243046e-04,2.044369908025781175e-04,2.047572919238791178e-05,3.745910946726357981e-04
9.977709139889081591e-01,1.078556127570011675e-03,4.658109220879847303e-04,2.668149283997134203e-05,6.580374685938130460e-04
9.986366106859440039e-01,3.408634701322789244e-04,2.220871877223727111e-04,1.875205749955988167e-05,7.816865987017110069e-04
9.963640904771694506e-01,3.530534108447402637e-04,2.088885575118178627e-04,2.680717169845882864e-05,3.047160382775368839e-03
9.957377951044908970e-01,3.039577100295120095e-04,1.624718736380846692e-04,2.077276394051171424e-05,3.775002547901079499e-03
9.927812662125762300e-01,4.218637172165619884e-04,2.587279912674015411e-04,2.905927607186601483e-05,6.509082802867756021e-03
9.891272375188321364e-01,5.192587309544194774e-04,2.429911907138098076e-04,2.778730910088455681e-05,1.008272525039873718e-02
9.957190116257320645e-01,5.338890401560128030e-04,1.990535630950457770e-04,1.594655566868772176e-05,3.532099215348019280e-03
9.944999611776554893e-01,3.185963887432582162e-04,1.466961169541320677e-04,1.523923312282193389e-05,5.019507083524295428e-03
9.895975391819485933e-01,4.688761051304997526e-04,1.740390613735036830e-04,1.944079327735443959e-05,9.740104858269945862e-03
9.920723615196682665e-01,3.626151272487150340e-04,1.361103861778285623e-04,1.433685245360736678e-05,7.414576114451672945e-03
9.905572555214511299e-01,3.899860583968532603e-04,1.804739988227375773e-04,1.780120018414591302e-05,8.854483221145171418e-03
9.927855719950119395e-01,3.772604703757072731e-04,1.383157675205547274e-04,1.302055663778644261e-05,6.685831210453906624e-03
9.938054275644930824e-01,5.060045412831653188e-04,1.589985773826790329e-04,1.351182063339190155e-05,5.516057496207714232e-03
9.946255787292779260e-01,3.469132492192234548e-04,1.070589684906974741e-04,1.025544079276890247e-05,4.910193612219380423e-03
9.935072884097473356e-01,4.483740523271294190e-04,1.325030868630530071e-04,1.115838336634523600e-05,5.900676067696262322e-03
9.906860810045968746e-01,4.404076103007973936e-04,1.220378391888074716e-04,1.282804279462315097e-05,8.738645503118853616e-03
9.944202279204201744e-01,2.513116680150596569e-04,9.100795882996054269e-05,1.020066006367028183e-05,5.227251792671203448e-03
9.877452627344008862e-01,5.212083286246807457e-04,1.505582734959749628e-04,1.476081597708852598e-05,1.156820984750127693e-02
9.906201454643853710e-01,4.773610369308778833e-04,1.331783411830676019e-04,1.195391017837755253e-05,8.757361247322244246e-03
9.909686232213228418e-01,4.176833688746419511e-04,1.023852643802210743e-04,1.017308945559550612e-05,8.501135055966755477e-03
9.924082561698469584e-01,3.547248965853398803e-04,1.058448954963225061e-04,9.761370233739775874e-06,7.121412667837754423e-03
9.945174810055114056e-01,3.410995427140461563e-04,9.880050531225448534e-05,9.822299310047160465e-06,5.032796647152353378e-03
9.951481476714940655e-01,3.949254668643638637e-04,1.120546249429303805e-04,9.329211203666817854e-06,4.335543025495084205e-03
9.969507640334269727e-01,3.692179632747158782e-04,8.689407592944011556e-05,7.180780409475710972e-06,2.585943146959529017e-03
9.957773602442443472e-01,3.486910410634950922e-04,7.919501125197120047e-05,8.132101413845638278e-06,3.786621602026364088e-03
9.968880555182085823e-01,2.416001538913975272e-04,6.744805077625559123e-05,7.679579749299191775e-06,2.795216697374382740e-03
9.945277525246200012e-01,4.090480758963446197e-04,9.683640287323053673e-05,9.967936565545228617e-06,4.956395060044995610e-03
9.896966494062764408e-01,5.316418583221247610e-04,1.274970756093504482e-04,1.288481259264494847e-05,9.631326847199514485e-03
9.973993581640097084e-01,4.516544445963139296e-04,1.367212569778570653e-04,9.433993513200519259e-06,2.002832140902887845e-03
9.983017183024776031e-01,2.491106771804831618e-04,6.041004450187339737e-05,5.155475951609593229e-06,1.383605499888473271e-03
9.981859658179159656e-01,2.610644533038854014e-04,5.918320644412655642e-05,4.902607647854395119e-06,1.488883914688328642e-03
9.951561214489429430e-01,5.623400763201496762e-04,1.004084466110531171e-04,7.857271029570740939e-06,4.173272757096401636e-03
9.911515213856855189e-01,5.251151387559636853e-04,9.804642992103876776e-05,1.008977140386855528e-05,8.215227274233544152e-03
9.967516444531121511e-01,5.802128440647458122e-04,1.380366239452644511e-04,8.924485487837163569e-06,2.521181593389954304e-03
9.966987483138615156e-01,4.148869837845198835e-04,1.152810646863493721e-04,8.633141875546641975e-06,2.762450495792218540e-03
9.967585342866285281e-01,3.058706169511808681e-04,8.363809610829511093e-05,7.895548364406657703e-06,2.844061451947518630e-03
9.949396322593809794e-01,3.416221691108144122e-04,9.684818293329572748e-05,1.073800157319229684e-05,4.611159387001748447e-03
9.979274868984229219e-01,2.466710150602780677e-04,6.109392106958244075e-05,5.843907464483031591e-06,1.758904257982813867e-03
9.958305645757175029e-01,3.338782884291363324e-04,6.929373236944632653e-05,7.885556079563231979e-06,3.758377847404544350e-03
9.971392862084317299e-01,1.755054565771087564e-04,5.694822775535236960e-05,6.859036018692257895e-06,2.621401071217155637e-03
9.974558386920391317e-01,2.651340829643187235e-04,7.902623412831151755e-05,8.290649668378274797e-06,2.191710341199746333e-03
9.958276285013026863e-01,4.365155306366515393e-04,1.550238594175004452e-04,1.359201163362316363e-05,3.567240097009384200e-03
9.970669452114812037e-01,2.663911122713507901e-04,1.006248856572310158e-04,1.024414762676890142e-05,2.555794642963512848e-03
9.968262424768381536e-01,2.523459527998113362e-04,8.945069883805961079e-05,9.043872311624236141e-06,2.822916999212218576e-03
9.992598303294507600e-01,1.372441029078862759e-04,3.848221091375758445e-05,3.552092562148869602e-06,5.608912641654927511e-04
9.985987898561853315e-01,5.220706638990839496e-04,1.077324652678752841e-04,6.533819665033686177e-06,7.648731949827130335e-04
9.982365684121515814e-01,6.022004444311123555e-04,1.513246232916297515e-04,7.499772238407978555e-06,1.002406747887080564e-03
9.980860603951756671e-01,6.688069689769663524e-04,1.614834893957107500e-04,8.024419289244935432e-06,1.075624727162336706e-03
9.977586977578409844e-01,6.300870337687566576e-04,1.551395632217270623e-04,8.579770285253576352e-06,1.447495874883253982e-03
9.982941421802612458e-01,5.597832234368922558e-04,1.470150217917190515e-04,7.428269594275247717e-06,9.916313049160698032e-04
9.988233224779036190e-01,4.653364975571619259e-04,1.479839626099301031e-04,7.296500019197150841e-06,5.560605619100168198e-04
9.992668488802372018e-01,3.606901738724308751e-04,7.682677801639558397e-05,4.227000152667581455e-06,2.914071677211784546e-04
9.981626843509991964e-01,8.020673441331235311e-04,1.378245336346783706e-04,5.674022988081783752e-06,8.917497482449266875e-04
9.989886383893820110e-01,3.613350505731278885e-04,7.986891629628179866e-05,4.104843300325396192e-06,5.660528004481727446e-04
9.989526760986643383e-01,3.213537176065894103e-04,5.141616763761145802e-05,3.380002661137240992e-06,6.711740134301233006e-04
9.990749410595218816e-01,2.563785946499369073e-04,4.815038928578616750e-05,3.168614762156014163e-06,6.173613417802722428e-04
9.985871449020590207e-01,3.878819834225649753e-04,7.931936660263209883e-05,4.970340045752068670e-06,9.406834078701784875e-04
9.952510054748786583e-01,7.308088905395549676e-04,1.336103616515538813e-04,8.303558318927148918e-06,3.876271714611268307e-03
9.946407580016729533e-01,1.570953333091644043e-03,2.580976330402993718e-04,8.844308514257081632e-06,3.521346723680737149e-03
9.954391097147363698e-01,1.086191382573440832e-03,1.870325809075826782e-04,8.192835701427590229e-06,3.279473486081057980e-03
9.957210110218431831e-01,1.966547636954891522e-03,4.445673488065362677e-04,1.322679258395808662e-05,1.854647199811406636e-03
9.974999674276832096e-01,1.005237894536150419e-03,1.727372037208281942e-04,7.215449368811587078e-06,1.314842024690931902e-03
9.945715281722951051e-01,1.233342765197562117e-03,1.918726110892761817e-04,8.583370210855551549e-06,3.994673081207203956e-03
9.948864077981175447e-01,9.050800785193296571e-04,1.444743108255832210e-04,6.648778786218802692e-06,4.057389033751451074e-03
9.942058293935124302e-01,5.891427189513569630e-04,1.628212416037256108e-04,9.387638938603238360e-06,5.032819006994065057e-03
9.924924382101764087e-01,9.167707357761040177e-04,4.459483475435901457e-04,1.997637672422503349e-05,6.124866329779653749e-03
