7.056476075674177340e-01,1.196465039749345684e-02,3.486111489327668039e-02,1.866935945036258537e-01,6.083303263818639478e-02
7.321541788914556204e-01,3.684551574699815313e-02,4.062269285719299211e-02,3.837766911551972193e-02,1.519999433888334084e-01
9.183457503507483910e-01,2.747938598740575639e-02,6.532250493976638102e-03,1.254620074678398142e-03,4.638799309319080466e-02
9.726183859960437772e-01,6.241307234681091158e-03,1.200501099889403475e-03,1.689893399294216381e-04,1.977081632945630607e-02
8.391975606659578535e-01,5.113501450990996788e-02,1.327370105281582002e-02,7.268333052427940113e-04,9.566689046607362856e-02
4.926379629983206887e-01,9.911301018624428527e-02,4.144597709130520835e-02,9.421895353861359929e-04,3.658608601887436418e-01
3.275393092665569994e-01,7.658519459691770503e-02,8.387261110063970460e-02,2.140984569041905032e-03,5.098619004668437649e-01
2.528261660289454205e-01,9.684595054141145742e-02,1.305215955744161993e-01,3.024728007521300822e-03,5.167815598477054628e-01
4.573312358678556788e-01,2.424121339493103336e-02,2.151160453673813325e-02,1.369221342754632295e-03,4.955467248577205552e-01
7.214440111209563522e-01,4.491626199565033895e-02,1.535027042023121187e-02,6.939548274362626178e-04,2.175955016357259131e-01
7.023624415034850355e-01,6.041482261490843664e-02,1.993601786571161036e-02,7.567625477021395174e-04,2.165299554681927863e-01
5.976120512542103524e-01,4.097530466021757217e-02,5.409803571995284999e-02,2.452122689563912637e-03,3.048624856760553392e-01
5.231911761194990573e-01,8.458444329474650025e-02,1.907376832084472507e-01,6.813025554582455810e-03,1.946736718227247143e-01
3.564628632781120521e-01,5.753870802428507486e-02,2.639225570834386470e-01,1.067545033799119358e-02,3.114004212761729562e-01
6.942179710768667800e-01,3.369631230329725446e-02,6.969461469439679202e-02,4.814393200421747919e-03,1.975767087250175080e-01
7.370999600922278905e-01,2.782908430574897521e-02,5.054671721930768108e-02,4.745657034503216604e-03,1.797785813482120354e-01
8.257530343909162962e-01,1.070184620363607425e-02,2.788938768829513082e-02,7.106816232356689619e-03,1.285489154847956894e-01
9.537085063994592549e-01,3.557750860528223480e-03,8.493714900107758592e-03,3.332863038621733560e-03,3.090716480128305813e-02
9.688585628734752708e-01,2.905627761058761187e-03,1.762596359901835719e-03,4.197845152359593979e-04,2.605342849032799696e-02
9.952439610559494776e-01,1.028786073269484297e-03,7.916894349784701695e-04,4.667565244447908460e-04,2.468806911357679466e-03
9.929715747367074963e-01,1.983919239963937396e-03,1.329014113360960916e-03,6.934481269492306877e-04,3.022043783018439449e-03
9.817140548908612763e-01,4.021950978686367022e-03,1.996305797923115903e-03,7.418660539250586340e-04,1.152582227860428528e-02
9.129588039681025835e-01,2.181463442554524429e-02,2.219074126310662670e-02,3.283968099607576484e-03,3.975185224363806530e-02
9.237651883466565517e-01,2.288592203018392085e-02,1.639270188876090772e-02,1.565110836221540128e-03,3.539107689817715813e-02
7.622075307141034095e-01,6.575930303572941060e-02,7.919656239405793718e-02,3.806325995336762389e-03,8.903027786077268024e-02
7.184929598667335604e-01,6.427061511203358002e-02,1.302207459199627160e-01,5.153393724409916637e-03,8.186228537686010553e-02
6.994548617415093927e-01,6.661590470792198848e-02,1.131402462932169783e-01,5.896908551086963574e-03,1.148920787062645277e-01
7.076861799805499453e-01,8.022325645839677166e-02,1.467897357488418264e-01,7.727701570999927910e-03,5.757312624121152522e-02
8.045550591472448998e-01,4.239023292907407453e-02,5.115486583773293239e-02,3.376297370671215835e-03,9.852354471527693947e-02
6.626553677593511882e-01,1.119863266704359539e-01,7.867689198187867439e-02,3.699584146208471664e-03,1.429818294421257296e-01
7.924283983756882366e-01,7.690312144947346329e-02,4.292480692253446140e-02,2.487321521900922889e-03,8.525635173040312098e-02
9.018801330341634781e-01,1.995213199615680777e-02,1.165854270753116477e-02,9.630859534122219187e-04,6.554610630873651533e-02
8.630740993068801714e-01,2.793276677406916417e-02,1.493270848061302968e-02,8.005403831215613612e-04,9.325988505531626616e-02
8.324667283796465256e-01,1.939379586975521763e-02,1.205350315545484184e-02,8.777139791227326704e-04,1.352082586160207878e-01
7.130317277238396034e-01,1.589858732567054830e-02,1.608919345595033815e-02,1.811191904975513337e-03,2.531692995895639675e-01
6.656706775023707445e-01,2.099588535374428272e-02,7.210475663053809992e-02,1.243846503142521411e-02,2.287902154819216882e-01
6.758177289474789351e-01,1.246827177772156202e-02,5.556912784789216214e-02,1.110770433943395787e-02,2.450371670874734731e-01
8.194475706371736612e-01,6.184459439261814212e-03,1.694995394305798958e-02,3.857380765423830751e-03,1.535606352150827303e-01
7.987304736243517889e-01,1.549809546241255956e-02,3.615157785972990256e-02,4.717035426692092748e-03,1.449028176268135903e-01
7.014033812567345150e-01,1.974862178460579099e-02,5.140041515266870198e-02,8.491333731440068450e-03,2.189562480745509410e-01
8.058234690607910533e-01,1.184938407844176797e-02,1.975431633868813056e-02,2.721989761566896097e-03,1.598508407605121195e-01
8.748589247653085765e-01,9.974233769757961249e-03,1.288343227843109610e-02,1.542094670599485811e-03,1.007413145159028328e-01
7.742435111342125253e-01,4.537528839749380150e-02,5.454855836712662470e-02,2.442767703456607837e-03,1.233898743977104029e-01
6.937671647170563505e-01,3.977644316147899151e-02,3.663317573610101047e-02,1.882649915883362552e-03,2.279405664694803546e-01
6.644764599969202878e-01,3.132641691364141528e-02,3.635023381523571490e-02,1.762968656510198375e-03,2.660839206176922600e-01
7.086608405950954870e-01,3.353937330796798177e-02,3.702325545295508114e-02,2.175233150327515567e-03,2.186012974936540343e-01
9.315878657945388941e-01,1.278007377763943665e-02,7.004353758159112368e-03,4.827043816695399722e-04,4.814500228799285797e-02
9.575852024937806517e-01,1.316846499059513322e-02,5.773417460386606748e-03,3.354411079094070120e-04,2.313747394732822149e-02
9.045273376090191553e-01,2.078513923046032205e-02,8.194454783350091712e-03,4.370659242885064537e-04,6.605600245288167915e-02
8.707717655130294832e-01,6.926049180922161895e-03,4.299069540961045904e-03,4.191963878163639185e-04,1.175839193772709040e-01
8.195380671882160906e-01,1.544226924424335276e-02,1.565653724111878281e-02,8.226118210739461400e-04,1.485405145053478593e-01
8.687904090555380598e-01,9.702272777728128059e-03,6.274181979735765809e-03,2.669388364404046078e-04,1.149661973505576307e-01
7.990339424286321268e-01,2.330131061662997841e-02,2.071169220707141587e-02,9.642683522137508994e-04,1.559887863954526055e-01
9.485159085239890375e-01,9.490202769191543458e-03,4.746649601274390007e-03,2.630380675685639689e-04,3.698420103797644271e-02
9.254207480694401911e-01,1.531832920964416866e-02,5.607337126780377427e-03,2.977723559868201758e-04,5.335581323814851673e-02
9.533713422360580170e-01,1.177175749403809590e-02,7.605258157247678577e-03,3.665330206043229309e-04,2.688510909205189814e-02
8.577211756739423487e-01,2.527991681579302985e-02,2.195253021201978502e-02,1.002171961054991933e-03,9.404420533718996222e-02
8.705986422458266150e-01,1.900391647364724559e-02,5.330197163756773826e-02,5.617006178087417118e-03,5.147846346487115060e-02
8.409806581373585610e-01,4.046096719463694591e-02,6.286614164501241886e-02,3.656334831192933291e-03,5.203589819179905984e-02
7.509607777636622128e-01,4.299388381159215816e-02,1.184170486284925605e-01,1.111517236206834881e-02,7.651311743418480471e-02
6.440680697522641607e-01,4.576272263588058303e-02,8.466342269048172942e-02,9.150730902544621653e-03,2.163550540188288740e-01
7.101808316243545249e-01,2.693158323104914709e-02,4.729504446109598220e-02,9.330524848705237795e-03,2.062620158347951149e-01
7.425885609076379179e-01,2.191129994393711117e-02,7.559849348977094874e-02,1.879522648980216926e-02,1.411064191688518599e-01
7.841987969765429334e-01,1.873029290591752410e-02,5.897957316939631683e-02,2.497460384637258807e-02,1.131167331017705474e-01
9.319095705837284749e-01,8.773530043666381145e-03,1.910588742555537761e-02,8.740583056142349136e-03,3.147042889090748141e-02
9.479741341491735307e-01,7.264109144812538194e-03,1.013002016547193476e-02,5.053624470159210659e-03,2.957811207038292187e-02
9.022033755798212207e-01,8.828958520214227196e-03,1.434652472801803066e-02,5.170130193826026621e-03,6.945101097812046709e-02
7.418253031340025228e-01,4.021471592274150630e-02,1.106555147579692255e-01,3.038184504514501380e-02,7.692262114014164487e-02
6.523582103731379034e-01,3.210139133780956500e-02,1.599778204938925863e-01,6.161159214986085958e-02,9.395098564529907881e-02
7.075668686314299238e-01,1.808419308721960148e-02,1.207288346083048303e-01,6.560915830942312676e-02,8.801094536362247256e-02
7.385701140524164598e-01,1.615509810104108143e-02,1.443473856171375580e-01,7.192338575923701294e-02,2.900401647016774900e-02
8.269262174543667854e-01,2.046667049798914229e-02,8.974249376105238041e-02,2.459517251314511169e-02,3.826944577344656290e-02
8.617779646022253326e-01,1.946868960930709866e-02,5.154501642970607533e-02,9.729827968092401302e-03,5.747850139066906783e-02
6.776274888218768444e-01,4.115192855076142686e-02,2.030863614733847966e-01,2.572438968800621131e-02,5.240983146597073122e-02
7.734146484504773600e-01,2.805149751696364366e-02,9.396779748546890687e-02,1.611447904364385689e-02,8.845157750344617709e-02
6.646293769031348386e-01,4.104246711125997954e-02,4.868716118188387565e-02,3.758821974219552550e-03,2.418821728295018070e-01
8.005627188724463439e-01,2.724579599302521388e-02,2.428277797177832986e-02,1.627731418488516510e-03,1.462809757442615488e-01
8.420624916204222377e-01,1.496244783896242755e-02,1.031051021746759444e-02,8.004077159352693434e-04,1.318641426072124645e-01
8.708118854167810063e-01,1.035717829480626261e-02,8.662069707739868119e-03,9.569748331768170111e-04,1.092118917474959039e-01
7.370112573156466507e-01,3.551439801493641579e-02,3.357711288114596793e-02,1.938542752948422924e-03,1.919586890353224828e-01
7.608269687486652888e-01,2.272331790398713497e-02,1.440788921330318079e-02,8.584978161781006397e-04,2.011833263178662845e-01
9.577217431490318011e-01,4.613969975424675810e-03,2.276924323176443988e-03,2.168926114546117928e-04,3.517046994091246187e-02
9.631839871411240761e-01,3.491986303949424532e-03,3.663527396989759832e-03,6.482293556165177363e-04,2.901226980232010297e-02
9.010765620329643788e-01,2.041485373073994442e-02,1.249653422075949587e-02,1.198470761954433233e-03,6.481357925358173511e-02
8.693140293721504097e-01,2.366790097935732654e-02,2.742850177554384539e-02,2.578846480381677669e-03,7.701072139256692761e-02
8.728612125102331865e-01,2.409330893145530603e-02,2.143046619834028388e-02,1.198820865831246940e-03,8.041619149413978263e-02
8.269166645091089451e-01,4.727962480751444346e-02,2.191627197528334819e-02,7.907898746874758448e-04,1.030966488334057740e-01
4.734807408377604276e-01,2.028178661006664607e-01,1.130997214599051837e-01,1.645348925590900619e-03,2.089563226760770276e-01
5.904169702621291371e-01,1.333507126272188426e-01,1.357240386755301231e-01,3.396426369640271215e-03,1.371118520654816542e-01
3.296887735676930498e-01,2.676840777826476336e-01,2.791873183215848875e-01,6.352253284756232028e-03,1.170875770433182639e-01
2.948144023046095907e-01,3.406591846365154552e-01,2.235634297865472242e-01,2.572639842144177139e-03,1.383903434301835544e-01
2.084078633118519042e-01,2.941025466364705632e-01,2.957274069650524528e-01,4.122294762861141749e-03,1.976398883237640292e-01
3.143082557258976006e-01,1.916102932146451776e-01,1.360729559244850950e-01,2.488542910409335430e-03,3.555199522245627297e-01
1.468290808282310955e-01,1.158302127360241740e-01,1.217734250220540299e-01,3.026906940422318358e-03,6.125403744732683675e-01
1.812976726465621857e-01,9.968055779405551875e-02,5.696065478419030242e-02,1.352809193692045431e-03,6.607083055814998440e-01
1.396155179901007737e-01,5.399362793358941648e-02,6.396067241825752203e-02,2.187393687680514245e-03,7.402427879703716851e-01
1.576303753684059339e-01,9.120076107872678028e-02,1.217325399847326156e-01,3.793187945869206257e-03,6.256431356222655893e-01
7.197282861465373327e-02,4.616074227956107334e-02,3.373965713516915987e-02,1.288746255881052577e-03,8.468380257147349877e-01
9.314148815331665943e-02,2.123257208620374717e-02,1.885367127397779077e-02,6.516221321564311195e-04,8.661206463543456024e-01
2.238372254101904657e-01,1.502692976389236046e-02,1.048838755146449912e-02,6.342821634143163767e-04,7.500131751110384881e-01
3.709429703424130254e-01,1.226370286888524980e-02,4.985202762476381722e-03,2.840991724301339242e-04,6.115240248537952006e-01
4.548978296693249046e-01,2.104505518109840365e-02,1.135665009619670103e-02,7.266694412580367197e-04,5.119737956121219735e-01
4.630011119598711478e-01,6.062144867654736813e-02,1.873301134217698893e-02,6.968296070973113796e-04,4.569475984143073211e-01
4.899415055025616583e-01,4.422079407810834695e-02,1.176877465093480700e-02,3.643523805875697845e-04,4.537045733878075637e-01
4.965308268816904791e-01,3.299369876990328188e-02,9.685157831531943790e-03,3.280608658033908141e-04,4.604622556510709064e-01
7.454183785641791404e-01,2.710950850612058385e-02,2.388495975436847468e-02,2.007059364176130064e-03,2.015800938111556861e-01
5.276784842800085196e-01,1.718495826306776914e-02,2.150475573032166118e-02,3.414678230849428099e-03,4.302171234957525847e-01
3.228718275524638526e-01,1.282029540480627595e-02,1.662185774275014988e-02,2.897622019517453931e-03,6.447883972804621111e-01
2.985101797329291484e-01,2.070545695901839650e-02,1.323010739567893369e-02,1.198739349816209951e-03,6.663555165625572041e-01
4.102088932565992052e-01,5.250049845798867437e-02,7.643696105475497604e-02,4.953388850292092353e-03,4.559002583803651310e-01
4.089193015712498935e-01,4.479225687784371690e-02,5.455660231380064090e-02,3.365897380159843782e-03,4.883659418569458732e-01
2.439721150794528504e-01,4.675537493773047198e-02,5.474361599864661920e-02,3.009830100261690240e-03,6.515190638839082338e-01
2.645062776488592560e-01,2.461510463660740791e-02,2.113589330808146594e-02,1.135030226079739761e-03,6.886076941803720430e-01
4.533714283692668046e-01,1.930352092016149324e-02,1.620072571364557235e-02,9.664867903549465445e-04,5.101578382065712347e-01
2.186850570431887464e-01,3.093855937155190472e-02,1.469508473829256139e-02,7.076388891844690191e-04,7.349736599577822993e-01
8.672057049445389132e-02,1.808907768580290953e-02,2.226785090708656434e-02,9.253583838572765168e-04,8.719971425287993405e-01
1.481656386471705000e-01,2.855894080538237331e-02,2.495107912956875257e-02,8.221401858497645728e-04,7.975022012320286402e-01
1.255733519686047517e-01,6.653520205020448976e-03,8.444117563867929027e-03,7.053581731781026140e-04,8.586236520893287816e-01
3.459821753481370221e-01,5.213883186986173826e-03,2.550591607974626428e-03,2.441277516210344704e-04,6.460092221052810002e-01
4.314589693934852699e-01,4.381522536567950335e-03,3.904779526653245469e-03,5.452987621825181042e-04,5.597094297811109342e-01
4.852833164326855742e-01,7.899982175017123895e-03,5.559197383399554389e-03,7.895317986980737160e-04,5.004679722101996742e-01
7.137291629566664408e-01,1.176854884623906340e-02,6.973728241990427047e-03,7.379652546307317960e-04,2.667905947004733935e-01
4.002161755853234637e-01,1.196693448198760633e-02,9.546069696355508755e-03,1.057185175776520058e-03,5.772136350605568955e-01
4.034402844216147810e-01,3.340776518336682072e-02,1.791121580217725634e-02,1.072493019345764891e-03,5.441682415734953038e-01
3.666383067942199925e-01,2.074731524943841318e-02,1.293416195395547322e-02,1.101012051017777413e-03,5.985792039513682106e-01
3.926029561301155879e-01,1.679807747460854844e-02,8.253352146613881016e-03,6.590281610642469883e-04,5.816865860875974903e-01
1.333835405930068607e-01,1.021045302647101069e-02,8.924715076562766275e-03,5.935981680757669316e-04,8.468876931358835236e-01
9.089449721425163498e-02,2.395747897967259038e-02,8.441820215347002609e-02,4.376427701672039490e-03,7.963533939509336301e-01
4.043110281613419843e-02,9.321003559849355691e-03,5.761334877762983725e-02,5.741565020108346969e-03,8.868929798262781272e-01
3.708065897628935043e-02,3.323724317764674939e-03,9.488544836445044969e-03,7.728823283590873340e-04,9.493341895411416820e-01
1.855230239335945996e-01,6.318477047956456809e-03,6.572486891507217655e-03,5.410273064282523697e-04,8.010449848205132284e-01
6.802959704432267607e-01,1.118289448446934363e-02,5.982290050098383258e-03,4.956616452388488926e-04,3.020431833769666730e-01
5.622369916309064575e-01,2.781321612539199711e-02,1.016030273599660347e-02,5.936707173386044506e-04,3.991958187903664745e-01
8.419929127357506093e-01,8.641013194104665840e-03,2.761343589706948074e-03,2.236172552275954707e-04,1.463811132252102465e-01
9.494102465420888315e-01,9.692950071536589676e-03,3.202938824637968813e-03,3.201351258963904640e-04,3.737372943584026802e-02
9.526812780376214818e-01,2.515876465681834897e-03,1.093484164197257606e-03,2.020618759221676859e-04,4.350729945657732384e-02
7.354552962057845367e-01,6.638019749841504204e-03,1.428937563363816233e-03,1.430901898222801145e-04,2.563346562911880122e-01
5.725540915791769159e-01,1.020336704225440622e-02,4.237489833667954647e-03,3.518352795724293295e-04,4.126532162653284153e-01
7.502912530847539729e-01,7.598904384487792374e-03,2.753811381787733478e-03,2.156460279979213930e-04,2.391403851209726317e-01
6.084120784729822873e-01,2.083930752695270852e-02,6.430769590667783156e-03,3.684333884659905366e-04,3.639494110209311462e-01
9.680702988535108133e-01,2.819944483391636190e-03,6.546337843178857627e-04,5.411284390992857134e-05,2.840101003486956988e-02
9.178233410613418908e-01,3.644926380669135258e-03,1.461089483704900620e-03,1.773025966033401940e-04,7.689334047768076053e-02
9.337852572464875323e-01,2.626182257712325347e-03,8.692225569238369153e-04,1.206966934412223694e-04,6.259864124543514097e-02
8.374077348397771514e-01,2.266213055430732048e-03,7.892749352590791318e-04,1.074879483591757316e-04,1.594292892211740253e-01
6.792565198134681292e-01,3.575629463495017413e-03,1.102136861839020593e-03,1.280317823785661431e-04,3.159376820788190598e-01
9.498194984464215507e-01,2.582575293325338993e-03,3.345872839394655948e-04,2.859273783258745025e-05,4.723474623848124970e-02
8.952661344931879261e-01,4.021130501859881273e-03,4.792153872625735294e-04,4.024356979869440047e-05,1.001932760478909390e-01
9.522205755792925164e-01,3.847209765700180216e-03,8.272150621923154935e-04,9.634687639649808612e-05,4.300865271641839127e-02
9.861437411128012309e-01,4.612030716761873414e-03,4.783222452923792823e-04,3.918953395283017286e-05,8.726716391191664812e-03
9.943754464365087697e-01,2.792249454777085468e-03,1.198868046499687904e-04,7.586900592058678815e-06,2.704830403471859736e-03
9.691392794301849634e-01,2.177816412884252956e-02,5.761014959072627154e-04,1.927866867249638209e-05,8.487176276392673427e-03
9.759356187193756194e-01,1.797105172004649296e-02,4.038775247102732464e-04,1.132350366577502428e-05,5.678128532201795822e-03
9.823005849701456071e-01,1.389613195743364706e-02,5.781576874142838485e-04,1.307010545698215155e-05,3.212055279549460955e-03
9.436653892090943740e-01,5.137383140325943454e-02,1.271778598384447562e-03,1.772361926002246162e-05,3.671277170001846068e-03
8.881450909734041055e-01,1.021366206864493253e-01,2.038755845056532730e-03,1.930421353621331228e-05,7.660228281553851243e-03
7.789891628733268680e-01,2.055963347582079326e-01,3.806401362291887084e-03,2.558007030088943408e-05,1.158252093587264220e-02
7.547289924624185353e-01,2.298244263447739300e-01,3.973993143173448241e-03,2.473951269599474368e-05,1.144784853693808606e-02
6.714577885886222619e-01,3.163545699355949092e-01,5.427512094654906097e-03,2.534078264262061092e-05,6.734788598485403829e-03
8.282864480335502266e-01,1.632662440806155746e-01,4.085691524497903244e-03,2.807124659033763292e-05,4.333545114745993368e-03
9.839374480769689235e-01,1.447467383578403786e-02,7.435891624730562883e-04,1.190783756741804650e-05,8.323810872065157563e-04
9.791926345586093872e-01,1.897408513950581480e-02,1.175903036736144569e-03,2.352722679884217843e-05,6.338500383498218375e-04
9.815833052512995538e-01,1.662804109091345697e-02,1.240634351559571826e-03,3.460018709205955119e-05,5.134191191353656199e-04
9.771782591169957399e-01,2.063708162364476240e-02,1.228744904440964760e-03,3.821591597313263490e-05,9.176984389453541257e-04
9.591099644422352855e-01,3.717203618674269627e-02,2.455008941958341032e-03,5.229435895445658320e-05,1.210696070109200818e-03
8.579574608087091603e-01,1.254617168875080957e-01,4.073975895331989616e-03,4.125184831825217405e-05,1.246559456013239184e-02
8.886453726101521955e-01,8.254087093762292604e-02,2.326528714936514520e-03,1.837178120586595431e-05,2.646885595608235858e-02
6.017837918891690840e-01,2.615516680379003644e-01,6.594621283161693909e-03,3.281239222881163507e-05,1.300371063975399588e-01
3.178133151727096650e-01,5.862734212763531794e-01,1.635937809657934602e-02,4.524503255570597242e-05,7.950864042180216806e-02
7.175508360979911959e-01,2.425867555162426747e-01,1.233230418938524760e-02,4.455714029833816701e-05,2.748554705608265841e-02
9.603361977307386388e-01,3.501792551739279363e-02,1.414369417975690039e-03,1.152773588295746159e-05,3.219979598010038607e-03
8.166985542946723076e-01,1.654318943793844365e-01,3.364182488132501283e-03,2.102395459801556556e-05,1.448434488321280814e-02
7.226474396643975950e-01,2.463278871695549765e-01,5.115123662815908995e-03,1.811827248837679071e-05,2.589143123074309077e-02
2.110388806225022562e-01,7.429848854027440996e-01,1.938447036600664600e-02,2.688680041898231792e-05,2.656487680832791964e-02
1.091423794919489376e-01,8.292428917238807706e-01,4.205918680236102325e-02,3.826539121317125376e-05,1.951727659059598538e-02
1.034184292447188069e-01,8.216113722376763295e-01,5.224310373365489979e-02,5.356912279398589818e-05,2.267352566115585916e-02
5.938143954421935822e-02,8.455283816936736141e-01,7.488647299791574563e-02,4.289434430970596296e-05,2.016081141988156772e-02
5.520476185404808028e-02,8.002692109967527445e-01,1.246483552862944905e-01,7.951171252875314046e-05,1.979816015037602975e-02
8.003993466510292421e-02,7.719728816534595639e-01,1.254552067919904035e-01,7.858379956312040054e-05,2.245339308988403282e-02
4.238584791474855895e-02,7.647745099507931021e-01,1.573935727856137223e-01,1.071286299843485641e-04,3.533894071886033855e-02
3.174532561249351348e-01,5.358982863009600361e-01,1.278327745863172826e-01,2.202664426002577355e-04,1.859541654518725648e-02
1.050619541289878195e-01,7.326991016060913076e-01,1.556469479007082379e-01,1.334475768554257296e-04,6.458548787357182644e-03
3.875368980186368051e-02,5.247336886076616747e-01,4.335442708365450093e-01,2.478643845931883887e-04,2.720486369336379880e-03
1.246411569765414756e-02,4.195286946830398822e-01,5.641370225434935159e-01,2.354902923285263048e-04,3.634676783483853195e-03
1.148628817749266021e-02,4.322606948991529752e-01,5.486420960298934446e-01,2.626309483873781494e-04,7.348289945073475243e-03
8.251537754679282369e-03,4.519897171345011455e-01,5.204246702492861809e-01,2.518249826594775990e-04,1.908224987887390325e-02
2.309082920515384205e-02,4.210345623593157449e-01,3.493015322534543388e-01,3.248071055828327149e-04,2.062482690764932680e-01
1.840652846622626432e-02,4.306526670525099298e-01,4.249824078391026272e-01,2.757147352397336078e-04,1.256826819069215007e-01
1.014637790739324023e-02,4.160405551841930283e-01,4.199094015543548553e-01,2.519741198019908885e-04,1.536516912342569263e-01
5.253135721455335500e-03,2.729315825182821453e-01,6.564651502839590202e-01,4.061369404944449395e-04,6.494399453580891601e-02
4.827931288263382498e-03,2.676548517277152484e-01,4.262396413513414584e-01,5.117774018604326694e-04,3.007657982308195033e-01
5.509171220224352850e-03,2.470745623823309978e-01,3.391801740486742323e-01,3.844281859559493960e-04,4.078516641628144312e-01
7.672288071031123889e-03,1.961507498686668460e-01,1.596570086011318002e-01,2.243291849896181874e-04,6.362956242741806268e-01
5.331631407676304044e-03,1.820419652883164263e-01,1.195298235835792477e-01,1.595355680990080314e-04,6.929370441523289292e-01
3.103381959994851950e-03,1.333660878572336672e-01,8.966800369772050250e-02,1.754711033595936849e-04,7.736870553816914686e-01
2.843675332378678335e-03,1.129412517468879606e-01,6.891928307283426425e-02,1.312598602328691479e-04,8.151645299876660866e-01
3.792467580102727460e-03,1.459899559210376119e-01,1.383482329775383157e-01,1.686075170032790081e-04,7.117007360043179354e-01
5.252143383764304972e-03,1.483519113114288024e-01,1.832929326483420385e-01,2.114105215550917685e-04,6.628916021349098298e-01
4.295861395680969537e-03,1.341924048857173202e-01,2.719332358487354107e-01,4.353154931238534665e-04,5.891431823767424580e-01
2.880818309428423690e-03,1.554483018767882918e-01,3.499542921193388723e-01,4.100754364046542552e-04,4.913065122580396737e-01
1.951199272001544367e-03,9.208753289843454870e-02,1.632098263841836594e-01,2.832568112698411952e-04,7.424681846341104619e-01
2.334719335762014403e-03,1.098065560131158552e-01,3.067588048848678972e-01,4.534854240191437975e-04,5.806464343422350627e-01
5.497369656551485267e-03,1.203879176717129601e-01,1.966354060850431518e-01,3.207862819224649616e-04,6.771585203047698620e-01
4.016561267776285193e-01,2.802760718643993454e-01,8.690086766411227182e-02,3.243611436353017932e-04,2.308425725502245007e-01
1.031692427746953161e-01,5.991654777903696605e-01,1.164638392342090545e-01,1.834975672252856980e-04,1.810179426335007391e-01
2.603148811133000270e-02,5.507948345295122783e-01,1.078580304183457267e-01,1.119751205496943158e-04,3.152036718202623766e-01
1.877693444813238743e-02,5.879958861434315676e-01,2.417569082582102791e-01,1.449573124302196636e-04,1.513253138377954332e-01
1.554375809762356848e-02,5.347665580540982289e-01,3.013865054478573335e-01,1.858490747061429397e-04,1.481173293257147250e-01
1.231928667835482383e-01,4.613843992936471627e-01,1.516291806796552788e-01,2.438409365373956457e-04,2.635497123066120051e-01
1.250707082143941162e-01,6.444540194966017488e-01,1.402628609299829132e-01,1.324367238460986106e-04,9.007997463517511405e-02
1.136425864643189898e-01,7.059200305839536949e-01,1.251955550309535870e-01,1.343309607536959159e-04,5.510749696002004150e-02
4.418890160522381816e-02,7.405882035518073225e-01,1.861981437983177556e-01,1.016725456733380832e-04,2.892307849897784999e-02
2.133513461741235948e-02,5.927359280410183784e-01,3.587246954571421953e-01,1.728437711618945397e-04,2.703139811326517664e-02
8.954328416437068103e-03,4.049785175557324424e-01,5.681628897017412250e-01,3.024209041505614625e-04,1.760184342193874332e-02
1.051822301624609490e-02,2.299394837351391163e-01,7.495713059623761998e-01,4.422346985312590483e-04,9.528752587707302671e-03
1.242899737701643435e-02,2.066708460038784723e-01,7.685736885351843739e-01,5.138169979235304328e-04,1.181265108599712649e-02
3.251228455920340821e-02,2.993809164331873718e-01,6.178875574956563810e-01,4.552560042603523449e-04,4.976398550769246809e-02
2.557964030158323410e-01,3.132461999803372588e-01,3.842516758945811461e-01,6.441576456390665350e-04,4.606156346361023335e-02
3.135413502054320567e-01,4.077123360574637090e-01,2.588497098443976463e-01,3.988717522546814218e-04,1.949773214045202180e-02
1.547828634311319285e-01,5.856359015331631390e-01,2.389148092216885066e-01,2.371403200204551189e-04,2.042928549399587387e-02
3.957239889727462989e-01,3.788581213471751696e-01,2.111343486066346586e-01,4.217496123598294192e-04,1.386179146108395405e-02
8.052205061049468870e-01,1.247671415167198455e-01,6.520803726799723199e-02,2.510714185254408213e-04,4.553243691810780758e-03
9.203065601799972351e-01,5.767872023133033960e-02,1.916675668076362610e-02,9.352162150742240540e-05,2.754441286401357325e-03
8.537133709131561332e-01,1.069245087809941597e-01,3.437207734052445673e-02,2.409511621207188585e-04,4.749091803204427004e-03
8.613610907983668685e-01,1.164075955287235259e-01,1.792825700677919132e-02,9.594243864714518814e-05,4.207114227483347776e-03
8.515862119576403932e-01,1.278878592080724963e-01,1.186715824877976680e-02,8.305999723659841251e-05,8.575710588270696322e-03
8.489810821281646991e-01,1.344906065858907929e-01,9.194738217288075596e-03,7.114121606325878500e-05,7.262431852593217996e-03
9.330914144228688034e-01,5.994240108091759833e-02,4.008982962428402075e-03,4.342530957157743002e-05,2.913776224213649683e-03
8.540830861743076152e-01,1.139635884522375575e-01,2.818006966253928589e-02,2.854129162867453419e-04,3.487842794628884940e-03
9.035509217613083566e-01,7.385755563742461838e-02,1.657386701633764906e-02,2.653999302437756573e-04,5.752255654685639423e-03
9.876347552779952688e-01,8.578706365893700933e-03,2.100250876231860627e-03,9.357046870129558948e-05,1.592717011177750136e-03
9.902106980014484527e-01,6.693413138840142995e-03,1.367111948927688878e-03,7.945688562459077265e-05,1.649320025159049883e-03
9.673095671601610324e-01,2.481003421911726764e-02,5.791765255384986530e-03,1.619052291728393452e-04,1.926728136163831677e-03
9.793655316518419252e-01,1.619411723904042727e-02,3.376425445790134580e-03,8.633147109839500537e-05,9.775941922292902438e-04
9.831134784184895059e-01,1.075132416588660961e-02,4.172473952372039198e-03,1.746846920514131206e-04,1.788038771200591492e-03
9.843168686860446215e-01,7.739396886328540025e-03,3.944616351886074714e-03,2.361901564253430835e-04,3.762927919315305850e-03
9.476029302065938076e-01,3.262504945278579122e-02,8.696098296601950661e-03,3.027109546724549472e-04,1.077321108934609084e-02
9.847257583058763863e-01,8.174070904802065163e-03,2.379085721503309322e-03,1.492338040863821667e-04,4.571851263731727469e-03
9.894475004421625641e-01,5.941476107598477226e-03,1.725615709502604459e-03,1.672713027124654508e-04,2.718136438023993715e-03
9.909289369728588870e-01,5.919184847246495261e-03,1.717417272426483227e-03,1.920467505121471372e-04,1.242414156956094017e-03
9.828503806885334759e-01,7.597659015601860612e-03,7.885853179085090467e-03,1.060173828852744877e-03,6.059332879269227696e-04
9.542979517407453871e-01,1.579081324202201084e-02,7.787656471618074026e-03,9.552483607664220659e-04,2.116833018484812895e-02
9.791662502095949128e-01,7.703177029855542805e-03,2.997713692637861502e-03,2.511220116852145895e-04,9.881737056226372329e-03
9.531334083137918967e-01,2.249489195467229211e-02,1.114259487594325242e-02,7.797334266244821711e-04,1.244937142896826270e-02
9.292937388902091644e-01,3.968188276454052976e-02,1.469414667019976542e-02,5.062936991390169696e-04,1.582393797591156656e-02
8.370576996343843668e-01,1.246150156731461733e-01,2.289949169658216793e-02,3.911941510791064553e-04,1.503659884480816437e-02
8.798208708447532445e-01,9.065413159728794024e-02,1.870674421805921389e-02,3.399451719097951272e-04,1.047830816798995569e-02
7.702408035761503236e-01,1.583663229872500355e-01,5.444237314797124860e-02,1.125046675410599183e-03,1.582545361321802818e-02
7.269864378002229843e-01,1.793026373048940691e-01,4.276450196995568165e-02,7.868917921358837544e-04,5.015953113279143782e-02
5.257997646481298304e-01,2.912931482197306798e-01,6.538528315663029444e-02,6.795186818171381708e-04,1.168422852936920608e-01
5.835142640387579460e-01,2.217068751534418958e-01,7.310356287333009961e-02,1.032801041481340573e-03,1.206424968929886987e-01
3.937849455044831748e-01,2.181791582006605834e-01,2.837319005726089971e-01,6.237756328581157625e-03,9.806623939366593268e-02
3.226226740603013177e-01,1.856519238407047245e-01,3.996336423258444737e-01,6.711006242700441604e-03,8.538075353044910498e-02
5.419115847705093802e-01,5.992882198543991040e-02,1.399277753942127500e-01,4.463811707000987089e-03,2.537680061428370104e-01
7.138133191992659388e-01,2.848849703026489627e-02,3.309372688434685655e-02,2.056025406287798930e-03,2.225484314798344132e-01
6.398065042101830358e-01,5.701676274174274223e-02,9.184787324728520275e-02,1.009289349063431478e-02,2.012359663101545848e-01
6.913695301251285841e-01,3.957573941719175203e-02,4.665054855247141585e-02,4.752977080554514691e-03,2.176512048246537212e-01
6.002840847956735226e-01,1.063948191045816782e-01,9.824203493979723201e-02,4.137812144329651790e-03,1.909412490156179587e-01
3.549197958032823119e-01,1.569352260956380640e-01,1.898662315338826012e-01,4.509066524442338457e-03,2.937696800427546662e-01
2.269745530675035261e-01,2.232481569401821297e-01,3.623985711069974136e-01,4.711963567934321535e-03,1.826667553173826064e-01
1.220960819905260314e-01,6.897572465226629868e-02,5.002969803212735656e-01,1.934807691717550793e-02,2.892831361187587214e-01
1.819225025025322795e-01,6.749972558988595606e-02,3.936343276480608333e-01,1.686731492663228610e-02,3.400761293328886103e-01
3.182236671794418381e-01,6.305586858502382208e-02,1.884537781462680139e-01,8.926341999190744864e-03,4.213403440900757024e-01
1.840226416297434109e-01,5.305457681904285350e-02,2.232220754834509657e-01,1.224917949862599706e-02,5.274515265691367416e-01
2.441314053047497767e-01,1.588804359048626505e-02,4.689311995872236238e-02,3.100869935059585338e-03,6.899865612109820079e-01
1.320511889691074192e-01,1.216756323671243020e-02,4.648151416153190052e-02,2.695753378552203424e-03,8.066039802540960757e-01
6.614282214131630977e-02,7.828247664822518201e-03,1.755939053933399871e-02,7.011682205165436707e-04,9.077683714340106791e-01
1.513316947964812309e-01,6.107786678328580403e-03,1.129384944653596089e-02,8.480889214426546967e-04,8.304185801572115944e-01
1.250782271948325253e-01,6.498721880192656446e-03,9.301507355895103843e-03,6.379859855909209270e-04,8.584835575834887100e-01
5.609843642939279368e-02,1.665241544643934800e-03,2.006065951330662702e-03,1.714482651144048377e-04,9.400588078095183375e-01
4.199066731050440926e-02,7.769121998752126718e-04,7.613933459471709407e-04,8.119208269413734965e-05,9.563898350609790766e-01
1.004696145900393911e-01,3.229939508215227528e-03,2.857207171393687066e-03,2.064035353064415574e-04,8.932368351950452645e-01
5.021933185305960112e-02,3.086012426054788194e-03,1.730132748048491967e-03,1.356038001106750707e-04,9.448289191727263781e-01
2.913894329137701675e-02,1.162573301241759914e-03,7.698018199509776369e-04,6.485306168000691085e-05,9.688638285257502591e-01
2.705799916967727842e-02,1.666468704842481198e-03,7.219989324788350952e-04,4.199836376170478587e-05,9.705115348292397970e-01
1.420222734670712611e-02,1.154219447622959480e-03,4.941678239483329564e-04,2.261619752470354504e-05,9.841267691841969478e-01
1.513265945074125304e-02,1.248494823213380008e-03,4.938160235311693123e-04,2.406385305850069630e-05,9.831009658494556103e-01
2.856667731285547629e-02,3.810206600077488143e-03,1.169902223912496842e-03,3.845787191509654793e-05,9.664147559912394936e-01
4.820066693745340969e-02,7.240688313072057326e-03,4.677360404110419805e-03,1.235755857819135985e-04,9.397577087595821999e-01
4.297011089685970342e-02,1.753753684968262488e-03,1.856684352155585447e-03,1.017660829723805000e-04,9.533176849830439226e-01
7.020825971561753254e-02,1.549737329971830708e-03,9.029514085709598693e-04,8.366468308801900072e-05,9.272553868627515516e-01
8.328709474814892377e-02,5.859388160038177251e-03,2.288842784929588040e-03,9.757698938502790055e-05,9.084670973174984177e-01
3.657775855350590966e-02,4.433614683638055672e-03,2.278782608583869527e-03,7.093330073916072711e-05,9.566389108535330310e-01
2.074570839902542888e-02,2.066249749144472188e-03,9.385738698116496276e-04,3.408681878028478883e-05,9.762153811632381384e-01
3.634502515532172379e-02,1.532088177863454460e-03,1.117132824587082273e-03,6.452785948279122650e-05,9.609412259827450065e-01
3.423618789464676765e-02,8.754171101607655710e-04,6.413819419901446370e-04,5.332128003275211372e-05,9.641936917731694923e-01
1.024249003993714519e-01,1.605088751055861991e-03,7.085853179756807993e-04,6.473287019208153554e-05,8.951966926614047804e-01
9.121038905395156826e-02,1.616429002917915431e-03,7.637582164636596204e-04,7.193541664533079354e-05,9.063374883100214774e-01
9.224649954485181214e-02,2.438613798942271347e-03,1.169640260137060116e-03,7.616378793616333277e-05,9.040690826081326792e-01
1.168667494097793969e-01,2.701115411664967332e-03,1.398128027966565913e-03,6.567496644249011756e-05,8.789683321841464947e-01
1.476953092075325158e-01,5.044264875475929291e-03,1.580141210723502417e-03,5.846675004526330336e-05,8.456218179562228210e-01
4.659821525139790088e-01,1.118219788117359031e-02,1.962796224231411809e-03,6.868419374741831815e-05,5.208041691868684486e-01
3.981840608964720696e-01,6.235283314819235062e-02,1.056794766849315434e-02,2.332064964702914623e-04,5.286619517903721199e-01
2.388461147338384327e-01,3.703806508340645731e-02,2.819889147385106279e-02,9.470778404701799425e-04,6.949698508684337694e-01
3.043812886484733582e-01,3.891905883923241910e-02,1.988303506759609915e-02,5.670605422852998713e-04,6.362495569024128050e-01
1.401462267493501224e-01,1.574687235156941797e-02,9.496179785784547231e-03,1.964433144396791583e-04,8.344142777988563520e-01
3.630119842139639674e-02,4.459881761897639338e-03,3.078699532266037948e-03,1.192434177269330916e-04,9.560409768667130770e-01
8.362903806306781762e-02,1.033565802089242078e-02,5.717094867579968626e-03,1.541842916597300855e-04,9.001640247568000186e-01
1.094733686333908690e-01,3.228935254558105983e-02,2.098954411647323964e-02,5.660996370126650853e-04,8.366816350675422287e-01
5.950540752409586021e-02,9.430511623061289123e-03,5.569698778758725571e-03,2.882739623752967185e-04,9.252061081117087804e-01
6.042388928742047777e-02,9.342516509336143068e-03,4.182425820717489660e-03,1.603937267088374145e-04,9.258907746558168173e-01
9.328818478526373914e-02,7.891127183889139543e-03,5.263902372117900720e-03,4.168620967219638742e-04,8.931399235620071098e-01
3.648252728735913025e-02,4.994910972529024301e-03,2.940882149491588944e-03,1.663392286816231926e-04,9.554153403619386475e-01
2.441665522821243606e-01,8.538399507405008970e-03,4.032220536344809265e-03,2.855164969135846431e-04,7.429773111772122185e-01
1.601744695463304113e-01,1.458159024816836624e-02,7.644058320330755427e-03,4.396701143673592484e-04,8.171602117708033353e-01
1.091447385211868348e-01,7.794926647480047641e-03,4.975844122784829279e-03,2.875961349420367002e-04,8.777968945736062123e-01
1.128606946167783898e-01,6.049884063220007518e-03,9.377839592978297334e-03,7.563196097697611397e-04,8.709552621172536035e-01
9.437365195722677291e-02,5.770048414361206648e-03,8.701400789843006731e-03,8.052728195500888147e-04,8.903496260190189027e-01
2.254166191793268437e-01,7.207183097766983564e-03,7.478536731714864952e-03,8.955815363646340253e-04,7.590020794548266725e-01
2.155662773841541813e-01,2.197908099826371281e-02,3.812064958760860711e-02,3.341207082477600822e-03,7.209927849474959682e-01
1.642019217332889025e-01,3.516906100594313633e-02,8.937922959492991537e-02,7.453310439633956293e-03,7.037964772262039759e-01
4.310438956204912936e-02,1.024501421901810420e-02,2.494085924400411478e-02,2.588055139857973422e-03,9.191216818350705919e-01
3.163885060844127267e-02,4.206918729700182685e-03,4.958344792875494372e-03,3.564243235898469629e-04,9.588394615453931236e-01
2.234809062428166904e-02,1.625430356701651913e-03,1.653267789053413034e-03,1.407970776354253921e-04,9.742324141523278636e-01
6.460485168952942447e-02,1.487468122632420531e-03,3.215502635799784206e-03,3.891801370040526178e-04,9.303029974150343051e-01
5.649704344928197647e-02,5.824540373085298345e-03,3.826852051263537197e-02,3.258497470874276592e-03,8.961513981941229279e-01
1.862894993590644144e-01,6.567923736009955056e-03,2.004128076073640602e-02,2.135384002090178444e-03,7.849659121420990981e-01
2.278678991583717450e-01,4.501947621866316321e-03,9.179568036240468021e-03,1.054736970141791465e-03,7.573958482133796855e-01
4.504138546265600701e-02,3.516581482382183203e-03,3.203196473299230271e-03,2.168723221689615997e-04,9.480219642594936991e-01
1.186318252926741278e-02,1.715863524280534982e-03,2.882720045102781393e-03,1.683158528142106249e-04,9.833699180485350189e-01
1.116925898200459878e-02,1.001707909862367425e-03,1.812008752382928030e-03,1.392649611179076459e-04,9.858777593946322915e-01
