7.231954770360793372e-01,4.130143049688739243e-02,1.587749081366521542e-01,6.782136411134155607e-02,8.906820219039541034e-03
9.525373436805720795e-01,2.480598453928759342e-02,9.306456312464874564e-03,7.246995175199482091e-04,1.262551595015570273e-02
9.886512925443629030e-01,8.911330998487010380e-03,9.599833416967656907e-04,4.076324006735406678e-05,1.436629875386042764e-03
9.873726031040642726e-01,1.093891176195931937e-02,1.184574555499818323e-03,2.274943003193002992e-05,4.811611484445467175e-04
9.851417707392247092e-01,1.087305804608558989e-02,3.552923520216688669e-03,1.369256535217558976e-04,2.953220409511464343e-04
9.703776643707299199e-01,2.287281922343763901e-02,6.092489977587262420e-03,1.483393130599403476e-04,5.086871151853572005e-04
8.992641496795062972e-01,8.874980798468923293e-02,1.086425372785473215e-02,1.590300777088274374e-04,9.627585302409324064e-04
6.759754792229889508e-01,2.680988980101715047e-01,5.344103140242104089e-02,3.207178859468007162e-04,2.163873478471817907e-03
6.300092407119818327e-01,3.049918999483532400e-01,6.250771219447776028e-02,2.388153478110561297e-04,2.252331797376042142e-03
7.258711770549490794e-01,2.172977564082209101e-01,5.514962959700623474e-02,2.028099822311753308e-04,1.478626957592567770e-03
7.565310751823789426e-01,1.978426118063388306e-01,4.350177902839592187e-02,1.560072225198088660e-04,1.968526760366645905e-03
9.586952466156331010e-01,2.964512098520775962e-02,1.100198803490299963e-02,1.248712534103129474e-04,5.327731108457682769e-04
8.444928956142023768e-01,1.242483050797904554e-01,2.992011427394781001e-02,2.226087750667582856e-04,1.116076256992574491e-03
8.608786122916183281e-01,1.117414409640067885e-01,2.583883904888185229e-02,1.973430116592083728e-04,1.343764683833818894e-03
8.495921507687229646e-01,1.117716063742179300e-01,3.676416724242676654e-02,3.376244408679738738e-04,1.534451173764514757e-03
9.207474041484404736e-01,5.994165591898210910e-02,1.695003102573879733e-02,1.852906991644687348e-04,2.175618207674121646e-03
8.920007153136350064e-01,8.277709493727827827e-02,2.316558810334580498e-02,2.451641267177926439e-04,1.811437519022894484e-03
9.525780528021390303e-01,3.565345696997516273e-02,1.104831733244781775e-02,1.528425248293100954e-04,5.673303706086265828e-04
7.580692336144938537e-01,1.713899958517152156e-01,6.865779388191806110e-02,8.512839114462182914e-04,1.031692740426725643e-03
4.245750711927461230e-01,3.095592156579958232e-01,2.615800649818535439e-01,2.374745033671835873e-03,1.910903133732683602e-03
7.495673781426566151e-01,9.394374610614664167e-02,1.508726772005181682e-01,4.496052576647282389e-03,1.120145974031293030e-03
6.749679251280218395e-01,1.413600643609647933e-01,1.733493433131624850e-01,3.838019494144387540e-03,6.484647703706490282e-03
6.612492364272654077e-01,2.024224552091184737e-01,1.207867313091103290e-01,1.952282071752994017e-03,1.358929498275280451e-02
5.310408583806348615e-01,2.918994975885534360e-01,1.112088575102228721e-01,1.338760494468429346e-03,6.451202602612032821e-02
5.575733149083833551e-01,2.542354029441200036e-01,9.003322928824245008e-02,8.483542815417082980e-04,9.730969857771243348e-02
7.136786937808020648e-01,1.685874503159477955e-01,4.198147441094209065e-02,5.018595464916204103e-04,7.525052194581635656e-02
9.216824259568859867e-01,5.343741888282992764e-02,6.083353466953507656e-03,9.172896230060794570e-05,1.870507273102994111e-02
8.556144561211082022e-01,1.023264693472685088e-01,1.057883070256300517e-02,1.226295354925929163e-04,3.135761429356766911e-02
8.957717895586696510e-01,8.093209931658811029e-02,1.056070328215092530e-02,1.128517191748113586e-04,1.262255612341644725e-02
9.509852345846538935e-01,3.890277081207984405e-02,3.203308669534224700e-03,4.845579571227944210e-05,6.860230138019801464e-03
8.913565901103169820e-01,6.878529131578529909e-02,1.114620612314097536e-02,1.488007211369325971e-04,2.856311172961968278e-02
9.837607755611517124e-01,1.054051333843010127e-02,1.047657404006068415e-03,2.720953202895406132e-05,4.623844164383134059e-03
9.927208550850973312e-01,5.376297570884944720e-03,3.829325761001948917e-04,1.334018758082871081e-05,1.506574580336817338e-03
9.728973596332127771e-01,1.720964657975043721e-02,1.221511494197506697e-03,3.828386669205035463e-05,8.633198426147353430e-03
9.673275339764842995e-01,1.381064000680945827e-02,1.276182654180407598e-03,5.680737646362328237e-05,1.752883598606227999e-02
9.036854636404763053e-01,3.079151378188404314e-02,4.460549173868932557e-03,2.146825376574691127e-04,6.084779086611329796e-02
8.816791629309881362e-01,1.275792067535132766e-02,4.342443242035309847e-03,3.603611004045581090e-04,1.008601120512207933e-01
9.184343674580556227e-01,6.748889317636269820e-03,5.777472039420273112e-03,6.914059235443851441e-04,6.834786526134323248e-02
9.143091621173445871e-01,3.835289330342953485e-03,3.281008162686548449e-03,6.116311001725454558e-04,7.796290928945343035e-02
9.026127088614646077e-01,3.241678945456471367e-03,3.948059004766345595e-03,8.806711340318724860e-04,8.931688205428066352e-02
9.111662618591498397e-01,2.362244813327292123e-03,3.529884093439976302e-03,9.923636771714463168e-04,8.194924555691146528e-02
8.361285704103669225e-01,3.930096684703310653e-03,6.323470120989481760e-03,1.218495540843019670e-03,1.523993672430974389e-01
7.966035427929527568e-01,3.448519126967155256e-03,3.565918866164957419e-03,7.575930315493049254e-04,1.956244261823656405e-01
8.591020445440765707e-01,2.944395853195853202e-03,3.871323858064447052e-03,6.228608566189696967e-04,1.334593748880440189e-01
7.425343629263966294e-01,5.413653888625835284e-03,8.487366407667711748e-03,1.191813874692832821e-03,2.423728029026170905e-01
8.390111211723554341e-01,3.386778190195888997e-03,3.358348831412328456e-03,5.668767860123227319e-04,1.536768750200239730e-01
8.253547821272065876e-01,1.988276642060295314e-03,2.957318461826055275e-03,7.281630297157541502e-04,1.689714597391913098e-01
8.782921521437383472e-01,3.160254245713983810e-03,3.397837942632860563e-03,9.174736887793946607e-04,1.142322819791353333e-01
8.660769491554064503e-01,6.047169534428640039e-03,1.367408517475225335e-02,4.054524477634361204e-03,1.101472716577783784e-01
8.043936523727723831e-01,4.103739094121997000e-03,8.103720611542044455e-03,2.307209048163851983e-03,1.810916788733997196e-01
6.568342264100596184e-01,3.377331477119628438e-03,8.579278378787712211e-03,3.350675233179712959e-03,3.278584885008532512e-01
7.471507326180552022e-01,4.531124017602412672e-03,8.321532129436839259e-03,2.596253198932872101e-03,2.374003580359727028e-01
7.046952244805413379e-01,4.737240699554693887e-03,1.126740680876339024e-02,3.865000235160339932e-03,2.754351277759801708e-01
7.396360993099769798e-01,3.530829918623192790e-03,1.093565107424253856e-02,2.577765857409551869e-03,2.433196538397476294e-01
5.640947977576382666e-01,9.627632734261875810e-03,1.857221705071560036e-02,2.375316454312012202e-03,4.053300360030722693e-01
4.898512118458722142e-01,3.213603283513762066e-02,2.400227422783342973e-02,1.352174091125786211e-03,4.526583070000309017e-01
4.370863899402528396e-01,7.093308391781623368e-02,5.356966520717126173e-02,1.013999848954118179e-03,4.373968610858054995e-01
5.017707424034336672e-01,8.388559972858455893e-02,9.511566713092362013e-02,1.401659223323817966e-03,3.178263315137342393e-01
4.917626986343043294e-01,6.183683925148997229e-02,4.105937626732400481e-02,8.511810944915993403e-04,4.044899047523901059e-01
4.322222941880750069e-01,4.371885710461912572e-02,2.926609263310134268e-02,6.007657064058879526e-04,4.941919903677985948e-01
5.662616241378611859e-01,3.042360613870086911e-02,4.864432907666536160e-02,1.848191881246265961e-03,3.528222487655262030e-01
8.143295265332854971e-01,2.124092855040338873e-02,2.160549270452038345e-02,6.567878899985563372e-04,1.421672643217920251e-01
7.610841899003152333e-01,3.088611795483368547e-02,2.290224468718560918e-02,4.302037931189630704e-04,1.846972436645465121e-01
5.406975539245134632e-01,6.834103603234947810e-02,6.467034146627689828e-02,8.724935566874201295e-04,3.254185750201726846e-01
5.748196861310611583e-01,4.700409452904431851e-02,3.722534913430947806e-02,4.730468223516112562e-04,3.404778233832332357e-01
5.802833533357116824e-01,7.419499954566341482e-02,5.057580551222821269e-02,4.807864047511033754e-04,2.944650552016457312e-01
4.412944089182671004e-01,1.021327957351690213e-01,7.730052316716623517e-02,7.245874368770664851e-04,3.785476847425205960e-01
4.121016393011832091e-01,1.229347928146461849e-01,7.291258408907176636e-02,5.947423181428095063e-04,3.914562414769560128e-01
4.021397230556881253e-01,1.262815329885425553e-01,7.757434512235163171e-02,6.430804523268942316e-04,3.933613183810907854e-01
5.559038540999632350e-01,5.190703918601642652e-02,3.341806233935048359e-02,3.779348026223700594e-04,3.583931095720473969e-01
5.340311153052899051e-01,3.999330077681875761e-02,1.782357199586839802e-02,3.162284742697304713e-04,4.078357834477532862e-01
5.440821866034332155e-01,3.823247545907320494e-02,1.578748573777316241e-02,2.494404609414647631e-04,4.016484117387791319e-01
5.765502481333707463e-01,6.535609646251562543e-02,2.211842467012311089e-02,2.095298596085890821e-04,3.357657008743820115e-01
4.371576155585188417e-01,7.856515973447757151e-02,3.582814812767014245e-02,2.989858002762940019e-04,4.481500907790571531e-01
4.757686571439175838e-01,8.940192439388236489e-02,5.120601632728841168e-02,3.425091702881247029e-04,3.832808929646234208e-01
4.488714204423390752e-01,1.151826458213769111e-01,1.140135243211064797e-01,6.893969172248463114e-04,3.212430124979526735e-01
4.816417975469238222e-01,6.675819706737319559e-02,6.873192933514961356e-02,7.453054214047944489e-04,3.821227706291486226e-01
3.935508602594665617e-01,9.867546696539687689e-02,1.878907715922355781e-01,1.075485179567839487e-03,3.188074160033330107e-01
5.033154219851050382e-01,6.412365940210630610e-02,8.700314405833299569e-02,7.251387681795580043e-04,3.448326357862760982e-01
3.599142426779873283e-01,6.290768136824802237e-02,1.458769049931077921e-01,1.484250683486654319e-03,4.298169202771703334e-01
4.577311817822420914e-01,5.058928027437759739e-02,6.988935396536428979e-02,8.485579752333184721e-04,4.209416260027827317e-01
3.821444415098471103e-01,1.102009630737185997e-01,8.039990845589492507e-02,5.720138481293466064e-04,4.266826731124100935e-01
3.439583560260990880e-01,3.847718504544259122e-02,3.980163109579887976e-02,6.286379303028900942e-04,5.771341899023563204e-01
3.870034441149225457e-01,5.240032177386593631e-02,5.335908500893755263e-02,6.181228987261457248e-04,5.066190262035478176e-01
3.760605829968666769e-01,6.684799418639802981e-02,7.221123001232421235e-02,7.438458454369035674e-04,4.841363469589741175e-01
2.856117835480556089e-01,8.673476106911395811e-02,1.294978803146360768e-01,9.894729158222695040e-04,4.971661021523720581e-01
5.378014895076572710e-01,6.423683413934219710e-02,5.220299932989234948e-02,5.110524746470982219e-04,3.452476245484611406e-01
3.845194983245393550e-01,1.004240291759621179e-01,1.374741234547063595e-01,1.105408687704158375e-03,3.764769403570880080e-01
2.330908775569542346e-01,8.592359481161128409e-02,3.767696357089747039e-01,4.202448033344847837e-03,3.000134438891149391e-01
2.574562146788032524e-01,8.921089723150396611e-02,3.431226197003317546e-01,2.636705910523689470e-03,3.075735624788373812e-01
3.399441712373578173e-01,9.066932318704165605e-02,2.045262761185546452e-01,2.332386338586887355e-03,3.625278431184590922e-01
4.389360021572120685e-01,8.196375350044456110e-02,1.624775484886163968e-01,1.625787487045523335e-03,3.149969083666814273e-01
4.473124490728478952e-01,8.548813452524653411e-02,8.600241823146731468e-02,8.412725523226944214e-04,3.803557256181155921e-01
6.428747847831181028e-01,5.914838033730319272e-02,7.777749251098353689e-02,1.471998386191729390e-03,2.187273439824034826e-01
9.583376544065089764e-01,1.089016761290690846e-02,4.996890991552003190e-03,1.473013905500891404e-04,2.562798559848211352e-02
8.968369977141095184e-01,3.610083132587409149e-02,6.631922190240798973e-03,1.300558826814237625e-04,6.030019288709430325e-02
8.980744524676422813e-01,5.702456615702937437e-02,8.942861047032119384e-03,1.501335254958659454e-04,3.580798680280059682e-02
9.792845810631566339e-01,1.322668415019838395e-02,2.566258114894906170e-03,6.001023480172469734e-05,4.862466436948247733e-03
9.586145262379331955e-01,3.200588480728960156e-02,5.084559736137506634e-03,9.424320232823455530e-05,4.200786016311415516e-03
9.446931095120398858e-01,4.193895725230296218e-02,1.038983294287219167e-02,1.781336765028427281e-04,2.799966616282037208e-03
9.163416985913529489e-01,6.519861151557639067e-02,1.588303383310001732e-02,2.199358648691230017e-04,2.356720195101663206e-03
9.873199849395621897e-01,8.701422672463963309e-03,3.012920983953281361e-03,3.678120006753024328e-05,9.288902039529518904e-04
9.748397931239255465e-01,1.567676592701761074e-02,6.331419893584495050e-03,1.352659561904883062e-04,3.016755099281644408e-03
9.780843007392885369e-01,1.106209483420195899e-02,5.270985405860333789e-03,1.268692572097037524e-04,5.455749763439437724e-03
9.002405952341605566e-01,3.842534091592397089e-02,8.559716435554169320e-03,1.739239932936578097e-04,5.260042342106759777e-02
8.497045459777413656e-01,9.370510624842558201e-02,1.654440932436399697e-02,2.353551471399746825e-04,3.981058330232890158e-02
9.252174313395939986e-01,4.836538214083885984e-02,1.789192875234948271e-02,2.644035395223359557e-04,8.260854227695535804e-03
9.860866972696540333e-01,8.912754069508189297e-03,4.057598543706235350e-03,7.834205155873144913e-05,8.646080655727368018e-04
9.309987050469492598e-01,5.515745073267021986e-02,1.204281127810837362e-02,1.077231022572899550e-04,1.693309840014930274e-03
9.334180084608593164e-01,4.560467860431737658e-02,1.596816807076539835e-02,2.156876595151406572e-04,4.793457204542623390e-03
9.848705968195310412e-01,1.039465060592560317e-02,3.693650871128602124e-03,6.253589955284464478e-05,9.785658038618130859e-04
9.943874792500220217e-01,4.475178361150761869e-03,6.834835575892505167e-04,1.416495161513430156e-05,4.396938796229268582e-04
9.956054411848266339e-01,3.520094773971730109e-03,5.212867838546193788e-04,8.403590043404090496e-06,3.447736673035156000e-04
9.961030089709880242e-01,3.221950519557111644e-03,3.223660517657499810e-04,6.010036838475999548e-06,3.466644208506781998e-04
9.943974699916993121e-01,4.751398612392345594e-03,2.322147931594483405e-04,4.601389738990695182e-06,6.143152130100544084e-04
9.849941300637773400e-01,1.330218854366894098e-02,4.114656449956258298e-04,4.543535775838825687e-06,1.287672211782229896e-03
9.912286307252059503e-01,7.547932737024315095e-03,2.710664449343123581e-04,3.878004892330688791e-06,9.484920879430911757e-04
9.937136044093770604e-01,5.318172036357256098e-03,1.812842793784236693e-04,3.059560969017697142e-06,7.838797139181933552e-04
9.873713628086253635e-01,1.065279749997551269e-02,3.064135565485966053e-04,3.331756495994375455e-06,1.666094378354570672e-03
9.888297053428838357e-01,8.972610602427908560e-03,2.609935716143776301e-04,3.708380602369317884e-06,1.932982102471629896e-03
9.841397132978019213e-01,1.257013747240027374e-02,3.823866861590711520e-04,3.593169051981693642e-06,2.904169374586670557e-03
9.870960570890237040e-01,1.087457532797918465e-02,4.422412745215633149e-04,4.539853400434656528e-06,1.582586455075180422e-03
9.711065433088622578e-01,2.445256632255351364e-02,7.631603218240926891e-04,6.263380501167572264e-06,3.671466666258868788e-03
9.863133799559227199e-01,8.812389098552810343e-03,3.321204715290895218e-04,3.901427317201270616e-06,4.538209046678206085e-03
9.868627169501797969e-01,1.023455066065979795e-02,8.206154606704799690e-04,9.507843283274551582e-06,2.072609085206620402e-03
9.753380998577777516e-01,2.064328878771060430e-02,9.150378459034085726e-04,8.823737480860813659e-06,3.094749771127367193e-03
9.764608274822927925e-01,2.082609596985774206e-02,1.594575143332177926e-03,1.115678861842072175e-05,1.107344615898923999e-03
9.769152656505263321e-01,2.041413795813434157e-02,1.288130224094572503e-03,9.314778378678163667e-06,1.373151388866063454e-03
9.878573875860600095e-01,1.022042589330569330e-02,1.365348994229076407e-03,8.006624794660223719e-06,5.488309016106127092e-04
9.704884053544252653e-01,2.598751261119005077e-02,2.375119169144530168e-03,1.521793652287831784e-05,1.133744928717118298e-03
9.825906340503836045e-01,1.552218537668187751e-02,1.051057929905786911e-03,9.126360603872524306e-06,8.269962824249020225e-04
9.883557769577949736e-01,1.006832634792787819e-02,8.237378959242416462e-04,6.833057827029361836e-06,7.453257405259092801e-04
9.808761746658596348e-01,1.668978606442732618e-02,1.214997278142903453e-03,1.006231010617690899e-05,1.208979681464024533e-03
9.966254720951730484e-01,2.763879110336831153e-03,1.555250371413095583e-04,2.658109145173002290e-06,4.524656482035679006e-04
9.927843483463827390e-01,6.197541947779052277e-03,3.630457318645194994e-04,6.138295612174260007e-06,6.489256783614725296e-04
9.897072540669731300e-01,8.984907617044412403e-03,4.883591564228775307e-04,5.796530154140210437e-06,8.136826294054657141e-04
9.873288384824928654e-01,1.140523708008646039e-02,5.054183415112843041e-04,5.260369777926796788e-06,7.552457261315593780e-04
9.851870989453517247e-01,1.319978555477795135e-02,5.811182194484044777e-04,6.622065950116949022e-06,1.025375214471785411e-03
9.944788298521315406e-01,4.851018776040900288e-03,2.128189383116281378e-04,3.627416865732987871e-06,4.537050166501836669e-04
9.931135823572048160e-01,5.994490063889310397e-03,3.063595861403355667e-04,5.719172801100278677e-06,5.798488199645726896e-04
9.813318238105503966e-01,1.686939254560090168e-02,7.531107133981452227e-04,9.411370443533819479e-06,1.036261560007008557e-03
9.852426033618680856e-01,1.315619784208932504e-02,7.181745357159292171e-04,9.763659207030158762e-06,8.732606011195456850e-04
9.958943279112987268e-01,3.605641336764813659e-03,2.420036150008105251e-04,4.945584484175567661e-06,2.530815524514694434e-04
9.975757152220896540e-01,2.106671734903058178e-03,1.325553113001196547e-04,3.157947516933508096e-06,1.818997841902834976e-04
9.976172717168039217e-01,2.094491195870941836e-03,1.142150098394997560e-04,3.220482860893319904e-06,1.708015946246195017e-04
9.978678403081108206e-01,1.882451115678066998e-03,1.146393883556947143e-04,3.401494078351584606e-06,1.316676937770675860e-04
9.977987432360181375e-01,1.941701474519518618e-03,1.146159837066353408e-04,3.796913922794822594e-06,1.411423918330098571e-04
9.991696992485225026e-01,7.183037848596538280e-04,4.057381823885723005e-05,1.627229065032843639e-06,6.979591931398851921e-05
9.977980961776228286e-01,1.928890175181300183e-03,8.444087518792637345e-05,2.936708785638390286e-06,1.856360632220257958e-04
9.955768306539343193e-01,3.939596959135574852e-03,2.151817798413759898e-04,4.965243095062018549e-06,2.634253639936875329e-04
9.954608535390446766e-01,4.042772857575847173e-03,2.026460091387207699e-04,4.588726465540013544e-06,2.891388677751346092e-04
9.976934552050181759e-01,2.052785761222705643e-03,1.217278085736013798e-04,3.862767014506576187e-06,1.281684581710391502e-04
9.972012982653813973e-01,2.531671712325715001e-03,1.550603846639874535e-04,4.950377220567040299e-06,1.070192604084314175e-04
9.952892470000606062e-01,4.316110885084588691e-03,2.357573461776770591e-04,7.899261399722100842e-06,1.509855072773649896e-04
9.986285628807450854e-01,1.229511414889469540e-03,7.728888787369841420e-05,3.454798494771241480e-06,6.118201799683218548e-05
9.965936526022545205e-01,3.061214378295143076e-03,1.821064411674353412e-04,7.095931361122700188e-06,1.559306469218508389e-04
9.959271159897070680e-01,3.657865322526475307e-03,2.551125328713342902e-04,7.763592206855907715e-06,1.521425626881640425e-04
9.971208352136891051e-01,2.578015481908207257e-03,1.722162578423784627e-04,5.776270196602187020e-06,1.231567763634604153e-04
9.987095428597454472e-01,1.117898230810564436e-03,9.337440604531042974e-05,4.227945580080874240e-06,7.495655781864494528e-05
9.959578211501062261e-01,3.544032834246897603e-03,2.361515784155633396e-04,8.197261868200151784e-06,2.537971753630861361e-04
9.961194890675620917e-01,3.462049617779952657e-03,2.152068310797454541e-04,6.671019415609060706e-06,1.965834641627627619e-04
9.973712615882840415e-01,2.344075764410766607e-03,1.339576847933637838e-04,4.980680035043150522e-06,1.457242824766823879e-04
9.965304987524562508e-01,3.112926393429205248e-03,1.539057926708838173e-04,5.030670484849414000e-06,1.976383909587394567e-04
9.947273812088385236e-01,4.669455013328787166e-03,2.012855951860138587e-04,4.821528741886233091e-06,3.970566539046690340e-04
9.910872131883697866e-01,8.016360228542886157e-03,4.485767186273646560e-04,9.287980541957307619e-06,4.385618839179699778e-04
9.936630709679159512e-01,5.681441950489760431e-03,3.851661173825160251e-04,8.681835621115232879e-06,2.616391285906019592e-04
9.917985661254914431e-01,7.479656658006744903e-03,4.073507785811980022e-04,9.462228378796986892e-06,3.049642095417727300e-04
9.937728673521930567e-01,5.629899887546240336e-03,3.016841632263255564e-04,8.365778583931066597e-06,2.871828184504063818e-04
9.938292564938528972e-01,5.511567829594448895e-03,3.193935983774827186e-04,7.068633592860657744e-06,3.327134445823122055e-04
9.889404539455081133e-01,1.003826148958561482e-02,5.650751215878417437e-04,1.142981755387423781e-05,4.447796257646701888e-04
9.909126169205206835e-01,8.320851010823838989e-03,3.896320851166812805e-04,8.390252300025732998e-06,3.685097312387939543e-04
9.878814565432811889e-01,1.113222106963837957e-02,5.130325528374271669e-04,9.260999020685695382e-06,4.640288352224654182e-04
9.946766739543779767e-01,4.717433100372325078e-03,3.519683499630945570e-04,7.384580329402585968e-06,2.465400149572578251e-04
9.950820430847575615e-01,4.381114037024629211e-03,2.593423194036922680e-04,5.690462679363400658e-06,2.718100961347321072e-04
9.890186077880901427e-01,1.001316232070318703e-02,3.661357900858132515e-04,5.924287549448613016e-06,5.961698135714175008e-04
9.923761418134413592e-01,6.899328104425490535e-03,2.856830139814711548e-04,4.775472183070231582e-06,4.340715959688661745e-04
9.868169452919771656e-01,1.207778115504824779e-02,4.598932148288545308e-04,6.589590693108342707e-06,6.387907474526296038e-04
9.896506790289798516e-01,9.431439181409461900e-03,3.645213751352100340e-04,5.248029252343908297e-06,5.481123852231990562e-04
9.962244198831453623e-01,3.342420988319188668e-03,1.759003165214358447e-04,3.680345288501108613e-06,2.535784667253915877e-04
9.880849801018333212e-01,1.075687178383804253e-02,4.275984789588402075e-04,6.061712659440259977e-06,7.244879227104604512e-04
9.981616318085737571e-01,1.582654471140773275e-03,1.044692551618413008e-04,2.727930509901944177e-06,1.485165346136571216e-04
9.962816778598558853e-01,3.293933257559225006e-03,1.765869771505337252e-04,4.949866169094642616e-06,2.428520392652568972e-04
9.968845519762424834e-01,2.701240801092155436e-03,1.276462658199297383e-04,3.363326862400826877e-06,2.831976299831431322e-04
9.968949477568828099e-01,2.652021588631757552e-03,1.217461300264575740e-04,3.544635483874374729e-06,3.277398889749544818e-04
9.984162181506268663e-01,1.327386889059625243e-03,6.693745598834875048e-05,2.441626787171430070e-06,1.870158775381054522e-04
9.967354869766305026e-01,2.733572499529153804e-03,1.221734211564714839e-04,3.502860231010466579e-06,4.052642424528228615e-04
9.982527893205893621e-01,1.482169947700059899e-03,1.093794769581501103e-04,3.803415141431933496e-06,1.518578396109994118e-04
9.939897496277881883e-01,5.186350170383746336e-03,2.157823076137689860e-04,5.000693774730741153e-06,6.031172004396885208e-04
9.957976029818725872e-01,3.714349945719673616e-03,2.151008994007650430e-04,5.612252888378184778e-06,2.673339201187021740e-04
9.950315163491352255e-01,4.501379124365687684e-03,2.690739377294103880e-04,7.392738058528902783e-06,1.906378507111126225e-04
9.955232832444975699e-01,4.052337891326820984e-03,2.546772726688757878e-04,6.588373450997746719e-06,1.631132180557284437e-04
9.983679020430644702e-01,1.447786785072967958e-03,1.173109406637562523e-04,3.525361931352469283e-06,6.347486926728371942e-05
9.972532792365939036e-01,2.450339840072202503e-03,1.956201635165474980e-04,5.704322519503179725e-06,9.505643729776634991e-05
9.949424278072740435e-01,4.447730160410349499e-03,4.480320186772109373e-04,1.352419504540713884e-05,1.482858185930433740e-04
9.866021787037095869e-01,1.169914378086736768e-02,1.361233679709095319e-03,3.125606013224887126e-05,3.061877755814966236e-04
9.569745355897254502e-01,3.693791206591214016e-02,5.211375710818292976e-03,9.643874618713504454e-05,7.797378873569507955e-04
9.571646722609169489e-01,3.660796541584748764e-02,5.497626254575459920e-03,7.249448547587647343e-05,6.572415831842243596e-04
9.825707236131882016e-01,1.489476105028005731e-02,2.243598350841732262e-03,3.329705868066546646e-05,2.576199270094176887e-04
9.880076016055805432e-01,9.811021497134541497e-03,1.942536375457736431e-03,5.446057570009608522e-05,1.843799461269197070e-04
9.919632166345193625e-01,6.734713241737144002e-03,1.028408456454115143e-03,2.900813900332009233e-05,2.446535282860285874e-04
9.985632180163230842e-01,1.125769051147634944e-03,1.422777798223328000e-04,8.208002593785395631e-06,1.605271501130508312e-04
9.955997616029296227e-01,3.578411532109596494e-03,5.855416420781748860e-04,2.161611554304589963e-05,2.146691073395063840e-04
9.974246540669305938e-01,2.126981405958613524e-03,3.342380308352924838e-04,1.207890900941089531e-05,1.020475872659537151e-04
9.956392376080265283e-01,3.559026871337117332e-03,6.938298414938374754e-04,2.240835508899800658e-05,8.549732405355204309e-05
9.951096605626201796e-01,4.142545222854168360e-03,6.507241626006958057e-04,1.559647048359521287e-05,8.147358144128949496e-05
9.903510175647336489e-01,8.171236977478115934e-03,1.331451954573492722e-03,2.445708328461345846e-05,1.218364199301538725e-04
9.954936891776859920e-01,3.950637117950458327e-03,3.587386227167101670e-04,9.589775764636461225e-06,1.873453058820984346e-04
9.965602647861941943e-01,2.820070255460741145e-03,2.168734505126842821e-04,6.846400505274585034e-06,3.959451073271689396e-04
9.970440400125301084e-01,2.180520986135309723e-03,2.243600819173163547e-04,1.042089805671764970e-05,5.406580213606943137e-04
9.912612140938578120e-01,7.063166383081331476e-03,1.055853041951927002e-03,3.247517308377049784e-05,5.872913080252570870e-04
9.951042477095954908e-01,4.174405364637250038e-03,4.955407720381850524e-04,1.561472471162410249e-05,2.101914290174201211e-04
9.919938476596326105e-01,6.826592281100527654e-03,8.365519265416274325e-04,1.832823926709707289e-05,3.246798934581254358e-04
9.949741401138940677e-01,4.156657580526719811e-03,6.531541829032614125e-04,1.722888489634917723e-05,1.988192377796992592e-04
9.940457111583654859e-01,4.855925073078951396e-03,9.237499858586479401e-04,2.152387574137496271e-05,1.530899069557254441e-04
9.681444796400102693e-01,2.513399228450220388e-02,6.027838523279044000e-03,1.067078106506098108e-04,5.869817415579033906e-04
9.213109517394618697e-01,6.178309457251400516e-02,1.548884282702147133e-02,2.250632538357697963e-04,1.192047607166921890e-03
9.743715799695790158e-01,1.841698589988383095e-02,6.360863972486459003e-03,1.028641291978342714e-04,7.477060288528774440e-04
9.733904371811153977e-01,2.110791383268873292e-02,4.301979201244574003e-03,4.856448221816853783e-05,1.151105302733254837e-03
9.765583188680051485e-01,2.006205409926718405e-02,2.457137983742950244e-03,3.172828910563505334e-05,8.907607598791016882e-04
9.485070319366614155e-01,4.479356854426825435e-02,4.008848275414842594e-03,5.015871376475878745e-05,2.640392529890670924e-03
8.058863454225446699e-01,1.726763061710316904e-01,9.215143318022225166e-03,7.352679218409691251e-05,1.214867829621747893e-02
8.989844490728030602e-01,8.612719543218293194e-02,5.335667299453309906e-03,5.557648364032067450e-05,9.497111711920303012e-03
9.392823713571716304e-01,4.964520272008786372e-02,3.101190603322968170e-03,3.535642341768878742e-05,7.935878895999812915e-03
9.870430530376268496e-01,1.007822113525687173e-02,6.474556731088378873e-04,1.225208986221174282e-05,2.219018064145101676e-03
9.466777479005764606e-01,3.868882221005544991e-02,1.883103028681313521e-03,3.313474980260891565e-05,1.271719211088425880e-02
9.882528713211093940e-01,8.479728054038694271e-03,6.308726203230138625e-04,1.184656071620165442e-05,2.624681443812871672e-03
9.626734721715037857e-01,2.798435375234937725e-02,1.682029760258323993e-03,3.127136528717450414e-05,7.628872950601293078e-03
9.531853059211780055e-01,3.352235987861976879e-02,2.015715926685640071e-03,3.226911028648662061e-05,1.124434916323009508e-02
9.791056153993277222e-01,1.416258181616400144e-02,9.660308901857406509e-04,2.050072288367621792e-05,5.745271171438853276e-03
9.755336285695671572e-01,4.854534043172873889e-03,1.469402643325212624e-03,9.267333898842513814e-05,1.804976140494646275e-02
9.551154325726237682e-01,8.165812026725356026e-03,7.436604273517944709e-03,3.839842059119844865e-04,2.889816692122097047e-02
8.177906529967738924e-01,7.455021707260872654e-02,4.134102612296004092e-02,6.828847773827958611e-04,6.563521903027461080e-02
6.382297326161787687e-01,1.941608534808756115e-01,8.072979139562859452e-02,7.385562648004029805e-04,8.614106624251655075e-02
6.469413384136091238e-01,1.743062523321481094e-01,4.964743876759066671e-02,4.609868604857365187e-04,1.286439836261662473e-01
5.624426148663794756e-01,2.483535748775006768e-01,6.048351035522542968e-02,4.416800573660808115e-04,1.282786198435283687e-01
4.875667490469846044e-01,2.136165654312686679e-01,5.872659872845206741e-02,4.337942127068882773e-04,2.396562925805877931e-01
5.479553311572843421e-01,1.860516349842175898e-01,4.845216987457317409e-02,3.907305287914219940e-04,2.171501334551333706e-01
5.901055015684213423e-01,1.855525406231341712e-01,4.839960644060642414e-02,3.876313223327730920e-04,1.755547200455052914e-01
7.023670315839311007e-01,1.217793624374733374e-01,3.356754383459949892e-02,3.156495988063259621e-04,1.419704125451897725e-01
7.699787384329919160e-01,7.614454152786331864e-02,3.571177801216542103e-02,3.434226229083407050e-04,1.178215194040709568e-01
7.191473048296831427e-01,9.205146734282755594e-02,4.273689443271989213e-02,4.315968626686526237e-04,1.456327365321007372e-01
5.853305473246904755e-01,1.223030884386157313e-01,5.882860468963570233e-02,4.212187169870734499e-04,2.331165408300710229e-01
5.484161406500288605e-01,1.498081179740707314e-01,7.293547607492029128e-02,5.172688615528740546e-04,2.283229964394272171e-01
7.424417467230612910e-01,8.912848276930371294e-02,3.569016833750775913e-02,4.002544078981581281e-04,1.323393477622291092e-01
7.112223313877917841e-01,8.894911926179242811e-02,2.571359608140016267e-02,4.023557260645898182e-04,1.737125975429510139e-01
7.943163288399152089e-01,2.120558558588467660e-02,5.115491816970000119e-03,1.569670798703169472e-04,1.792056266773597306e-01
6.244050904498551491e-01,6.049189686743646627e-02,1.129366291722368708e-02,2.798767047346114624e-04,3.035294730607501212e-01
5.654105131119394612e-01,5.582764690567990074e-02,1.715174710446502188e-02,3.651813251857682452e-04,3.612449115527299193e-01
6.046878859214519508e-01,5.494403743353681868e-02,2.299325661379956337e-02,3.733949007490677645e-04,3.170014251304625885e-01
4.878121725272346887e-01,1.369778095849875921e-01,3.841824259421973420e-02,4.316156500885298761e-04,3.363601596434695473e-01
5.027243760193151889e-01,1.573417047775838573e-01,4.336719680087094964e-02,3.878817406175788431e-04,2.961788406616124303e-01
4.746590359244163282e-01,1.227952500439297573e-01,2.888875046084556780e-02,2.741465750337477919e-04,3.733828169957747467e-01
4.125451946298112071e-01,1.991253873653552053e-01,4.189391403545486559e-02,2.741965746785431307e-04,3.461613073947002461e-01
3.374255795122872437e-01,2.460503635063433503e-01,6.514534668270256790e-02,3.286430791352826274e-04,3.510500672195314142e-01
2.652428929131778745e-01,2.528378263448506913e-01,6.365090971147924215e-02,3.686321893562110263e-04,4.178997388411360148e-01
3.176682246026283352e-01,2.173756036167659167e-01,4.700419313467965599e-02,2.936714071293656083e-04,4.176583072387966000e-01
2.809444513225592965e-01,2.203952582368946533e-01,5.791791070026308663e-02,3.228219956791687165e-04,4.404195577446038401e-01
3.028972347122922404e-01,1.722610164986924652e-01,5.806645093026522458e-02,3.658307650129175828e-04,4.664094670937372622e-01
3.876940092278489680e-01,1.524119432022550957e-01,4.701193696796959753e-02,3.332413226719477175e-04,4.125488692792543821e-01
3.433204432531244410e-01,1.548397196414556254e-01,5.787965576787128252e-02,3.126837410009966341e-04,4.436474975965477019e-01
3.818594442080387452e-01,1.456332012607647886e-01,4.567981721690310415e-02,2.986863492834123529e-04,4.265288509650099757e-01
3.893033001143818561e-01,1.025645900795203874e-01,1.693282402029962219e-01,1.647288189638589345e-03,3.371565814134630523e-01
3.610598224458703709e-01,8.006123205779901164e-02,8.773936968921160207e-02,1.165047234087856088e-03,4.699745285730312361e-01
3.118549166078112833e-01,9.368983906967039144e-02,5.424666220720359561e-02,5.997688584970916476e-04,5.396088132568176432e-01
3.558405560749249852e-01,8.902889172761585534e-02,4.185345105010839645e-02,4.956554092666621289e-04,5.127814457380840407e-01
3.146544239702013801e-01,7.132651795050731769e-02,5.464085360469699004e-02,1.046211481627831383e-03,5.583319929929665415e-01
3.101424569906865436e-01,2.988025961736603953e-02,1.716384631321957871e-02,4.073290424817176364e-04,6.424061080362462040e-01
3.785078808667615147e-01,5.877552583099129868e-02,2.027394114600687344e-02,3.543823224389470528e-04,5.420882698338015393e-01
4.508031705830145008e-01,6.808335731272262270e-02,2.411823591469423531e-02,3.722648672922984972e-04,4.566229713222763609e-01
4.121085133617997109e-01,8.725639764601313131e-02,4.648895301532110502e-02,5.794927801158383839e-04,4.535666431967502188e-01
4.491905104959796891e-01,1.077339298606447560e-01,4.401493079411399056e-02,5.634925011608245011e-04,3.984971363481008000e-01
5.574785009044660455e-01,1.300413223977841815e-01,2.826542719785891597e-02,3.887177404738070656e-04,2.838260317594169524e-01
4.010557037767907840e-01,1.813618705194079972e-01,3.212917231514648975e-02,3.083305703083063826e-04,3.851449228183464468e-01
5.829643761343081820e-01,1.071329819043267406e-01,3.035657440742476829e-02,4.741565710507349022e-04,2.790719109828895261e-01
3.880601427216927024e-01,1.224428827418234389e-01,2.578803157209128352e-02,3.319227477698782555e-04,4.633770202166225816e-01
3.035804969876226278e-01,9.818984985234462115e-02,3.223124701586339846e-02,3.488833872190880928e-04,5.656495227569502404e-01
2.550111228703197397e-01,1.056514962396253310e-01,3.350228289484162569e-02,3.717359613259635940e-04,6.054633620338873978e-01
4.402873616556877145e-01,6.910489107078143789e-02,3.246133238515248182e-02,4.847430929522485903e-04,4.576616717954262725e-01
4.731406379353736424e-01,6.099494248133863206e-02,3.017505468705131491e-02,4.165373945977235014e-04,4.352728275016387594e-01
5.463668271788336694e-01,4.491422509332067964e-02,3.001479126605895165e-02,5.411603437928934075e-04,3.781629961179938104e-01
5.499423484173164844e-01,6.431477243307799629e-02,3.293710272089406255e-02,4.935051433839041275e-04,3.523122712853276606e-01
5.562251122633292688e-01,4.494561820930509377e-02,2.139705318553383750e-02,4.118127390456793706e-04,3.770204036027862693e-01
5.442544593245813855e-01,7.190515464390097311e-02,6.353813844127974286e-02,6.801793247459694217e-04,3.196220682654919432e-01
6.542535526714038374e-01,4.376347760800212289e-02,2.305951816868935175e-02,3.675896046722860176e-04,2.785558619472324193e-01
4.987817987142869613e-01,5.641967222156207135e-02,3.233047778348887430e-02,5.025829953456973634e-04,4.119654682853162164e-01
4.053618287935182307e-01,4.210041134117491202e-02,2.030661389114918683e-02,4.977059759782430804e-04,5.317334399981794579e-01
4.407626772045354913e-01,5.740236579144892409e-02,1.778957935202062079e-02,3.740493583671376104e-04,4.836713282936278002e-01
3.722864819689116755e-01,1.146183309564359487e-01,3.066596868796623090e-02,3.525907808857549407e-04,4.820766276058004451e-01
3.289922950089808618e-01,1.882440947701979617e-01,3.293546281617726335e-02,2.417386970450532101e-04,4.495864087075988613e-01
2.316633680172387744e-01,1.444247999497637047e-01,2.806094984600289097e-02,2.377135870895604982e-04,5.956131685999049852e-01
1.983396744879025175e-01,2.072584853867334709e-01,4.312130242973173655e-02,3.076745180543990436e-04,5.509728631775779872e-01
1.762042201056095436e-01,1.985024808027776588e-01,6.324551504926984036e-02,4.358848988752958543e-04,5.616118991434675412e-01
1.918853115174112556e-01,1.649778561917248088e-01,9.065682055451690369e-02,5.678885795918142210e-04,5.519121231567550856e-01
1.887910054472549948e-01,1.232399026482559196e-01,7.575588041531945704e-02,5.734029990178137696e-04,6.116398084901518706e-01
3.535187984650685067e-01,1.082249073106105741e-01,1.239561696494379528e-01,1.077549730382534095e-03,4.132225748445005342e-01
3.345970723695678162e-01,1.433942229344626063e-01,1.527279108630106574e-01,1.231223544402636726e-03,3.680495702885562825e-01
3.669383869312123903e-01,2.378239443309167755e-01,1.463443131533135044e-01,6.755534906371489252e-04,2.482178020939201646e-01
3.300562920230240005e-01,2.399053921547456281e-01,1.729377111961259428e-01,8.919577111217035946e-04,2.562086469149826851e-01
1.757824813790863083e-01,2.007087431852690174e-01,1.414695594302521064e-01,8.259799448644069989e-04,4.812132360605282932e-01
2.261687926392730308e-01,1.355144693449170101e-01,1.097814664843274890e-01,1.154715317014802598e-03,5.273805562144676662e-01
4.108137898909107744e-01,8.470796153029133690e-02,9.791830642042577415e-02,1.111676139335794448e-03,4.054482660190362742e-01
3.192493051101640278e-01,1.549308716114299322e-01,1.627310898478045720e-01,1.118710373729932392e-03,3.619700230568715371e-01
3.270889912674955768e-01,1.571767934243534781e-01,1.742298008072671323e-01,1.089294864361196533e-03,3.404151196365226006e-01
3.231053554148473617e-01,1.216174411671138017e-01,1.733648520417319927e-01,1.336332583401152879e-03,3.805760187929057570e-01
3.517009123314361885e-01,1.740598805460474574e-01,1.532726553065864861e-01,1.198752955275608160e-03,3.197677988606543176e-01
3.056141065183858863e-01,1.369065645561202138e-01,1.416140880455135642e-01,1.429896995613019924e-03,4.144353438843672022e-01
2.565104787816117060e-01,1.622537982019723046e-01,1.232124804416544483e-01,8.086938330613019929e-04,4.572145487417001442e-01
3.166219917986876076e-01,1.783310594396657345e-01,1.265408254345086192e-01,7.524958684167584776e-04,3.777536274587212639e-01
2.776608761355589539e-01,1.412613957533655484e-01,1.428781886283165270e-01,8.572781195586738883e-04,4.373422613632003131e-01
2.468502009574264910e-01,8.715682005280214750e-02,8.783435472025562241e-02,9.191065824668267700e-04,5.772395176870488420e-01
3.019522205057104669e-01,1.128318249709373555e-01,8.847826698110652921e-02,8.681513733860930435e-04,4.958695361688595926e-01
3.923928205951066617e-01,1.223447867510432108e-01,7.969791066322298723e-02,8.334374461231993866e-04,4.047310445445039262e-01
2.975105385695569482e-01,1.435972191332796355e-01,8.962368912756808748e-02,8.186650727493207779e-04,4.684498880968459011e-01
2.976688273384355266e-01,1.004256110934393376e-01,2.335075482334771635e-01,2.914908627655807879e-03,3.654831047069920236e-01
3.278889824188891411e-01,7.529517544930301731e-02,1.575369369532104435e-01,2.087812966000125031e-03,4.371910922125971100e-01
3.055330048070413751e-01,5.825516440271016894e-02,8.323376090027095886e-02,1.394606331659933949e-03,5.515834635583174439e-01
3.963800751093656816e-01,5.590195981719758150e-02,7.783489015240524500e-02,1.166845650622219200e-03,4.687162292704091793e-01
4.501146591628867322e-01,7.634103570541236894e-02,7.558602445101028633e-02,1.243127490158914879e-03,3.967151531905317441e-01
3.794405888632397805e-01,1.101652352363449855e-01,9.277527168509627775e-02,1.041962961084742182e-03,4.165769412542343342e-01
3.469424111424893042e-01,8.433681165450150619e-02,7.057660513555522042e-02,9.290408734949711332e-04,4.972151311939589924e-01
