2.317388848779110555e-01,4.358569835610640736e-02,1.956264152003401591e-01,6.007333772796592114e-02,4.689756638376764153e-01
5.672563738599061267e-01,6.201883291076869253e-02,6.931590171692350588e-02,5.248283744699117764e-03,2.961606077677025328e-01
7.334607032005884264e-01,7.830423474844709630e-02,2.228725738945661755e-02,7.836945078542699580e-04,1.651641101536537037e-01
8.146859631876488539e-01,8.523161632487138983e-02,3.124354897641567694e-02,6.178332688684236513e-04,6.822103824219585833e-02
3.831472053840562775e-01,2.747162687128545944e-01,3.000232177532344280e-01,1.636273513842815457e-03,4.047703463601187018e-02
2.039457156926501868e-01,3.184653045957119843e-01,3.799132766921055615e-01,1.401083475508341702e-03,9.627461954402401212e-02
2.227704608046425783e-01,1.906648167188078336e-01,3.440370681071420189e-01,1.049342353124905168e-03,2.414783120162826424e-01
1.854915290249779525e-01,2.127694737038573480e-01,4.349653007442057517e-01,8.092029311953950668e-04,1.659644935957634571e-01
2.911099180377516582e-01,1.936036009292877447e-01,4.019646824407789309e-01,1.535551975956924451e-03,1.117862466162247159e-01
1.526409956908837962e-01,1.811239286096153478e-01,6.274835182716282933e-01,1.254682443024725431e-03,3.749687498484787634e-02
8.183024645833418542e-02,1.363602043643518391e-01,7.707635234679002245e-01,1.469566325779419341e-03,9.576459383634286504e-03
3.385147945318013329e-01,1.089231109303118034e-01,5.037472883488591791e-01,2.713454205576553303e-03,4.610135198345114566e-02
2.186633328322283576e-01,5.149969653922059631e-02,6.816511444053025004e-01,6.844389865703575868e-03,4.134143635754485013e-02
4.733260620079116077e-01,3.764593427323367769e-02,3.975801864347145997e-01,7.967465125378533908e-03,8.348035215876160875e-02
7.312041584100396063e-01,2.673958947880889642e-02,1.273482914725072579e-01,4.909966894112040466e-03,1.097979937445321547e-01
9.095174047493383984e-01,1.148040120707024755e-02,1.981990496586819028e-02,9.546673760185860318e-04,5.822762170170461132e-02
7.076406158377139821e-01,7.369633070952917586e-02,1.069659516201513505e-01,3.705972390697595022e-03,1.079911294419078488e-01
7.326120442581619541e-01,6.201287187663705874e-02,1.002730734080428954e-01,4.412964059967581371e-03,1.006890463971904653e-01
3.123366159019734800e-01,1.581408780227081257e-01,4.057155094496218695e-01,6.477778564177155522e-03,1.173292180615193581e-01
2.126779449337322381e-01,2.502877860604115212e-01,4.562441754206645328e-01,1.714665422136932814e-03,7.907542816305485056e-02
2.891458706273625778e-01,2.201141752381652605e-01,4.534797629276924869e-01,1.078857526680446557e-03,3.618133368009924383e-02
3.709497368999898348e-01,1.891921082206931559e-01,4.095578791261649809e-01,7.322022082242755437e-04,2.956807354492772474e-02
3.457982452931517847e-01,2.352867121707638842e-01,3.646533893233452339e-01,5.199124366052395706e-04,5.374174077613381312e-02
5.199512797812417819e-01,1.697298071903317329e-01,2.942783693658635458e-01,4.571251029738543359e-04,1.558341855958906251e-02
5.231998278434637495e-01,1.675372811372402015e-01,2.940992428758828492e-01,4.941169737475243013e-04,1.466953116966564045e-02
2.310593951442830585e-01,2.174781980493909195e-01,4.991977148955690780e-01,6.746653303831677290e-04,5.159002658037384337e-02
2.280663029840670208e-01,1.806275818421716473e-01,5.368957770289238818e-01,6.706634989537686546e-04,5.373967464588376430e-02
1.230913954004352329e-01,1.874565726822791378e-01,6.225262724294864380e-01,5.556230954329020215e-04,6.637013639236621909e-02
2.430998259876817058e-01,2.073847135985074364e-01,4.752541734329853162e-01,4.726961542398882112e-04,7.378859082658567603e-02
1.528692126756058256e-01,1.898591412093363351e-01,5.943079378567632798e-01,4.197902317205822473e-04,6.254391802657389976e-02
1.397261894221808742e-01,1.278846091639880833e-01,6.813689828822985239e-01,6.670326568783619455e-04,5.035318587465392737e-02
2.986036019268021313e-01,9.304605456940287511e-02,4.460961319626450816e-01,1.244360830625964838e-03,1.610098507105239274e-01
3.843951683081532900e-01,1.044216174968960603e-01,3.171866052936888059e-01,8.165920487973891886e-04,1.931800168524643591e-01
3.720762554776757547e-01,1.159588362331589739e-01,2.161978723144989400e-01,6.990170484344397465e-04,2.950680189262319675e-01
2.982077108149319145e-01,5.249440957349407050e-02,2.221749167963997518e-01,1.406243022339588025e-03,4.257167197928346525e-01
2.347957044651679537e-01,6.659184098105593030e-02,4.029247820666246871e-01,1.217398581087535256e-03,2.944702739060638397e-01
2.698602405094522316e-01,4.336317435652196212e-02,3.354154048810341626e-01,1.686778597582550606e-03,3.496744016554090839e-01
2.277908760585452830e-01,3.476722280570384432e-02,3.510869566344208548e-01,2.386483684978829740e-03,3.839684608163512203e-01
1.796619586525326495e-01,1.282529434061921089e-02,1.279427136385984931e-01,1.506847702871803255e-03,6.780631856653778211e-01
5.080299636789481488e-01,2.679764011780391003e-02,1.277906561096848748e-01,1.536727663484377350e-03,3.358450124300786377e-01
4.813273453601075724e-01,2.753098017107233689e-02,1.992353051669876196e-01,1.920023673269095291e-03,2.899863456285633467e-01
5.504462462951833501e-01,3.754521737354855199e-02,2.179414483797814106e-01,1.751462821336021835e-03,1.923156251301507136e-01
4.470283498823175439e-01,4.107705070002409115e-02,3.353216945915883374e-01,2.524635162235564726e-03,1.740482696638343540e-01
4.095762231646532525e-01,6.197656578173232900e-02,3.186859688763589715e-01,1.923116524157312927e-03,2.078381256530981713e-01
4.110048472842297573e-01,6.320609235777274737e-02,2.958432102587481571e-01,1.403287963681043408e-03,2.285425621355683667e-01
3.451723831734954673e-01,6.296036162202496567e-02,2.830772798626451370e-01,1.135493141129655494e-03,3.076544822007047930e-01
3.265720464531782774e-01,2.243814690380982468e-02,1.006570822469321919e-01,7.412220960694862817e-04,5.495915023000101929e-01
4.057617159802419660e-01,2.124500531402715234e-02,1.062724070297595552e-01,9.855156159214823949e-04,4.657353560600498987e-01
3.753372284485688715e-01,2.704502002400749686e-02,1.255091694080129883e-01,1.521565828032841192e-03,4.705870162913778354e-01
4.307399141447260105e-01,2.989000546367109531e-02,1.207409568738832539e-01,1.559622415560218273e-03,4.170695011021594567e-01
3.626164652520635356e-01,1.139930210604728038e-02,5.982038354556124676e-02,1.020090390596424318e-03,5.651437587057316358e-01
3.691125468929952746e-01,6.951412075842938396e-03,2.371446925213482534e-02,4.677323364125862649e-04,5.997538394426142894e-01
2.700563602295094623e-01,4.946579751961702534e-03,1.386548693315593425e-02,3.702889369428293952e-04,7.107612841484303168e-01
2.341949345581150199e-01,2.512869807766300242e-02,5.861894989432864245e-02,7.048808383014832030e-04,6.813525366315916765e-01
2.571996908408811788e-01,1.806526508205853754e-02,6.126430017173633419e-02,6.476755981331932654e-04,6.628230683071908436e-01
2.608154712490522997e-01,5.536391950720356489e-03,2.033205095477531171e-02,5.008016633994145494e-04,7.128152841820525332e-01
2.593495306564080893e-01,2.867251675708885547e-02,1.252634648591055555e-01,1.265671066972140404e-03,5.854488166604251420e-01
1.510579341022444955e-01,6.230423864673942380e-03,1.472458483602150960e-02,2.151431464474575102e-04,8.277719140506125672e-01
1.270989540738934609e-01,6.209104372951246287e-03,8.422473730973841985e-03,1.133397371629165176e-04,8.581561280850185103e-01
3.634177519024886505e-01,1.925369895707392670e-02,1.351813531589813808e-02,1.900913264585381334e-04,6.036203224980807303e-01
3.646961347515956797e-01,1.902955198236978146e-02,1.323073612809069939e-02,1.516487628972301119e-04,6.028919283750465707e-01
2.863289561325900179e-01,1.719057705364636368e-02,1.798121011099995323e-02,1.354811264684741879e-04,6.783637755762952359e-01
2.224831540080416392e-01,2.452092784812786794e-02,8.097429416389817503e-02,6.241364172028898184e-04,6.713974875627295447e-01
2.591633787283310619e-01,6.217487752276211477e-02,9.710904410338183634e-02,5.057189662403604536e-04,5.810469806792846192e-01
2.734624392364979339e-01,3.099074110107772825e-02,5.884757768564823077e-02,4.204140946848356863e-04,6.362788278820914467e-01
2.732565786954228582e-01,3.190575377682312863e-02,7.133198968761943204e-02,4.283845312547547297e-04,6.230772933088798426e-01
1.868620104901270729e-01,1.239105728150233406e-02,3.403005769095615585e-02,3.274268031016074249e-04,7.663894477343127232e-01
1.390697504348718805e-01,9.113741947180132794e-03,2.180957420545903691e-02,2.442115981638552907e-04,8.297627218143250882e-01
2.902387201643873427e-01,1.836197073195280569e-02,6.358728923689865864e-02,6.991882909509101757e-04,6.271128315758103255e-01
3.220822044759343861e-01,8.480148165801211155e-03,3.410403936079910853e-02,6.273562914051757349e-04,6.347062517060602094e-01
3.117237523184843151e-01,6.980303094087023097e-03,4.152141684310101805e-02,6.676961672517849706e-04,6.391068315770759289e-01
3.462716320245929902e-01,1.537890189888982753e-02,8.105641631157445293e-02,9.458567320273481537e-04,5.563471930329155768e-01
3.257622273462216222e-01,2.178915066484840568e-02,4.308232698889484513e-02,2.826993590083666259e-04,6.090835956410266538e-01
1.927615478927241499e-01,1.455584405057614925e-02,2.910882961853670722e-02,2.280933165194297114e-04,7.633456851216436911e-01
2.019447955492681412e-01,1.110900508996017985e-02,3.008194973046245460e-02,3.585223741088421111e-04,7.565057272562004664e-01
2.809591361505794915e-01,9.031711101586929399e-03,4.439661227442607411e-02,9.257311054056726381e-04,6.646868093680018408e-01
2.692925624455482780e-01,4.545693096907339747e-03,2.414429294404218246e-02,6.765428952176884194e-04,7.013409086182845753e-01
3.120087114257102945e-01,1.394558582159370966e-02,7.348982654387943569e-02,1.153718868302505392e-03,5.994021573405139414e-01
2.663290202882821478e-01,1.057660150362832625e-02,4.657306977415381216e-02,7.715177069599328617e-04,6.757497907269759407e-01
1.551592610775625047e-01,1.016902851727732177e-02,2.848827399917436970e-02,4.164825077196805084e-04,8.057669538982661361e-01
3.669850073045280991e-01,2.752123557976390508e-02,8.602767211245054835e-02,7.970875292373050562e-04,5.186689974740202880e-01
4.302702667938697600e-01,1.698607163767269085e-02,6.561454594621446423e-02,8.682521950686223006e-04,4.862608634271744501e-01
4.495106768987800483e-01,8.583384940690792081e-03,3.179118689413484161e-02,7.153778359060855661e-04,5.093993734304882448e-01
2.910071361478490104e-01,9.569862750428153805e-03,2.666955516356025666e-02,4.591051454839999721e-04,6.722943407926783577e-01
3.384453187559688381e-01,7.345268824691739661e-03,2.245686033896991673e-02,4.462475119942022278e-04,6.313063045683754426e-01
5.159461227008365070e-01,1.103503045042053023e-02,4.479776365908075264e-02,1.076809892546189053e-03,4.271442732971161282e-01
3.024779278455069220e-01,3.318037854107144802e-02,1.277690508004701853e-01,1.373602816013976902e-03,5.351990399969375201e-01
2.444463611141657333e-01,6.759152340186386047e-03,3.007250291083263596e-02,4.096306310179861476e-04,7.183123530037971438e-01
3.145720913497037641e-01,1.307647044315291864e-02,6.754716781711594953e-02,9.041234409882014170e-04,6.039001469490391516e-01
3.037829445958439289e-01,8.073554366312237635e-03,2.718866070288207884e-02,5.003330365989754188e-04,6.604545072983628584e-01
2.821530188322147192e-01,3.629213307183625382e-03,7.138069548435340902e-03,1.803967284634809011e-04,7.068993015837028437e-01
4.706477266715518581e-01,5.196211825914576372e-03,1.080545800986868095e-02,2.992190601117670004e-04,5.130513844325531592e-01
5.191354647110337783e-01,9.240742251331849136e-03,1.519314787610739730e-02,3.762871102020005714e-04,4.560543580513251039e-01
4.638430034203605001e-01,1.249282460071909906e-02,2.626998028375675254e-02,3.976282895192995615e-04,4.969965634056444648e-01
4.000860839919647693e-01,3.634080201912553293e-02,4.014780580135759308e-02,3.496761142891672593e-04,5.230756320732630194e-01
2.690063034865329827e-01,1.237808407521495679e-02,1.662746590179429648e-02,1.878308803704293846e-04,7.018003156560873590e-01
4.248805047213860542e-01,1.921868241804617142e-02,2.826768885726190644e-02,3.829770633325013554e-04,5.272501469399735186e-01
5.102762360824797394e-01,3.331853320876136670e-02,4.882583519357860946e-02,6.009073992127726737e-04,4.069784881159675405e-01
4.295350340975767067e-01,1.225434850674691697e-02,1.747651613049550079e-02,2.748150470441348405e-04,5.404592862181367696e-01
2.700419431007040627e-01,6.713300153926174060e-03,1.016184834628884592e-02,1.585282066496314726e-04,7.129243801924312063e-01
2.936642687117369532e-01,6.182544688343869638e-03,1.149593335297128399e-02,1.758908921629007648e-04,6.884813623547847428e-01
3.038817002388720101e-01,4.236377261426157136e-03,6.451999649049681117e-03,1.122691915931838284e-04,6.853176536590589452e-01
4.739731379320692994e-01,6.760093400595494281e-03,4.543675802998871013e-03,6.992010899971640614e-05,5.146531727553366187e-01
3.349873791407058654e-01,5.588918708477007107e-03,5.669590624753436878e-03,9.285956967570825810e-05,6.536612519563879120e-01
2.914466347802817658e-01,7.460021885357140739e-03,7.086277806989333197e-03,9.757819137765645883e-05,6.939094873359941129e-01
2.485316838763779179e-01,6.253602211309306456e-03,8.511868152558631218e-03,1.543362600453926435e-04,7.365485094997088478e-01
1.733654963989031683e-01,4.432000091630781263e-03,4.917495980379195386e-03,1.015899023470640049e-04,8.171834176267398497e-01
2.631206504897055654e-01,7.305483149738363838e-03,9.144418044086978503e-03,1.788505665706802204e-04,7.202505977498984135e-01
2.358368679076911500e-01,1.423535025230625653e-02,1.713347302028739999e-02,2.396862677964624094e-04,7.325546225519186105e-01
1.721453628207417763e-01,2.228550476305638656e-02,4.416541956453642198e-02,3.923496112891421963e-04,7.610113632403761041e-01
2.224380045360094538e-01,2.400569933424259381e-02,2.455203232551432177e-02,2.264305342784881357e-04,7.287778332699552664e-01
3.194798682277930624e-01,1.451186318459682205e-02,1.130448134778744805e-02,1.194441573177638271e-04,6.545843430825050158e-01
2.625370802430676553e-01,1.417283833413575736e-02,4.302459438224946059e-02,4.938486578658655892e-04,6.797716383826811759e-01
3.606218075566955950e-01,1.759348391708351680e-02,5.231112047118542663e-02,5.493577326207230854e-04,5.689242303224147923e-01
3.119812245155549335e-01,2.147397964803033840e-02,3.366121447804097666e-02,3.608995409726123297e-04,6.325226818174011223e-01
4.089023920447882876e-01,8.707188103236949625e-03,1.555784390052880259e-02,1.820919626440564839e-04,5.666504839888019118e-01
4.711062633870683469e-01,5.236212741978039410e-03,7.352667115547442504e-03,2.640465231505221828e-04,5.160408102322556756e-01
4.864626188005108931e-01,7.413047035221616288e-03,5.650119959992695035e-03,1.641224336235040182e-04,5.003100917706514439e-01
4.965789040805682064e-01,9.080734852804949950e-03,4.366647618017644415e-03,1.248025260300117878e-04,4.898489109225792615e-01
4.582766411304615151e-01,8.895560129764870996e-03,6.788534652181429235e-03,3.073591105857471526e-04,5.257319049770063923e-01
4.154703135417074922e-01,6.581514747032829807e-03,3.129107822527539898e-03,1.272344337232258137e-04,5.746918294550088513e-01
3.976776181949069899e-01,7.447673317462853021e-03,5.282583047758616056e-03,2.018394328787771926e-04,5.893902860069927252e-01
3.646737171488546037e-01,9.033121392593877405e-03,7.266512417470710056e-03,2.354333263974371074e-04,6.187912157146834291e-01
3.011681399083940835e-01,2.385230937526636522e-02,2.470435407251695553e-02,5.060076485148550397e-04,6.497691889953076672e-01
7.626282463708399240e-01,1.180009200340497236e-02,6.016387646703068477e-03,1.878050632881990173e-04,2.193674689157637803e-01
9.768574343314456732e-01,2.570517357885838614e-03,9.073196497692260186e-04,4.889082241161296009e-05,1.961583783848769996e-02
9.927325761471229582e-01,1.414297110384327020e-03,3.361421926190849563e-04,2.749223155824116922e-05,5.489492318315462860e-03
9.848855794234135930e-01,7.407394470616182613e-03,1.854652718775966951e-03,1.103100200230390054e-04,5.742063367171078639e-03
9.068202886300854582e-01,3.301529936598125714e-02,2.941002790763179095e-02,2.262923724370204028e-03,2.849146037193135347e-02
9.793596750333879442e-01,1.075180459163702432e-02,5.145119993043490401e-03,4.267140609994479728e-04,4.316686320931972971e-03
9.828858840027669963e-01,7.845442533853590888e-03,1.738160824279193608e-03,1.156873856270223449e-04,7.414825253473123455e-03
9.589726530535299664e-01,1.977370981444987255e-02,3.497173425195182137e-03,9.608347165920046032e-05,1.766038023516559516e-02
9.095983683298284328e-01,4.550808892564911501e-02,1.413630265353612268e-02,2.620455618205902427e-04,3.049519452916558265e-02
7.688925888032416278e-01,6.739377500797358311e-02,2.007051479348247527e-02,3.648551166551894441e-04,1.432782662786470651e-01
9.565128648904321906e-01,1.569452910172396132e-02,2.715713592974473584e-03,7.189281686750292920e-05,2.500499959800182512e-02
8.978520678153933954e-01,3.025384099421125905e-02,3.625742753699688972e-03,7.572586163470771282e-05,6.819262257506099323e-02
9.771101970343223364e-01,6.677174266964552157e-03,5.129234129049011154e-04,1.729083965014895514e-05,1.568241444615800506e-02
9.908820710936865339e-01,4.991445102511792194e-03,3.524391532776028680e-04,9.831717182723762651e-06,3.764212933341356312e-03
9.908986791136823458e-01,5.789672482750065664e-03,4.805516724164682774e-04,1.327333331533517970e-05,2.817823397835812586e-03
9.813964855192862657e-01,1.392483286581384753e-02,9.109813269519643607e-04,1.898254379262505058e-05,3.748717744155494972e-03
9.781860681023710757e-01,1.627567108279245542e-02,1.175253278708665323e-03,2.390974518493674429e-05,4.339097790942748889e-03
9.789906468510231052e-01,1.634677065246191441e-02,1.907688283935067780e-03,2.562120413632467300e-05,2.729273008443552223e-03
9.952489455608308777e-01,2.999730037288724557e-03,2.790136629297689072e-04,8.793248630397656083e-06,1.463517490320176287e-03
9.962290331966570101e-01,2.711216155747031391e-03,2.484847416530096644e-04,9.257751082753318822e-06,8.020081548604389215e-04
9.958171028573786776e-01,3.069816599145259832e-03,1.831984951089154308e-04,7.976664602884982912e-06,9.219053837643176232e-04
9.948333485375943086e-01,3.959254782453456786e-03,3.413338227628572811e-04,1.086841824145445137e-05,8.551944389480541043e-04
9.874103454480102071e-01,9.316135080676597041e-03,9.939003934469775071e-04,2.552568663911657435e-05,2.254093391226992624e-03
9.782097658901376391e-01,1.377690150291320699e-02,1.313860883436909158e-03,3.978829791439985431e-05,6.659683425597751061e-03
9.895751926219527039e-01,7.150141113257070871e-03,1.033302283664930786e-03,3.204669982463103652e-05,2.209317281300738917e-03
9.935528453237905122e-01,4.676066970039803247e-03,3.074981037193222637e-04,1.249922361179662252e-05,1.451090378838443403e-03
9.802838677934219147e-01,1.436157797775566673e-02,1.607768920458461492e-03,2.972309584219781864e-05,3.717062212521738632e-03
9.085942005022873413e-01,6.653855490490204194e-02,9.096242635694095496e-03,8.285417794554649829e-05,1.568814777917112643e-02
9.415126716763623227e-01,3.647286717984704607e-02,5.468015498708244521e-03,6.828211918422341154e-05,1.647816352589792643e-02
8.572777293678996990e-01,9.271586489190493385e-02,1.327814080422145063e-02,1.229187350892150751e-04,3.660534620088471552e-02
8.805238863642180780e-01,5.945874293259047205e-02,2.267503245485305921e-02,2.207371287012099110e-04,3.712160111963722781e-02
9.559645974215836839e-01,2.291674289265010350e-02,6.850797069387053878e-03,9.584472945371589519e-05,1.417201788692531300e-02
9.551427451396091728e-01,2.648340638477996237e-02,4.623161266166157454e-03,6.685659879937722776e-05,1.368383061064516737e-02
9.686582998826051005e-01,1.934739852860735410e-02,1.704466893783421590e-03,3.508868394091367641e-05,1.025474601106334850e-02
9.331574802649558187e-01,2.687078705374728455e-02,1.823112331957674886e-03,3.705795157034909553e-05,3.811156239776890275e-02
9.888745751162953956e-01,4.620828409486326359e-03,2.565925371754020187e-04,8.604820703515832480e-06,6.239399116339317160e-03
9.900249280740349711e-01,4.758989562888426769e-03,3.098276069092976526e-04,1.050022328318603611e-05,4.895754532884083639e-03
9.764294680585505759e-01,1.747097121090972552e-02,1.055031445042192446e-03,1.866943478883294839e-05,5.025859850708788712e-03
9.508038059204680925e-01,3.683593437841757579e-02,1.619693114963779773e-03,2.782235512976552548e-05,1.071274423102072139e-02
9.522721356403878179e-01,3.853094964330349564e-02,2.273152504998690072e-03,3.088799076120338232e-05,6.892874220548902281e-03
9.842538156510280967e-01,1.265040144566254715e-02,9.679269367836224915e-04,1.726182226522415735e-05,2.110594144260574331e-03
9.486415045366658472e-01,4.325743839503759514e-02,4.187426202601699475e-03,4.808581273844954990e-05,3.865545052956181719e-03
9.005834903999675456e-01,8.313753962230049921e-02,1.288171287406148988e-02,1.207167949751444304e-04,3.276540308695387056e-03
8.616798297392203043e-01,1.120533458136926119e-01,1.833965136646398611e-02,1.775727768865530815e-04,7.749600303736475793e-03
9.058006131907856417e-01,7.926783420809960234e-02,9.283156427720956616e-03,1.276556478404858297e-04,5.520740525553142347e-03
9.396513227966124537e-01,5.143360950518933300e-02,5.509851577634538797e-03,8.477246176994203441e-05,3.320443658793507339e-03
9.735879505595863570e-01,2.267818483102955474e-02,2.110002029024136538e-03,3.214648570808383325e-05,1.591716094651990203e-03
9.698069018219817039e-01,2.518613440071304846e-02,2.885550756120030917e-03,4.164782477681301833e-05,2.079765196408620183e-03
9.950467287889525059e-01,4.128938358999903989e-03,3.988364741417370091e-04,9.242947883765640071e-06,4.162534300220104596e-04
9.928530463185347710e-01,6.064522277215463400e-03,6.570537820540106339e-04,1.266258666988267390e-05,4.127150355258568551e-04
9.354106924857754635e-01,5.775330401175569200e-02,5.139508124408513970e-03,4.425275982059743393e-05,1.652242618239674029e-03
8.337839934165055533e-01,1.418011332848960748e-01,2.178857547114870785e-02,1.182392616648483082e-04,2.508058565784711258e-03
9.713982674901782133e-01,2.355975049375037475e-02,4.043487452349199020e-03,6.149763751074022677e-05,9.369969262114269436e-04
9.633139269104077362e-01,3.139050827324847692e-02,3.365155485537006750e-03,6.588967665112893245e-05,1.864519654155541613e-03
9.914781350534163096e-01,7.149447281290400441e-03,8.375789416256103391e-04,2.668823475227484905e-05,5.081504889155888599e-04
9.960540925068513962e-01,3.347011491171818058e-03,4.052508725881650924e-04,1.601894672280570190e-05,1.776261826657780213e-04
9.969982649504144367e-01,2.521298569926774119e-03,3.688784615305959144e-04,1.272126589013947774e-05,9.883675223802909659e-05
9.985137230337471914e-01,1.288627855801744229e-03,1.283898116882381546e-04,6.793178142132500665e-06,6.246612062063654745e-05
9.981807402622545622e-01,1.592578887496972273e-03,1.543443764116188320e-04,8.233977724208211226e-06,6.410249611253316597e-05
9.974147947289035976e-01,2.314755124775632472e-03,1.876323968068397416e-04,1.073328231247001901e-05,7.208446720146848106e-05
9.899913923399593640e-01,9.115535604573612657e-03,6.112910908482056122e-04,2.563462987184644828e-05,2.561463347469162860e-04
9.974680913740801014e-01,2.233710799601738416e-03,1.312634156679765539e-04,7.643362969386720710e-06,1.592910476806854261e-04
9.964155708517006271e-01,3.210986571606863280e-03,1.999264281040565277e-04,1.084407069386514459e-05,1.626720778945842734e-04
9.984338275586238654e-01,1.390657376043471973e-03,9.981247491044891059e-05,6.184079452923076397e-06,6.951851096924629232e-05
9.989603499330053094e-01,9.169913884915176314e-04,5.879165723442291125e-05,5.013785265950810982e-06,5.885323600281636359e-05
9.994293874896128527e-01,4.959710995963900531e-04,3.468985192895304145e-05,3.155027674564967252e-06,3.679653118731384575e-05
9.958369694935483851e-01,3.856607580062021163e-03,1.530111187845241980e-04,9.805875227629976123e-06,1.436059323774000775e-04
9.961555165379434307e-01,3.466414070142322633e-03,2.349147434059363319e-04,1.133841804964884193e-05,1.318162304587586436e-04
9.922428329675950787e-01,6.991228331464937468e-03,5.675268204981529820e-04,1.844032075998276987e-05,1.799715596818825876e-04
9.891234791198780796e-01,9.853056717267352077e-03,6.614364719134343835e-04,1.957681906391572449e-05,3.424508718772412510e-04
9.893953453003840881e-01,9.154178613964711331e-03,6.342422430025845565e-04,2.665474782668380335e-05,7.895790948220497317e-04
9.945022709759578916e-01,4.616580314661605268e-03,3.916861762769523756e-04,2.118274178550351696e-05,4.682797913181450098e-04
9.928234728738193349e-01,6.005359571272988160e-03,5.448855283664900441e-04,2.815275411615301824e-05,5.981292724250507039e-04
9.944464915967606844e-01,4.633360136597346711e-03,5.279378431773662766e-04,2.303115980261410430e-05,3.691792636618060623e-04
9.966568350033122581e-01,2.857133257372396814e-03,3.010435455898966906e-04,1.424860129395239513e-05,1.707395924315010930e-04
9.946137485687781554e-01,4.799710488723736394e-03,3.565474323185065415e-04,1.697733894719695295e-05,2.130161712324916544e-04
9.967471783133537988e-01,2.776925722389743476e-03,3.222791255534055311e-04,1.717911483705050594e-05,1.364377238659735859e-04
9.994087250697583080e-01,4.989840169946558506e-04,5.307164501201246370e-05,3.858104414984476413e-06,3.536116381985590358e-05
9.995848476919995118e-01,3.507228450436677253e-04,2.698407249142789730e-05,2.881277464205942338e-06,3.456411300115968182e-05
9.993570665770169503e-01,5.476141695074714056e-04,3.562784130117969831e-05,3.778888349109284957e-06,5.591252382516896012e-05
9.986933413770281431e-01,1.147509433082232085e-03,8.523915906553235385e-05,7.951640120409463432e-06,6.595839070367604418e-05
9.988303680036401122e-01,1.025964314520754145e-03,9.092901629112138870e-05,6.592996446305158278e-06,4.614566910161059028e-05
9.991448321925123777e-01,7.594588670368046220e-04,5.594791297021818165e-05,3.875247907541678424e-06,3.588577957298517171e-05
9.978221218315997953e-01,1.993741551740496869e-03,1.082009733789327275e-04,6.079360369666349278e-06,6.985628291117765602e-05
9.973351101562113463e-01,2.450051312731656942e-03,1.268745497550422896e-04,6.406250262026292080e-06,8.155773104004683505e-05
9.967313260041424927e-01,3.011067739996702020e-03,1.471566408699218130e-04,8.835500600677494219e-06,1.016141143902071791e-04
9.984620949180970095e-01,1.381829717485893397e-03,7.248764227722368728e-05,4.946525734872211379e-06,7.864119640502979412e-05
9.991809649598645260e-01,7.171462833720527053e-04,3.692599250106122521e-05,3.155695137837221933e-06,6.180706912441920092e-05
9.993769101376858144e-01,5.202984701149494491e-04,5.678400440174829751e-05,3.696727231440842853e-06,4.231066056598963650e-05
9.980081135729956809e-01,1.654790284973333509e-03,2.347931365482109570e-04,9.204029772841268350e-06,9.309897570984108331e-05
9.987722607952292941e-01,1.002553232039164570e-03,1.454818826767493309e-04,1.197131414379247916e-05,6.773277591099466973e-05
9.990286369500058772e-01,7.454447670278200027e-04,1.304401734183895166e-04,1.248068641451833318e-05,8.299742313343995317e-05
9.926475885473610150e-01,5.462973974895499706e-03,1.146822889158687032e-03,7.563535575803184241e-05,6.669792328266042946e-04
9.936443137894375166e-01,4.521535577964763859e-03,1.113314464506991695e-03,6.190649789489640004e-05,6.589296701956382906e-04
9.971127089008384736e-01,2.251620835254498562e-03,4.212163846436482858e-04,2.110319887621578289e-05,1.933506803870755481e-04
9.947043133650458335e-01,3.811318253342968303e-03,6.708692486261452152e-04,3.566220386191716645e-05,7.778369291230443012e-04
9.640745437066536860e-01,2.616673089903651106e-02,6.485093429811582093e-03,1.553878421871038231e-04,3.118244122311205919e-03
9.723634905726260547e-01,1.060368528093487764e-02,9.868748226909432320e-03,4.008958096829205535e-04,6.763180109846687015e-03
9.695694754198204146e-01,1.205478820118036434e-02,1.197091386766251445e-02,5.640956466855267691e-04,5.840726864651255186e-03
9.730257814512734971e-01,6.954252339534193472e-03,7.431544189377887501e-03,4.539033651411809303e-04,1.213451865467345993e-02
9.172465077938167788e-01,2.837746451381951973e-02,3.951916724731689007e-02,2.068664429826522905e-03,1.278819601522051923e-02
8.819016789303040227e-01,3.517804990231363643e-02,7.352697485619988371e-02,3.201127838401939246e-03,6.192168472780448102e-03
9.254534458881263914e-01,2.360640243903596933e-02,3.913367828158469813e-02,3.518017279356208324e-03,8.288456111896718922e-03
8.647529126612689687e-01,2.191135154029491203e-02,9.220916300776149654e-02,1.557525564603286575e-02,5.551317144641881862e-03
9.567169358761890008e-01,1.052214666731596422e-02,2.291150762523529519e-02,2.473237623304395602e-03,7.376172207955605277e-03
9.155471327338273735e-01,1.038480014048000569e-02,5.399897138687748815e-02,1.652228494882961723e-02,3.546810789985442580e-03
8.444621087559944783e-01,2.502478546366041293e-02,1.076085258365240271e-01,1.704705078271825935e-02,5.857529161102851753e-03
8.567084620295362107e-01,4.897105729099106297e-02,8.410916439837444469e-02,4.955205836608022295e-03,5.256110444490361654e-03
8.907771882069497327e-01,1.779394677038151351e-02,7.867607514731921048e-02,9.061340523868357741e-03,3.691449351481374680e-03
6.805583256365921319e-01,9.829788201602708553e-02,1.983692776488796827e-01,3.304164945352442220e-03,1.947034975314849981e-02
4.761606981716776654e-01,1.237383715349712338e-01,3.722787997613969391e-01,1.886309164331872188e-03,2.593582136762235743e-02
7.118419341569921510e-01,5.376416030042999172e-02,1.564330439935509021e-01,1.735138537132557834e-03,7.622572301189453614e-02
6.347878708473493337e-01,9.361922965889632464e-02,2.057552558586071279e-01,1.059504028633640555e-03,6.477813960651357394e-02
7.836014994192673777e-01,2.622808108891386963e-02,5.287283187158160064e-02,6.412048717232923280e-04,1.366563827485138827e-01
6.495192809741324735e-01,7.601518016835902281e-02,1.232896412962569133e-01,6.374740736963620171e-04,1.505384234875552785e-01
6.536730518430334813e-01,6.643454351018290849e-02,1.135850288776878159e-01,5.521123121216703084e-04,1.657552634569742500e-01
7.786933360486805178e-01,4.189641958498316332e-02,7.885880365155045757e-02,3.215678050422467659e-04,1.002298729097437502e-01
8.765517181975788219e-01,2.047621063207366240e-02,2.830556412920539819e-02,1.856534788857053752e-04,7.448085356225633835e-02
7.748646840270339009e-01,9.497878833993747549e-02,3.646339486352877940e-02,1.609123588463096620e-04,9.353222041065355208e-02
6.927399439651877877e-01,1.121145226156435304e-01,1.197706914602906236e-01,2.750959358541149005e-04,7.509974602302381397e-02
8.961300629352788594e-01,4.142790800285924002e-02,4.614077495101023135e-02,1.872353423981127708e-04,1.611401876845356546e-02
8.845296310582768662e-01,2.619166207314333264e-02,5.733983746933923181e-02,4.743392094234344315e-04,3.146453018981694438e-02
6.084846270104317112e-01,3.206174495699948973e-02,1.459580772989241826e-01,1.792337632252968046e-03,2.117032131013916185e-01
5.967015626006669793e-01,1.718013173992166340e-02,1.407846011739367353e-01,3.142094663034234511e-03,2.421916098224403679e-01
5.102392097781169866e-01,1.194811725756730197e-02,3.026422036604277388e-02,9.077673637205288179e-04,4.466406852345523593e-01
6.120312688030195014e-01,1.067774834238205926e-02,2.331088193315243584e-02,5.812620216399721823e-04,3.533988388998061114e-01
4.750358371979612193e-01,3.515082004272158944e-02,6.226333295312335564e-02,7.351925651951624454e-04,4.268148172409987895e-01
5.213492291709267423e-01,1.642030620004818545e-02,3.185503531174184444e-02,4.756909834204815714e-04,4.298997383338627465e-01
6.096946312817654867e-01,2.367919735304671244e-02,8.933959926444229316e-02,9.052907960754624957e-04,2.763812813046699346e-01
5.930658557835699618e-01,2.569554036756866930e-02,9.479115577938264370e-02,7.828512779993908582e-04,2.856645967914792084e-01
6.080055512055526634e-01,1.329948388662971839e-02,8.474230052238983235e-02,1.326205922301190504e-03,2.926264584631266263e-01
5.597277317731667035e-01,1.908270434941615121e-02,9.142127964440335819e-02,1.708461658879198257e-03,3.280598225741345186e-01
5.102990458359706327e-01,2.046266669982496622e-02,6.118379698890143853e-02,7.703170184966096979e-04,4.072841734568065086e-01
4.719695325072800762e-01,1.602684170640686009e-02,5.847823204455385171e-02,6.383108791628340105e-04,4.528870828625963241e-01
4.163140113008867438e-01,3.364180437858213524e-02,1.252311719393584821e-01,1.368798217263303115e-03,4.234442141639091495e-01
4.301635228107106301e-01,8.821697239376310312e-03,4.175200207928778107e-02,7.919613785132476437e-04,5.184708164921120188e-01
3.983556650136794164e-01,2.020173441577429244e-02,1.721294424317447169e-01,2.069384135273966141e-03,4.072437740035276810e-01
3.379017395589272166e-01,2.256474801352166895e-02,1.980155298475601566e-01,2.722551459406689911e-03,4.387954311205842783e-01
3.331792425221221099e-01,2.927514380988101295e-02,1.877150547302138539e-01,1.939518371223013368e-03,4.478910405665600392e-01
2.965409964754102123e-01,1.865360141795118290e-02,1.656480840056392678e-01,1.820785304169834397e-03,5.173365327968295624e-01
2.809188374704760793e-01,2.754108334651600085e-02,1.350943525775437637e-01,1.246509726210976799e-03,5.551992168792531102e-01
2.985779633346191120e-01,3.521221774438278163e-02,2.265350001219387510e-01,2.092752244760868498e-03,4.375820665542984877e-01
2.521171083619728748e-01,4.127557069757186586e-02,1.813877748220972808e-01,1.470358854712827592e-03,5.237491872636451662e-01
3.505353066581141097e-01,6.106159731165170662e-02,2.470770720588275071e-01,2.140488315514164561e-03,3.391855356558924339e-01
5.529168623478299960e-01,6.800866804520248887e-02,1.332353388789306869e-01,1.100004796730856983e-03,2.447391259313059508e-01
5.285258733821641686e-01,9.746167748734731184e-02,2.079276595904184788e-01,1.172144196595906185e-03,1.649126453434742456e-01
2.497630555049399348e-01,7.827931565057261176e-02,3.936148993582905820e-01,2.109667484344364061e-03,2.762330620018525473e-01
1.808343506095511366e-01,9.755757392800815109e-02,4.309777108591349992e-01,1.579095478210977956e-03,2.890512691250947674e-01
3.181496514637635609e-01,6.071486627972978722e-02,3.433134647096075520e-01,1.665303357627628388e-03,2.761567141892715682e-01
2.071185383430912963e-01,5.733803933654765816e-02,2.989272532442592278e-01,1.643183708274636523e-03,4.349729853678270808e-01
2.131918991137917441e-01,4.913337165302918141e-02,3.224395408014897324e-01,2.335774971406220316e-03,4.128994134602831378e-01
1.918065121815678564e-01,5.316767536670233274e-02,3.564656350753749314e-01,1.849624289496434220e-03,3.967105530868584862e-01
1.239233219784195150e-01,4.950280294570818390e-02,3.309975500820838690e-01,1.592907922785142096e-03,4.939834170710032946e-01
2.087221596321073014e-01,5.654096153294035226e-02,1.783155054692314723e-01,6.782495150764138300e-04,5.557431238506442828e-01
1.674472194867235308e-01,8.721245733588781079e-02,2.866675996182626029e-01,8.543617860582354171e-04,4.578183617730677835e-01
7.926443342260018621e-02,5.602221721800679927e-02,4.938362936401402004e-01,1.798933165896665284e-03,3.690781225533562582e-01
4.698439683288991447e-02,5.016134293363502805e-02,5.248928430693974301e-01,1.651739858515983723e-03,3.763096773055616406e-01
2.635071196573308613e-02,5.741681057064496746e-02,5.217374998506716377e-01,1.278713363065028460e-03,3.932162642498852612e-01
4.616338139919003158e-02,4.418944895700960968e-02,4.980584636182653346e-01,1.140115694633504501e-03,4.104485903309014749e-01
6.392495417384491674e-02,5.361575555540549348e-02,4.151235062426873457e-01,1.315067758829592537e-03,4.660207162692327487e-01
1.228396099459956453e-01,6.144023023825132684e-02,4.099312280097242578e-01,1.494268681548962868e-03,4.042946631244799249e-01
1.461329841603463964e-01,6.421176561924003823e-02,3.728161813571642669e-01,1.300543310816497681e-03,4.155385255524328136e-01
1.464855753370162272e-01,4.913886305041998553e-02,3.022381461338747299e-01,1.691009401430447522e-03,5.004464060772586542e-01
6.456991766219055684e-02,5.053641624374074354e-02,3.908710259826954636e-01,1.702338878778625244e-03,4.923203012325946260e-01
1.122093194726205695e-01,6.921034735007317029e-02,3.026578629332173365e-01,1.078168449117350956e-03,5.148443017949716483e-01
8.114964519104395091e-02,5.390385751244303886e-02,3.961134693289064534e-01,1.183820642551255183e-03,4.676492073250553272e-01
6.542458082967511634e-02,5.719768047953876361e-02,4.884973287328353009e-01,1.293755673368067634e-03,3.875866542845828322e-01
1.170446187076275985e-01,5.563786429333787004e-02,4.671412011179449930e-01,1.689721010121322982e-03,3.584865948709682337e-01
1.209617736602908444e-01,8.620662062812950444e-02,4.386427284032732854e-01,1.411395394653168402e-03,3.527774819136531570e-01
9.512687297633204420e-02,6.832703922456595524e-02,3.417087753965038499e-01,1.040069380748737463e-03,4.937972430218493525e-01
1.724694626794862351e-01,6.939683615464593835e-02,3.757425743131040385e-01,1.631986505486251581e-03,3.807591403472774250e-01
3.610101423666680631e-01,1.078470006847315477e-01,2.515770635963510693e-01,7.877065507900559219e-04,2.787780868014592683e-01
3.366875439080996846e-01,7.981492498941682168e-02,3.477216901582001474e-01,1.642768444736426251e-03,2.341330724995469015e-01
2.040968172749224041e-01,8.234011644836486399e-02,4.099849714038890092e-01,1.483863432741888309e-03,3.020942314400817952e-01
1.654041001650791709e-01,6.084371879132538519e-02,1.794414852319841380e-01,6.694876698268042341e-04,5.936412081417845599e-01
3.168462424921368870e-01,4.636663219897563942e-02,1.058063316520731906e-01,7.999678827786386613e-04,5.301808257740355801e-01
3.217215105164467626e-01,3.387481954449347160e-02,9.605282771738317404e-02,7.212911998625754807e-04,5.476295510218140983e-01
4.093937450517929344e-01,5.341815981476802366e-02,6.270238731540012100e-02,3.287353707021003937e-04,4.741569724473367886e-01
1.874048602788498108e-01,1.250992167120579812e-01,1.715812785281680131e-01,4.526776466185503328e-04,5.154619668343056738e-01
1.101539345759369737e-01,8.185789867341396187e-02,4.460166528606827052e-01,1.000642075248510269e-03,3.609708718147177642e-01
3.207447501810796187e-01,6.958121127652835969e-02,2.051625199476242445e-01,8.456484974979028508e-04,4.036658700972699521e-01
3.014326252860911604e-01,7.267251329135096527e-02,1.704207906538403039e-01,6.765210861840529732e-04,4.547975496825334973e-01
1.279649272387109737e-01,9.543161218806661683e-02,3.675501548070554403e-01,9.852412408669999379e-04,4.080680645252999228e-01
1.155427331588565892e-01,9.348406276159328121e-02,2.329940903564390875e-01,8.051786054635725427e-04,5.571739351176474564e-01
1.344968176280663119e-01,1.180966960805110988e-01,2.372812536960947627e-01,7.468206805816316688e-04,5.093784119147461986e-01
2.801101032797090329e-01,1.217203019633540939e-01,1.919417613179876247e-01,8.175928058367319933e-04,4.054102406331125397e-01
2.262688355561225384e-01,8.728720724615829374e-02,9.354717341313861789e-02,4.489403699086768175e-04,5.924478434146719374e-01
2.415340263645142926e-01,1.286889615831454947e-01,6.458484416898760405e-02,2.461099369802855668e-04,5.649460579463724264e-01
2.493607558100020549e-01,8.615412629328779437e-02,3.300569879970013942e-01,1.519351568837600235e-03,3.329087783308711801e-01
1.963213708916277112e-01,4.643707043320037531e-02,3.755668126209433244e-01,1.884095960151742095e-03,3.797906500940767538e-01
1.773089643093689327e-01,1.046693366524090452e-01,3.462960065562591394e-01,1.464604592087243376e-03,3.702610878898756619e-01
1.428962617484493269e-01,8.552856399183948743e-02,1.505713744034925528e-01,5.468608681635954080e-04,6.204569389880550956e-01
2.380875632598702385e-01,8.689289414304013359e-02,2.025505162181269747e-01,6.453357738491812684e-04,4.718236906051133661e-01
3.818058013676984275e-01,6.356363243716246780e-02,2.892600668879188874e-01,2.885452656016859047e-03,2.624850466512033687e-01
3.940317134432364532e-01,4.176252923297790742e-02,1.849680874722993695e-01,1.927626550552912930e-03,3.773100433009333732e-01
3.209961366356685053e-01,4.310553763808216282e-02,3.660894575298794806e-01,4.733103481903457033e-03,2.650757647144664220e-01
