4.373463319870419808e-01,1.739297230135662675e-02,1.455060958940445903e-01,3.848807553027182582e-01,1.487384451483851275e-02
9.605718710572841434e-01,1.546467779253177938e-02,1.547711743402018295e-02,5.382212109852011969e-03,3.104121606311817643e-03
9.446142031052844334e-01,3.758923615627340897e-02,1.201696815073587457e-02,1.063927983930738853e-03,4.715664603775674042e-03
9.006432476392627340e-01,6.753757917938979505e-02,2.301132287860032516e-02,5.766692891845446147e-04,8.231181013562526710e-03
8.965175950398033278e-01,3.903104377363268707e-02,2.905113469799630588e-02,2.030679372753970563e-03,3.336954711581372607e-02
6.466861280484508256e-01,1.187087256221814602e-01,1.671610988295880729e-01,5.875420745364170680e-03,6.156862675441544114e-02
6.160627383131518364e-01,1.199162364721818308e-01,2.199601999142627440e-01,8.325570267130539062e-03,3.573525503327307229e-02
5.319294522121267299e-01,1.025105351473069998e-01,3.287379024164182040e-01,2.236774740893487240e-02,1.445436281521323384e-02
7.570235478735259926e-01,8.977653683481215396e-02,1.391657946108567356e-01,4.183646242348909236e-03,9.850474438456177304e-03
6.989839733091480767e-01,7.860396490989106366e-02,1.348026319090833702e-01,4.090449414682274104e-03,8.351898045719528818e-02
3.709367702037772441e-01,2.167363627479909627e-01,3.135777253362089789e-01,3.647005061317120257e-03,9.510213665070578470e-02
2.430282433106838169e-01,1.949212069053071483e-01,4.895906282127777676e-01,3.830008189288085403e-03,6.862991338194310287e-02
2.909512856333697495e-01,2.679462847177036533e-01,3.009309114775057248e-01,2.502766231406171587e-03,1.376687519400146831e-01
4.265110810108824202e-01,2.129682108179090372e-01,2.407904963422391464e-01,2.510649506291656383e-03,1.172195623226777034e-01
2.257229246059966332e-01,2.794032572473293952e-01,4.330396331492561424e-01,4.374291153426330438e-03,5.745989384399164540e-02
1.239512717276128051e-01,3.797299892457935422e-01,4.197336603606776073e-01,2.492287318744350506e-03,7.409279134717172699e-02
1.350950550294843511e-01,3.325693607452407941e-01,4.563625988021586255e-01,3.736564782465542824e-03,7.223642064065073642e-02
1.933291259482985691e-01,2.332102019964807926e-01,4.733067444818407354e-01,5.526998570938326111e-03,9.462692900244157324e-02
8.913860227067517128e-01,3.724372736688056490e-02,4.965707711937840385e-02,1.470621629625853272e-03,2.024255117736370457e-02
9.644257063809640318e-01,1.727169088081191919e-02,1.504776529384140200e-02,3.705053136570056731e-04,2.884332130725667572e-03
9.634046241169768043e-01,1.388838972914302472e-02,1.911608357995956547e-02,3.856570168541890759e-04,3.205245557066551971e-03
8.418745508760820950e-01,5.025908520628064730e-02,1.032536635716387874e-01,1.928077199357626807e-03,2.684623146640890100e-03
8.073148162549066420e-01,7.388165534383403510e-02,1.123440378963461578e-01,2.102524632424761578e-03,4.356965872488445177e-03
9.091272321873695716e-01,3.547862343209768482e-02,5.174863085300659277e-02,9.498209372557569292e-04,2.695692590270341252e-03
9.167815124034959240e-01,4.732282058247441053e-02,3.197475565478893195e-02,3.999993615682076150e-04,3.520911997672447093e-03
9.664317611803163732e-01,2.076256880380496217e-02,1.108569760212962940e-02,2.330808260481121938e-04,1.486891587700902434e-03
8.481226108620694148e-01,9.944215616582439965e-02,4.875669024751851099e-02,6.453412616773991639e-04,3.033201462910254092e-03
7.080290481019830828e-01,1.997354038437756940e-01,8.144531650230045494e-02,9.275223441104612230e-04,9.862709207830203453e-03
7.399643236725708118e-01,1.501423889523135491e-01,9.799731138927514351e-02,1.219779983026186105e-03,1.067619600281426336e-02
6.608867469543837636e-01,1.653763298566326700e-01,1.608081100551485565e-01,1.629565375657310517e-03,1.129924775817771690e-02
3.900342082481639272e-01,3.654445978603020340e-01,2.280776600366181406e-01,1.070026653476376707e-03,1.537350720143935111e-02
4.083334745655616271e-01,2.739940430273820615e-01,3.049679292349420368e-01,1.364750846088721948e-03,1.133980232602551340e-02
3.068291913025250062e-01,2.502650332431246571e-01,4.344890928393002061e-01,1.677774251299568760e-03,6.738908363750502860e-03
4.401029391978504846e-01,1.725988593764857804e-01,3.776352678784282713e-01,2.496990423560097733e-03,7.165943123675405993e-03
4.245196980851957402e-01,2.234097289628887706e-01,3.335775111971285845e-01,1.535622109910484735e-03,1.695743964487641045e-02
8.086418266419679313e-01,6.810910425406935254e-02,8.923631653524086160e-02,8.412336091992637759e-04,3.317151895952289570e-02
7.737883164021622795e-01,1.109673779355216522e-01,8.239469739088842171e-02,6.483150265394753723e-04,3.220129324488821276e-02
5.360620047101227748e-01,2.347725883948650893e-01,2.087975692075793310e-01,8.355051905262748284e-04,1.953233249690661255e-02
5.001644672998212249e-01,2.155225438636060586e-01,2.706805777553428771e-01,1.206219144352577112e-03,1.242619193687715881e-02
5.070559981363017554e-01,1.679505362843896343e-01,3.061833724198817497e-01,1.789448491058639188e-03,1.702064466836825454e-02
4.188792452344741735e-01,1.638701603478243118e-01,3.459468108892833627e-01,1.639207852877340964e-03,6.966457567554078245e-02
5.486673358663960443e-01,1.165621461247619561e-01,2.575027694955693280e-01,1.696632306422986378e-03,7.557111620684968389e-02
5.878029624638324568e-01,1.225401932793150350e-01,2.431938266976445551e-01,2.284214379728695659e-03,4.417880317947919799e-02
6.385178212957928201e-01,9.751886657824090920e-02,1.956681424443490191e-01,2.306014924683364060e-03,6.598915475693388488e-02
7.189093683621110564e-01,5.337423683661118162e-02,1.620723362331062400e-01,3.428061089172760364e-03,6.221599747899868998e-02
5.386530571771090958e-01,7.916661000913574608e-02,2.738277121350466414e-01,4.015986321707060332e-03,1.043366343570014260e-01
3.808907569580634034e-01,1.180292634694071197e-01,2.989126220538902978e-01,3.502662724738526273e-03,1.986646947939007812e-01
2.493016629347667712e-01,1.345198833116045545e-01,4.283268773802531570e-01,2.658368064544152937e-03,1.851932083088313474e-01
2.780259715287437539e-01,1.600979567826600336e-01,3.324730467174873971e-01,2.910563375867331309e-03,2.264924615952414733e-01
1.639250646072160644e-01,2.143991423196183188e-01,2.562239532435477418e-01,1.140453379228750655e-03,3.643113864503891297e-01
2.904171983254228984e-01,1.783670029528352519e-01,2.217440478032590423e-01,2.190650296678657051e-03,3.072811006218040819e-01
2.250126899297782979e-01,1.993480316479871450e-01,4.127424911800354757e-01,3.278166522304231442e-03,1.596186207198948548e-01
2.192271010216756966e-01,1.602215099808103893e-01,4.896118836934431062e-01,3.028870886706429549e-03,1.279106344173643883e-01
2.833137990828317188e-01,1.443285445057115035e-01,3.468519850100507118e-01,2.233599342587018390e-03,2.232720720588190211e-01
2.317368583085361866e-01,1.144224490960992630e-01,5.197662136862910565e-01,5.038362207343131602e-03,1.290361167017303745e-01
1.326703850237560267e-01,1.047336299330474257e-01,5.286121743621582381e-01,4.310550150811623404e-03,2.296732605302267416e-01
1.283711526190942920e-01,5.419716111485420318e-02,6.440285373095396837e-01,7.212786116097834148e-03,1.661903628404141353e-01
2.263154713070577861e-01,7.832555596758297711e-02,4.630662834886053458e-01,6.201494312415943046e-03,2.260911949243379349e-01
1.605678556961541714e-01,8.870390162210595175e-02,4.057425090096085096e-01,4.453701664813885380e-03,3.405320320073175755e-01
2.948222149831949412e-01,8.732406509194234889e-02,1.526376270427453330e-01,3.004969459208068835e-03,4.622111234229092647e-01
1.401238912272197989e-01,6.301350519768743330e-02,1.003987170073612351e-01,1.379520585604218945e-03,6.950843659821274167e-01
1.500758581118337986e-01,6.588562436294577440e-02,1.474402749671143986e-01,2.492647438828798565e-03,6.341055951192771101e-01
1.008030164043206695e-01,6.078025899013293765e-02,8.626606239627575279e-02,1.138428171769381627e-03,7.510122340375011696e-01
1.303639109245972594e-01,2.988085351900206244e-02,3.259306419905673435e-02,6.841994944360688287e-04,8.064779718629079275e-01
1.816130747173275439e-01,1.452049824086113980e-02,9.625309123394164973e-03,2.272910260362553080e-04,7.940138268923809806e-01
2.875870115919512138e-01,2.482130533773311762e-02,2.077158966757803801e-02,6.610207464315764978e-04,6.661590726563061393e-01
5.749737491048999560e-01,2.848771350937075175e-02,2.823294691603481926e-02,8.650310074281112325e-04,3.674405594622665028e-01
5.581235853197026309e-01,5.267797264071306940e-02,6.059686759524969546e-02,1.663706273770224628e-03,3.269378681705641942e-01
2.863112933174490338e-01,7.768777819114462690e-02,1.059229718477524701e-01,2.286624648369641084e-03,5.277913319952842741e-01
2.177093915935394142e-01,4.143542945013761747e-02,5.559971131388252719e-02,1.318769833459553344e-03,6.839366978089809201e-01
1.565257219466369421e-01,2.517575411812390460e-02,2.833961083972847544e-02,6.932097652063307774e-04,7.892657033303043246e-01
8.617832645742617981e-02,1.883419583009169132e-02,1.077772640176995547e-02,1.958069654018151863e-04,8.840139443453105539e-01
9.975478659855346875e-02,1.967458354151819730e-02,1.242083222731404403e-02,2.344332427980066178e-04,8.679153643898164239e-01
9.621862426243153743e-02,1.857849393039635172e-02,7.131576540543195855e-03,1.121024121230637487e-04,8.779592028545059046e-01
1.467300048573040028e-01,2.294612593740515127e-02,1.321848266942989882e-02,3.427990493502297629e-04,8.167625874865107605e-01
9.634639106998814373e-02,1.233625584192255854e-02,4.629038953747992291e-03,9.274498718179257435e-05,8.865955691471596456e-01
8.306897082241070096e-02,1.444943220721357953e-02,4.704850807090012882e-03,7.707051199126084898e-05,8.976996756512943820e-01
1.563671207622898129e-01,1.472058560362239990e-02,5.038695143172066369e-03,1.513351835349591222e-04,8.237222633073807421e-01
7.379390927287030055e-02,8.149682860903697396e-03,2.501583110080836305e-03,1.028101502887949722e-04,9.154520146058563457e-01
6.960197463378499372e-02,5.520949017077963865e-03,1.968394389101905690e-03,7.876476291249803448e-05,9.228299171971225956e-01
5.646335747439334279e-02,7.428086702164808479e-03,2.597050474510550263e-03,9.063961233201423332e-05,9.334208657365993256e-01
1.644094699501529727e-02,3.337143595625561773e-03,9.970582536057176915e-04,3.799915437807416686e-05,9.791868520013753407e-01
3.482297560378774803e-02,3.326474183047778595e-03,1.177507636424333969e-03,6.665925178453298804e-05,9.606063833249557371e-01
1.741227929165619498e-02,4.710963940012465739e-03,2.430465823488085590e-03,1.104791693950687022e-04,9.753358117754481471e-01
4.260722882726673821e-02,1.827754991794679207e-02,8.047030850234422952e-03,1.729033118302721560e-04,9.308952870927217349e-01
1.564551758491496136e-01,3.106069023687624622e-02,1.060116867194254610e-02,2.223310498085122235e-04,8.016606341922231094e-01
1.161867470611166048e-01,9.352325034000395776e-02,7.365621111076023353e-02,8.784305101197497495e-04,7.157553609779994108e-01
6.526579369075881376e-02,1.176814376102687520e-01,1.425723907005865820e-01,1.289837516062790649e-03,6.731905404823229633e-01
7.005355526090517593e-02,1.564794673742587738e-01,2.629361167870706284e-01,1.923428517766859799e-03,5.086074320599986986e-01
8.479111842603362370e-02,1.246000819122637659e-01,1.633262200513042883e-01,1.875646217015054708e-03,6.254069333933832686e-01
6.219033299175572710e-02,7.978277017722566755e-02,1.924292766199321436e-01,3.802696680649147662e-03,6.617949235304373401e-01
3.544039607378886292e-02,5.823480619690326460e-02,1.193510769287149942e-01,1.649481359161819160e-03,7.853242394414311489e-01
5.835620635984298948e-02,1.008801340813148678e-01,1.724724680385866793e-01,1.474482302394736037e-03,6.668167092178608479e-01
2.590136929463343965e-02,7.939237000485060980e-02,2.277888649106404872e-01,1.632141106307430454e-03,6.652852546835680281e-01
2.738481166203616049e-02,6.678742781072136148e-02,2.219421886066456073e-01,1.545324124154451957e-03,6.823402477964424229e-01
2.256862660905676124e-02,3.532807116037110784e-02,1.988546289241557852e-01,2.054144152928378663e-03,7.411945291534877134e-01
6.225220341050171496e-02,2.535304192591666950e-02,8.279474797042915557e-02,1.686824739690869716e-03,8.279131819534615300e-01
4.390742968024206883e-02,3.373324197529217749e-02,8.543948877175484846e-02,1.901963936992333553e-03,8.350178756357184984e-01
5.186439666956814409e-02,3.185172154223658153e-02,8.067538958420937545e-02,2.349873444849949131e-03,8.332586187591358717e-01
2.838086400671204976e-02,2.712196976532202028e-02,8.285084328025818512e-02,2.243149254056086769e-03,8.594031736936516008e-01
2.019592235792451104e-02,2.497933616115114233e-02,5.762107924312704493e-02,1.454249182139969896e-03,8.957494130556573619e-01
5.883324920863631374e-02,4.023960403878786701e-02,1.051795024637760950e-01,2.236455609161973942e-03,7.935111886796377689e-01
2.255246275208462256e-02,1.631226131601656165e-02,2.744734673657614477e-02,6.354005203832800274e-04,9.330525286749392633e-01
3.386607943155083011e-02,2.908237768400814480e-02,5.041791235436759305e-02,1.370058663061781866e-03,8.852635718670115450e-01
1.443510896549458355e-01,4.380224976294235656e-02,4.052118409613241629e-02,1.527429909571349949e-03,7.697980465764080460e-01
1.308941211542015426e-01,3.861433626266741470e-02,8.540274133305890414e-02,3.492278840396868551e-03,7.415965224096752184e-01
1.070232842764133191e-01,3.051738695465452608e-02,5.754811943859200474e-02,2.158390244194024858e-03,8.027528190861460411e-01
7.675608032948363912e-02,4.166539152167041127e-02,1.391996862142361180e-01,3.855374199075810478e-03,7.385234677355340116e-01
1.674489658614149723e-01,4.171084500836103742e-02,2.252523556004756289e-01,5.555369469837223052e-03,5.600324640599111392e-01
8.041778080152413299e-02,5.267409182734691941e-02,2.784932453326617874e-01,8.579716573699132723e-03,5.798351654647680986e-01
4.422674124111513477e-02,4.342679229172893840e-02,2.240230771535659249e-01,5.998947251090830553e-03,6.823244420624992035e-01
1.001326064602546528e-01,2.720301918287194864e-02,1.368349162980423139e-01,4.698998243485121191e-03,7.311304598153460788e-01
6.985570342072158767e-02,5.550744847942074706e-02,2.189253618294370041e-01,4.696453735098274525e-03,6.510150325353224465e-01
3.221372124512790480e-02,2.263763528710602616e-02,1.120626340655529463e-01,3.253381597662688939e-03,8.298326278045505822e-01
5.204701097453016262e-02,1.877919517662268722e-02,6.674207342266753884e-02,2.269206622870902166e-03,8.601625138033087703e-01
3.319764711924728245e-02,1.372983569437653123e-02,1.267733421235590630e-01,5.126905528814273798e-03,8.211722695340027967e-01
8.276423512067615507e-02,4.977477369742182994e-02,2.864449256040746405e-01,7.518513479449633746e-03,5.734975520983778274e-01
5.808200057623396501e-02,4.192727010895433426e-02,2.870263328023419658e-01,8.254516803972431968e-03,6.047098797084972110e-01
9.403070830940757352e-02,5.595296909875762531e-02,2.404997469664177656e-01,5.297665737875931376e-03,6.042189098875410114e-01
1.999120708471583130e-01,4.481722316527476241e-02,1.642344600075379968e-01,4.936856469806872108e-03,5.860993895102221130e-01
5.149235108411991113e-02,5.737790417139578686e-02,5.287182735623270347e-01,9.270090282887740937e-03,3.531413808992695524e-01
3.044247405895233669e-02,2.833771117659252339e-02,2.337007316461049145e-01,6.098551530891411360e-03,7.014205315874587621e-01
5.499316156132932898e-02,3.850025694721333214e-02,2.298767562292923783e-01,4.411349870444662702e-03,6.722184753917204159e-01
5.097248023834669017e-02,5.081101025199367960e-02,3.228275421247406851e-01,4.046728279310571504e-03,5.713422391056083294e-01
1.131590997860006109e-01,7.284619808032702371e-02,1.648889690026437982e-01,1.315723241117516774e-03,6.477900098899110892e-01
1.366206866688222665e-01,4.388695642701881394e-02,6.653842063974861609e-02,6.457680870101244891e-04,7.523081681774002050e-01
1.290572628142750700e-01,8.199123458446910817e-02,1.337489128788523773e-01,1.193465492502233331e-03,6.540091242299012064e-01
1.436057916409930468e-01,1.207202886173256440e-01,2.019252345790196745e-01,1.951783113393701884e-03,5.317969020492679944e-01
7.777148632898613079e-02,1.339004412147480338e-01,1.663157328964282311e-01,1.698619339648765447e-03,6.203137202201889355e-01
1.609122320400106776e-01,1.935086575853703916e-01,2.203392741182327863e-01,1.891366423060302946e-03,4.233484698333257468e-01
1.249197986059943921e-01,2.453140277336950670e-01,4.141927891057481381e-01,2.350197072297263712e-03,2.132231874822650974e-01
1.024062778873389284e-01,2.045539239884885951e-01,3.707634696846175970e-01,1.560884981957987375e-03,3.207154434575969493e-01
5.504190829925600936e-02,2.034693829789679387e-01,4.839318779319611297e-01,2.411014451304131171e-03,2.551458163385107447e-01
2.161642691348198558e-02,1.576707915316885311e-01,6.895729299954874714e-01,2.276393085900710409e-03,1.288634584734413002e-01
2.481467784324729170e-02,1.492513253518742422e-01,6.801351688976875476e-01,2.593552687309455713e-03,1.432052752198815226e-01
7.229618941390862641e-02,4.512735791410930203e-02,1.754899905146332095e-01,2.258359572091660650e-03,7.048281025852570769e-01
2.528428425696311321e-01,2.717497718208594301e-02,1.641944041447100100e-01,6.639690859886158113e-03,5.491480852436867455e-01
7.732172160068884192e-01,2.216436542703287965e-02,3.583560391375403831e-02,2.489768054194478174e-03,1.662930465981302397e-01
3.601546516050495583e-01,1.470123502340579813e-01,1.574917760262384836e-01,3.253034094149895479e-03,3.320881880405041064e-01
2.208057902109649695e-01,2.082553330940882866e-02,2.831112151326749607e-02,7.825578919037741660e-04,7.292749970744548671e-01
2.665292326281356594e-01,2.974661335994250450e-02,4.228040413184393914e-02,1.222577920110755681e-03,6.602211719599672124e-01
6.697029010213207956e-01,1.322234443906258015e-02,1.391959481686295963e-02,9.049811178530862456e-04,3.022501786049006656e-01
9.673957605036171969e-01,5.511772223057990333e-03,3.052730696495921728e-03,4.094530992567601982e-04,2.363028347757200817e-02
9.531607926870147018e-01,1.528923392410587272e-02,1.621197658126796032e-02,3.073881154567414085e-03,1.226411565304400333e-02
9.467574590955001312e-01,5.416199974196127427e-03,3.137727145310193009e-03,5.831317989205173861e-04,4.410548198607307929e-02
9.755205785825578069e-01,4.635192398681235379e-03,1.158789816557318202e-03,1.391835075775051177e-04,1.854625569462613199e-02
9.812862301996061465e-01,6.946648195748640099e-03,6.479986227973454863e-04,5.647937543846768085e-05,1.106264360640939193e-02
9.900987618718903871e-01,3.764965878410513056e-03,5.198239039959679127e-04,4.207769970970228520e-05,5.574370645993403234e-03
9.949888497333588822e-01,2.358513218375893339e-03,2.628017884847502631e-04,2.137951995923384813e-05,2.368455739821255686e-03
9.964963476013173338e-01,2.378033539706145543e-03,4.499086466193710060e-04,3.860563239078332180e-05,6.371045799662988264e-04
9.912415792047600815e-01,5.848519680982904555e-03,2.024125560282097943e-03,1.699527306638882139e-04,7.158228233111336427e-04
9.809812670779254340e-01,9.722345182861734728e-03,4.551941198335665920e-03,4.637618951843401009e-04,4.280684645692774300e-03
9.968059199209470256e-01,1.569163618690451890e-03,7.009228053656389604e-04,9.592260719251667850e-05,8.280710478043161633e-04
9.954284073130802435e-01,2.722774412511217747e-03,1.035990621201398785e-03,1.350470765653647624e-04,6.777805766416326698e-04
9.970072091567016015e-01,2.048799089752751258e-03,5.579331837093943081e-04,5.761836981005024770e-05,3.284402000262315736e-04
9.927153306967857471e-01,5.772891537604442347e-03,8.679408089181961947e-04,7.061668916259317933e-05,5.732202675287675214e-04
9.869079990055089624e-01,9.180254223742422698e-03,2.728759062182391920e-03,2.305533095090286629e-04,9.524343990572467153e-04
9.895497990724037018e-01,7.936767599806578491e-03,1.843314521518326114e-03,9.701238950604810086e-05,5.731064167652310344e-04
9.933950031799929636e-01,5.464366525743634406e-03,8.428827111061578834e-04,3.029628460478847290e-05,2.674512985524708699e-04
9.949109857200453266e-01,4.109007803089826869e-03,8.094820903184984885e-04,2.391145395513065953e-05,1.466129325912854311e-04
9.959351704943758543e-01,3.489547021724197489e-03,4.085794707903758196e-04,1.353660036658459247e-05,1.531664127429205064e-04
9.874521160919789153e-01,1.142779901304674661e-02,6.727128313837537309e-04,1.601823447078431874e-05,4.313538291198850956e-04
9.926435101357666824e-01,6.462501810412663028e-03,5.476412345619891594e-04,1.213255697625488015e-05,3.342142622824728626e-04
9.845049574949642501e-01,1.392535391447949703e-02,1.143654093777571453e-03,1.795675907293270646e-05,4.080777377056806301e-04
9.605178332505357464e-01,3.516855542676972785e-02,3.534219849527052339e-03,3.515250870703334393e-05,7.442389644605199505e-04
9.633826478730898035e-01,3.140065807896658123e-02,4.513827912746222124e-03,3.647350375625776518e-05,6.663926314410256865e-04
9.600939848168812407e-01,3.463586739608462417e-02,4.128244326010351191e-03,3.542026654425404477e-05,1.106483194479363288e-03
9.839231563878875209e-01,1.358078379572185378e-02,1.914866935217585759e-03,2.219640658184471530e-05,5.589964745910671554e-04
9.720978035729074263e-01,2.419518791180796935e-02,3.117993862309617701e-03,3.136665879022930930e-05,5.576479941848046674e-04
9.839277157522832162e-01,1.383691091181727534e-02,1.808235341975368213e-03,2.030070177125962920e-05,4.068372921528000071e-04
9.908336485628024271e-01,7.897332461095625186e-03,9.221528215394475579e-04,1.184997873089433357e-05,3.350161758316162405e-04
9.871512098889650977e-01,1.104638609831114573e-02,1.412951330323551245e-03,1.974843240575307096e-05,3.697042499944556884e-04
9.642559719601454526e-01,3.038579741932450132e-02,4.808831179561462443e-03,4.287902781608912044e-05,5.065204131524497473e-04
9.510887358108386369e-01,4.147755137722207441e-02,6.453350379049204409e-03,4.132134564098862193e-05,9.390410872491856834e-04
8.898062145877766449e-01,9.552582073776126614e-02,1.285935196613910772e-02,6.494320115605519664e-05,1.743669507166863619e-03
9.378815794674949524e-01,5.286301359985479814e-02,8.284698056626321749e-03,5.971232084726431149e-05,9.109965551765552986e-04
9.685555477944507441e-01,2.515115074055869482e-02,5.791526798338861998e-03,5.489437193913369390e-05,4.468802947124134129e-04
9.202137859121731767e-01,6.663333674896734782e-02,1.211677830293798885e-02,8.727197041030246001e-05,9.488270655110804617e-04
7.858504418410938719e-01,1.725219501576899517e-01,3.987377157178687015e-02,1.549161279156765104e-04,1.598920301513643031e-03
7.249346282839639333e-01,2.241314703406313558e-01,4.787100404199021858e-02,1.553454737856670414e-04,2.907551859628757038e-03
8.253207007540515061e-01,1.399031875450923446e-01,3.272327414180457167e-02,1.679520196950709261e-04,1.884885539356375740e-03
4.242743890228278247e-01,4.856666450967109250e-01,8.686660052602088178e-02,2.549034926021369329e-04,2.937461861838229406e-03
5.741612826868301989e-01,3.221127741685596013e-01,1.007994736859913337e-01,2.476026895286292679e-04,2.678866769090312936e-03
3.106769676477698638e-01,5.738459121985791667e-01,1.111984045874439275e-01,1.810873838069392699e-04,4.097628182400047184e-03
3.291369814160450824e-01,5.743299835307005274e-01,8.903876235970009656e-02,1.701531490784884409e-04,7.324119544475820795e-03
1.331092277606198970e-01,7.272487109989169696e-01,1.313156824127759692e-01,1.989750476261921051e-04,8.127403780060913491e-03
1.356713264279141851e-01,6.452157979746790950e-01,2.123867114654424126e-01,2.773447652864119927e-04,6.448819366677986317e-03
5.439195808503399093e-02,6.410701397244858990e-01,3.013305215367654832e-01,2.720055494194707703e-04,2.935375104295178013e-03
8.095154867003513666e-02,5.741123210624573536e-01,3.399924519930449529e-01,3.316089568560040448e-04,4.612069317606443640e-03
5.403262442560112511e-02,5.835876476465557960e-01,3.599091419537667202e-01,2.206871436350423465e-04,2.249898830441338701e-03
4.891704036972700786e-02,5.473803585556885620e-01,4.001381962768928435e-01,3.524755556413903634e-04,3.211929242050242782e-03
1.005866224427048733e-01,5.309051472844411590e-01,3.652411457769011438e-01,5.838008414720003564e-04,2.683283654480737249e-03
5.811434515542627244e-01,2.808669334078582325e-01,1.356324556268940495e-01,3.938895889456230873e-04,1.963269822039429707e-03
2.925658937182464836e-01,5.648593290737867756e-01,1.391093605792900478e-01,2.387389004912259687e-04,3.226677728185493518e-03
1.681415776987961741e-01,6.500888460645897204e-01,1.779610224791339790e-01,2.246671979513343155e-04,3.583886559528780182e-03
4.305075335980830531e-02,5.587672777569012705e-01,3.965116373245887171e-01,3.845570988952127091e-04,1.285774459806508351e-03
2.547858246576842692e-02,4.353042027580814599e-01,5.377058157462868415e-01,4.540067162781842428e-04,1.057392313584951072e-03
3.396253335344207730e-02,5.029083963446081551e-01,4.605154231371468287e-01,4.776794405460448533e-04,2.135967724256850140e-03
2.666548537058233137e-02,4.968038727942049593e-01,4.741898428351409289e-01,3.334315607868908551e-04,2.007367439284869683e-03
5.570242511563963661e-02,5.014918696115219232e-01,4.392054771269507385e-01,4.488822646041130916e-04,3.151345881283514755e-03
3.263132530824120608e-02,4.639189061830052974e-01,5.010858888915485920e-01,3.348645575167633168e-04,2.029015059688169670e-03
1.258025559452924554e-02,2.708198262619090912e-01,7.151600752588705978e-01,4.290046932859411621e-04,1.010838191405194876e-03
1.276931677685035418e-02,3.152410682631057726e-01,6.691741768588361783e-01,5.291487622549775720e-04,2.286289338952614183e-03
1.332430496319561911e-02,2.062095365170243111e-01,7.782583429229711358e-01,6.811362090191140205e-04,1.526679387789878087e-03
8.659237156143236025e-02,3.197389825488299864e-01,5.613205256840156920e-01,1.059638005454529089e-03,3.128848220026748256e-02
3.016849308100492677e-01,3.557459725885610546e-01,3.014319311647396527e-01,8.229995955704107365e-04,4.031416584107962164e-02
4.299824770604322444e-01,2.637949944177061523e-01,2.952541901848945716e-01,9.610731393356033905e-04,1.000726519763142815e-02
5.068456490997506059e-01,2.167985082598251900e-01,2.698733311147107905e-01,1.499484670791061949e-03,4.983026854922268170e-03
7.664252724002134087e-01,1.244290868737851496e-01,1.064517490338133809e-01,5.201366824608121822e-04,2.173755009727198085e-03
9.369854336717556853e-01,4.429112730730146164e-02,1.787238796045884787e-02,1.185462086877860593e-04,7.325048517961171802e-04
8.959960108585215410e-01,7.738905479391129660e-02,2.548019551655340137e-02,1.225245325878339907e-04,1.012214298425923292e-03
9.399371316277668198e-01,4.420964951108284635e-02,1.515353479925902677e-02,1.064336100339642230e-04,5.932504518572800272e-04
9.252784953879683583e-01,5.673152887339575484e-02,1.723236231373313429e-02,9.476754571700498730e-05,6.628458791857452705e-04
8.407699442522325040e-01,1.246906043728646662e-01,3.295653305105006314e-02,1.213842984463533124e-04,1.461534025406192785e-03
9.296330040519944493e-01,5.416973649092012705e-02,1.514893979212471840e-02,8.040686629376301794e-05,9.679127986669954116e-04
8.141383610620834821e-01,1.506189741770583013e-01,3.257924980696864231e-02,1.104557277923187599e-04,2.552959226097037838e-03
6.087386538999018937e-01,2.922542712074536198e-01,9.487310092598097433e-02,2.406328323101637517e-04,3.893341134353248828e-03
6.948273426121964746e-01,2.168822622589043347e-01,8.423830603788194649e-02,2.222472694104783166e-04,3.829841821606821267e-03
5.879456231615473039e-01,2.662936952483322406e-01,1.420496132664794131e-01,3.745277559528578616e-04,3.336540567688116386e-03
6.211763730367698688e-01,2.323001679028351141e-01,1.426021168414796925e-01,4.187906604216518752e-04,3.502551558493751695e-03
4.053461279467017175e-01,3.017103579633530486e-01,2.881050800409682422e-01,6.817865939189250886e-04,4.156647455058003725e-03
9.263942318180558022e-01,4.152825049462590540e-02,2.873711003301439998e-02,1.611345049313757426e-04,3.179273149372477750e-03
9.371721665759393805e-01,4.215535088190285051e-02,1.507956928355468074e-02,9.067956798644394658e-05,5.502233690616577418e-03
9.688098343637855381e-01,2.326053752942303793e-02,5.337278938214762812e-03,4.025061414960182289e-05,2.552098554427118405e-03
6.902656967201785676e-01,2.678796295688097850e-01,3.177151615788632866e-02,9.330459317699977423e-05,9.989852959948327879e-03
5.312810220820345375e-01,3.755453994621595903e-01,7.190236343343590908e-02,1.351122788774330855e-04,2.113610274349254914e-02
2.032762500991633636e-01,6.288034468834459156e-01,1.348695431748709872e-01,1.817504464748195988e-04,3.286900939604496530e-02
1.469916228123575308e-01,6.117616205690419307e-01,1.957653086842573720e-01,2.267028339289212102e-04,4.525474510041431475e-02
1.607070150481696713e-01,6.181511739406367889e-01,1.617224756540178165e-01,2.317263551691594334e-04,5.918760900200655678e-02
2.509729139901450412e-01,5.237061617967880833e-01,1.846408524120794759e-01,3.202305966398333661e-04,4.035984120434761568e-02
3.572856566980530113e-01,4.227197756083361790e-01,2.047758215958636052e-01,4.625426235240810854e-04,1.475620347422312503e-02
1.452297243791385861e-01,6.022974715850486493e-01,2.396955056973671949e-01,3.189973194243547056e-04,1.245830101902133634e-02
6.777308161998668590e-02,6.191422814617185688e-01,3.007619365929948829e-01,3.470596670532307250e-04,1.197564065824667512e-02
5.169003073694070777e-02,5.029387734551595823e-01,4.374865844231599077e-01,4.791403135819544807e-04,7.405471071157795210e-03
6.002854384326097165e-02,5.129199164781147458e-01,4.087589307408903694e-01,4.866765231520376006e-04,1.780593241458178211e-02
6.701161231054092449e-02,4.461669493132099928e-01,4.741759471380689872e-01,5.283945164500224601e-04,1.211709672173018337e-02
9.506003398692280948e-02,4.702593747387950884e-01,4.154929527191087990e-01,6.467074343687763535e-04,1.854093112080460945e-02
7.380648217605076389e-02,4.855126442928054953e-01,4.249381543252671034e-01,6.094919146799608785e-04,1.513322729119662494e-02
1.247556823486956762e-01,4.832957327787568147e-01,3.710646609078270264e-01,6.872053259729837176e-04,2.019671863874756071e-02
1.362179283220297799e-01,5.300135277965061231e-01,3.199581903698917040e-01,4.915783644859159519e-04,1.331877514708647986e-02
4.030457690282492345e-01,4.111671235093015131e-01,1.753633316984889723e-01,4.038883797597323205e-04,1.001988738420051851e-02
5.977842100721824092e-01,2.502122928859622508e-01,1.380266407693184483e-01,4.706455465717343284e-04,1.350621072596514156e-02
5.784948054885963309e-01,2.395031958839589081e-01,1.677875486127214100e-01,4.437282114713497674e-04,1.377072180325191429e-02
3.840647472771978044e-01,3.936362943112753920e-01,1.921586774328209180e-01,4.562847779847350083e-04,2.968399620072116260e-02
1.565773935868707556e-01,5.814651085297358746e-01,2.284666784435661069e-01,3.601838125600007067e-04,3.313063562726727834e-02
2.858979922463712464e-01,4.714088257738525134e-01,2.176027492536159180e-01,3.629043130976514773e-04,2.472752841306269031e-02
5.583294221106169797e-01,2.620349428337538367e-01,1.699805685903302832e-01,3.669156034210813242e-04,9.288150861877815870e-03
8.758761824113188155e-01,5.704254171774093135e-02,5.318614158934427405e-02,3.780842528583795194e-04,1.351705002873765382e-02
9.661306883582033711e-01,1.671524297393103820e-02,8.482427354340000766e-03,1.653519704069950178e-04,8.506289343118634411e-03
8.657903352771875172e-01,2.965770441908131827e-02,1.573726322697231728e-02,3.867023183900073369e-04,8.842799475836893297e-02
8.340986736881825792e-01,1.694402247992300367e-02,1.873589812331064725e-02,7.901608109689463311e-04,1.294312448976148999e-01
9.834339839162062891e-01,3.531721233140383120e-03,2.447121053160800433e-03,2.066404407318649984e-04,1.038053335676069125e-02
9.901039014072116062e-01,3.843233572567556888e-03,2.715202704993029993e-03,2.987732880743207528e-04,3.038889027153524568e-03
9.921415467268858146e-01,3.979363951345294727e-03,2.439165711701270049e-03,1.601327060868840070e-04,1.279790903980914480e-03
9.932394966574424888e-01,3.714689574924998853e-03,1.709760719661738461e-03,1.422321048565485229e-04,1.193820943114162238e-03
9.966880816759026152e-01,2.268869041005797029e-03,6.445443773734263861e-04,3.730263917854260985e-05,3.612022665395790114e-04
9.952603874259926542e-01,3.486920713945621496e-03,7.721684926936188105e-04,5.642972181034438286e-05,4.240936455576763868e-04
9.953166629173617608e-01,2.433873448737394925e-03,4.431015143388671767e-04,4.248725272427315776e-05,1.763874866837688562e-03
9.970743277499826140e-01,1.558937784701534910e-03,4.000007242394827494e-04,4.546882335252376616e-05,9.212649177238764735e-04
9.978291778061232353e-01,1.133594320451341165e-03,4.210982261143330534e-04,9.791550421458940603e-05,5.182141430965388727e-04
9.885619442479851582e-01,6.955996451938587996e-03,1.502613133568748375e-03,2.022528289930829615e-04,2.777193337514470214e-03
9.854021023473676921e-01,9.068992236866604134e-03,2.527214131290870820e-03,2.316377399225225630e-04,2.770053544552294935e-03
9.949200924234467003e-01,3.683068092334901289e-03,7.528375805334444658e-04,5.567024909905697453e-05,5.883316545858956756e-04
9.974955185955010073e-01,1.491871875103323655e-03,2.332944478631277072e-04,3.170627382869025681e-05,7.476088077039421157e-04
9.959357532422565829e-01,2.931223300152389650e-03,5.232361079944119727e-04,5.818850511493207169e-05,5.515988444817823948e-04
9.981334397913528278e-01,9.568641357746790217e-04,2.736915387581082817e-04,4.642586260486448768e-05,5.895786715095187791e-04
9.917599590961818645e-01,5.669731157157936741e-03,1.365791241533157938e-03,1.261994162786531115e-04,1.078319088848364539e-03
9.957930446233450583e-01,2.004717386056810696e-03,4.367163169811630764e-04,5.414709981974206673e-05,1.711374573797239422e-03
9.970449709840610852e-01,1.669889859609720133e-03,3.264164518021651245e-04,3.875921285837538181e-05,9.199634916686176989e-04
9.906174121254259779e-01,6.655876740576357857e-03,1.270373991334241897e-03,1.011500253331318246e-04,1.355187117330130088e-03
9.964140575671558420e-01,1.498069492882440033e-03,2.835633941273902519e-04,3.868741423840665558e-05,1.765622131595957333e-03
9.950342043813656945e-01,2.230563712963324740e-03,3.241880887977768508e-04,3.336779757620900346e-05,2.377676019297149390e-03
9.958543678217419703e-01,2.111146692301270941e-03,4.383057573494227575e-04,3.665713248054890209e-05,1.559522596126699037e-03
9.974282796289624109e-01,9.946657901285526921e-04,2.130918226106385659e-04,2.345353013184623518e-05,1.340509228166465033e-03
9.981957452296701394e-01,9.761426528820502276e-04,2.166700516356128022e-04,2.099978834662870000e-05,5.904422774655846296e-04
9.958585209093524515e-01,3.020599694044921475e-03,5.197590924110442661e-04,2.608742252026903275e-05,5.750328816712370556e-04
9.959274800661428451e-01,2.265600187113860856e-03,5.610720267995663885e-04,4.881288979413512109e-05,1.197034830149782932e-03
9.915217181857590711e-01,5.365554998662184875e-03,1.083314512309940933e-03,8.292050174395931318e-05,1.946491801524816417e-03
9.875092733792099065e-01,6.232628224047195332e-03,2.431026450566467143e-03,2.097431659721302188e-04,3.617328780204229297e-03
9.708201396698459273e-01,9.838634471977129869e-03,6.727559243782287035e-03,7.437353508313381900e-04,1.186993126356346642e-02
9.199470624179170164e-01,4.968478358139873791e-02,1.439813070028089781e-02,6.388799814980236635e-04,1.533114331890524443e-02
7.943517075679082939e-01,1.540790102662938088e-01,2.541328982584235147e-02,4.112420317080396539e-04,2.574475030824758398e-02
7.703162754406374102e-01,1.830142378978423245e-01,3.507237143725804723e-02,3.088716714429335384e-04,1.128824355281938911e-02
6.536287661939680360e-01,2.773152519983971831e-01,6.159060335412614579e-02,2.809782895220202690e-04,7.184400163986725749e-03
5.811016657999110713e-01,2.605865277063420526e-01,1.392187621441404455e-01,5.629063988706714712e-04,1.853013795073578732e-02
7.814275612787707770e-01,1.596957986399218377e-01,4.594437482664933542e-02,2.252848032349405764e-04,1.270698045142325781e-02
6.842196977950052439e-01,1.641622993878281700e-01,1.302101532989992649e-01,4.322275657637660029e-04,2.097562195240378069e-02
5.997539068541609675e-01,2.221555187209352800e-01,1.505013268779200608e-01,3.387834924660391381e-04,2.725046405451759038e-02
7.459027454870064133e-01,1.584334636309045752e-01,8.205219340323750832e-02,2.735247163947629890e-04,1.333807276245675168e-02
8.401064234780983853e-01,9.799527064705076951e-02,5.114237730061968468e-02,2.413384449008923439e-04,1.051459012933033364e-02
7.977526386785688262e-01,1.055658389352892162e-01,8.826956508205993646e-02,3.994780097129874532e-04,8.012479294368985219e-03
5.101388788202660951e-01,2.552362397760053470e-01,2.270998533813561870e-01,5.605167036035770380e-04,6.964511318768841670e-03
8.190327489425360818e-01,5.452287157682080693e-02,1.108746588566535407e-01,1.193875652410456012e-03,1.437584497157914747e-02
6.237840986968923307e-01,5.468490366819512422e-02,2.792577060820906065e-01,8.404843478467720688e-03,3.386844807435440002e-02
3.906114564377008991e-01,7.076391430430381546e-02,4.909031260307161748e-01,3.000825425831278939e-02,1.771324896896631085e-02
1.884724468022250521e-01,6.452455008123668401e-02,6.995212060883141403e-01,3.692544589412909833e-02,1.055635113409501141e-02
1.611559225586295940e-01,8.620007875835766775e-02,6.989850077122334859e-01,3.845718102544409822e-02,1.520180994533523039e-02
3.017567712914100975e-01,1.129248269705729890e-01,4.659961199844799840e-01,1.747916509820201386e-02,1.018431166553349781e-01
1.648275492184765323e-01,1.332686040730628463e-01,4.998748297773143445e-01,1.505165718204449533e-02,1.869773597491017902e-01
9.025419793736026708e-02,1.008153054418067518e-01,5.113381473928563237e-01,1.435232211744978843e-02,2.832400271105268708e-01
5.451875039549052004e-02,1.039041011889058064e-01,6.059381187800558788e-01,1.232803649487050623e-02,2.233109931406772053e-01
5.508138676508214648e-02,8.698375220199303093e-02,5.632628626578173314e-01,1.484232049503313861e-02,2.798296778800741236e-01
6.716108630633998988e-02,8.987525426120872296e-02,5.435146173109675072e-01,1.868591230619652196e-02,2.807631298152872268e-01
5.533757179773887008e-02,1.097782416640965264e-01,5.135080310768266321e-01,1.479338624411076150e-02,3.065827692172272689e-01
1.688585025701414277e-01,1.023512707422014195e-01,4.527090885479094218e-01,1.338369163718105929e-02,2.626974465025666561e-01
1.333745302762426310e-01,1.300655711731318609e-01,4.062746414971254438e-01,1.459266970468029757e-02,3.156925873488196088e-01
8.919313712620757784e-02,8.680882542908684163e-02,5.703301839969747711e-01,1.509198616116356854e-02,2.385758672865673224e-01
1.289247632976850688e-01,1.414730003762901811e-01,5.515549632557699145e-01,1.285523813421385851e-02,1.651920349360408158e-01
1.598613687596520394e-01,1.043817613167738745e-01,2.845215879521482139e-01,6.582800982213026821e-03,4.446524809892128949e-01
3.172317646002364988e-01,6.066878414622417504e-02,1.850082831534972938e-01,5.590664543885913267e-03,4.315005035561562119e-01
2.841152500512413859e-01,1.152490711303689463e-01,1.110018199645766007e-01,1.796795450071944893e-03,4.878370634037411113e-01
1.730828106731642224e-01,1.344052172153330227e-01,2.403952369124769672e-01,4.092978675726680927e-03,4.480237565232991215e-01
7.043971935853696187e-02,8.373211828845827931e-02,1.906254772745716586e-01,1.978350025271175591e-03,6.532243350531620196e-01
1.220704821193603212e-01,5.163410983672684501e-02,1.365671722933199661e-01,3.052427067917627170e-03,6.866758086826753038e-01
6.909391208830530096e-02,3.361177012252770241e-02,1.068373537923725664e-01,1.885553985486953209e-03,7.885714100113074831e-01
1.215268815414072695e-01,3.841080620690479064e-02,3.697455846075679148e-02,7.194471196045403678e-04,8.023683066713265255e-01
1.061611859211917669e-01,7.174125294070618497e-02,1.211101636695591233e-01,1.944451332627184295e-03,6.990429461359155550e-01
1.438511648331926573e-01,1.158865156396605006e-01,1.364974822045717240e-01,1.463671545398878343e-03,6.023011657771761840e-01
9.560052638262066249e-02,7.584427486443619248e-02,5.318381674234915618e-02,3.617842929649566874e-04,7.750095977176291173e-01
1.071078551568694498e-01,7.320003166465122169e-02,1.161808402105932447e-01,1.410111081173369375e-03,7.021011618867125659e-01
