5.244881141595183482e-01,1.491915349974382542e-02,7.483764037392262591e-02,3.791828693114322468e-01,6.572222655383095843e-03
9.786753510204463380e-01,9.547240546974632494e-03,7.003324483828576169e-03,3.780597655605753404e-03,9.934862931447322517e-04
9.963506022491761538e-01,2.644440737597318365e-03,6.229808150956919798e-04,1.144186849953921290e-04,2.675575131353142688e-04
9.985113571886967687e-01,1.166536200402468410e-03,1.851132290448088231e-04,2.051996187250533881e-05,1.164734199835503321e-04
9.991485971794357157e-01,5.933185842946143334e-04,1.439205317164591832e-04,1.964114824255807121e-05,9.452255631065082579e-05
9.973248550911428811e-01,2.042691216081482259e-03,3.282052807888846354e-04,2.696235478183911039e-05,2.772860572049699966e-04
9.683517642261016967e-01,2.484357267254773058e-02,5.691775538895505956e-03,1.773518888572505421e-04,9.355356735977315551e-04
8.913333566574519473e-01,7.078343038471499038e-02,3.490872074053137653e-02,6.785605102020948005e-04,2.295931707099714038e-03
6.238178726074087299e-01,2.560781507635020438e-01,1.151463761049415224e-01,7.019432545444767623e-04,4.255657269603195167e-03
7.001281235103796741e-01,1.529775669656632253e-01,1.435206082965075625e-01,1.229166453461762350e-03,2.144534773987574576e-03
7.871709251287192233e-01,1.267188722393365885e-01,8.246351665773224426e-02,8.278799196712453064e-04,2.818806054540603893e-03
9.481132633788363906e-01,3.166433736398269888e-02,1.801295160667888695e-02,2.738016845777145603e-04,1.935645965924163081e-03
9.934265623734865880e-01,4.281261499290036146e-03,1.468453967074302138e-03,4.117719151815848512e-05,7.825449686309119508e-04
9.887863143363715412e-01,7.578564272989874936e-03,2.182696034804532982e-03,4.366866644750935729e-05,1.408756689386667050e-03
9.937674372093818764e-01,3.897730010116693365e-03,1.398970415631816105e-03,5.347351466615105412e-05,8.823888502033214913e-04
9.944643068188087076e-01,3.559158239281852345e-03,1.071526524848504230e-03,3.523488612168317307e-05,8.697735309393316797e-04
9.944050837696395417e-01,4.083995382877710426e-03,8.704959102219262529e-04,2.050765784151654613e-05,6.199172794192737371e-04
9.954454820199016840e-01,2.992401354661271707e-03,1.099051896518806653e-03,3.859083817836564390e-05,4.244738907398621589e-04
9.977323976607237466e-01,1.514405714076826667e-03,5.302248062332613971e-04,2.718624995561689061e-05,1.957855690105313163e-04
9.937266628824630299e-01,3.589491685177967090e-03,2.228386834749601208e-03,1.076226460663463164e-04,3.478359515430475956e-04
9.874789401727831484e-01,7.521157494666529629e-03,4.288418406201723737e-03,1.780220540244099837e-04,5.334618723242279823e-04
9.638774476540230562e-01,2.216525009173416286e-02,1.274582653602773959e-02,3.959669372913036901e-04,8.155087809236657385e-04
9.024847536542742743e-01,6.775363136709286471e-02,2.679077854590154392e-02,4.796680634484812127e-04,2.491168369283077409e-03
8.806107813864642031e-01,8.901451697145285058e-02,2.820177520259118525e-02,3.568164009015182343e-04,1.816110038590344582e-03
7.198098867320622540e-01,2.272800853534215071e-01,5.020510915460901086e-02,3.490094158664993913e-04,2.355909344040691984e-03
8.626748038540117403e-01,1.097176738655329803e-01,2.615459066580686637e-02,1.864440887288253319e-04,1.266487525919682972e-03
8.893734186540067643e-01,8.958864450338796526e-02,1.996215457445951746e-02,1.842181960642864870e-04,8.915640720816495318e-04
8.836110336164747503e-01,8.803027863914379691e-02,2.721431746824728298e-02,3.059848367309872075e-04,8.383854394034455718e-04
9.383553353573375055e-01,4.550729049104332985e-02,1.544006481317215101e-02,2.403050433284395883e-04,4.570042951186135244e-04
9.177160493519279649e-01,5.995699625578708447e-02,2.132986652857538079e-02,3.120826692858949731e-04,6.850051944237512194e-04
9.363557573390910438e-01,4.281611960208982215e-02,1.936353849670589128e-02,3.207815518580785122e-04,1.143803010255192839e-03
8.332513465921671525e-01,1.109340097164221023e-01,5.139499829966760053e-02,7.545559474347589713e-04,3.665089444308419330e-03
9.105029104855049127e-01,6.580582394680309366e-02,2.047902039361755577e-02,2.460039638814976305e-04,2.966241210192844136e-03
8.199193725581025438e-01,9.756594690274529580e-02,7.616640455013547195e-02,1.147184886721917341e-03,5.201091102294691515e-03
7.184179303665629845e-01,1.312543347165023022e-01,1.392087537143673059e-01,2.135084250078000609e-03,8.983896952489476076e-03
4.692887479985922705e-01,2.030107807350826632e-01,3.188138631124031730e-01,3.795244964187623540e-03,5.091363189734316591e-03
5.950382587542142332e-01,1.429430828368941919e-01,2.458154313128445567e-01,5.510115196602632069e-03,1.069311189944428982e-02
5.824046126547807178e-01,1.009109947062201834e-01,2.795126995617178145e-01,1.029404376305607244e-02,2.687764931422515630e-02
7.699794216992089657e-01,4.391236272067178259e-02,1.060571293693060302e-01,6.037110318804365765e-03,7.401397589200886529e-02
8.386373858135067749e-01,2.676835229043162886e-02,2.481234549930214084e-02,1.338719899684284037e-03,1.084431964970751644e-01
8.544359816403692687e-01,1.550249952161932530e-02,9.701654573755562685e-03,6.056449917327004278e-04,1.197542192725232491e-01
8.847849587200926624e-01,1.415225459655186126e-02,9.151974544677303480e-03,5.962854165456383691e-04,9.131452672213258293e-02
9.431971576046300765e-01,1.621692816977058846e-02,8.460189204862744727e-03,5.323518144197670037e-04,3.159337320631679102e-02
9.605383387704495846e-01,8.777025835544585708e-03,3.867866425217632124e-03,3.065847338400681842e-04,2.651018423494813647e-02
9.533850943372126352e-01,8.409033194261393215e-03,7.044470800745234601e-03,9.040315391174154423e-04,3.025737012866316564e-02
9.185283288367653842e-01,1.365851310740726077e-02,1.105582967627702015e-02,1.163694798439753823e-03,5.559363358111071157e-02
8.887651369784864697e-01,3.129895389450761817e-02,2.352174704119520954e-02,1.405644209635238152e-03,5.500851787617550004e-02
7.906657007038526697e-01,8.162910191683574179e-02,6.246258425865738872e-02,2.488986910059247468e-03,6.275362621059481227e-02
6.411273491808814340e-01,1.341752479404383913e-01,1.748311949524657960e-01,3.976424011377876176e-03,4.588978391483656410e-02
5.884619474217616109e-01,1.292631178892826582e-01,2.214816776951202271e-01,7.760744811355519204e-03,5.303251218248008353e-02
6.445051622026206628e-01,1.188773222735280133e-01,1.365098769237433063e-01,2.906184501686798032e-03,9.720145409842124995e-02
7.530058297233188647e-01,7.392240646000564075e-02,8.940665626653909737e-02,2.804591399574974612e-03,8.086051615056157049e-02
7.030336246530657363e-01,8.009832460770488494e-02,1.126236666224347260e-01,2.986246881909181659e-03,1.012581372348855813e-01
6.725813423782293077e-01,8.627254799740326219e-02,1.859186349154044737e-01,5.485127408387711033e-03,4.974234730057516818e-02
6.371076896735196060e-01,8.688290561639014364e-02,2.312267648907237738e-01,6.764341782806070069e-03,3.801829803656041340e-02
6.443721426670910857e-01,6.488614545086013319e-02,1.792210191094637806e-01,8.135177928622170859e-03,1.033855148439627863e-01
4.559000613814276903e-01,8.207500601934208939e-02,2.169033018309928784e-01,9.429261452657062420e-03,2.356923693155802413e-01
5.300850113946665720e-01,7.613230543984279841e-02,1.505578765905173644e-01,4.412254981472127531e-03,2.388125515935010379e-01
6.309628481570734859e-01,7.780131358113490103e-02,1.439319472500407149e-01,4.566129779132874038e-03,1.427377612326179157e-01
6.079204791119302564e-01,7.930166243104029566e-02,1.092107173288628247e-01,2.327276529897082894e-03,2.012398645982696466e-01
3.735622939330781045e-01,1.208989635216247416e-01,1.953305695931856212e-01,2.883088375723789985e-03,3.073250845763877415e-01
2.837931242940750498e-01,1.246555307451774897e-01,2.872881455940692330e-01,5.860516675101158646e-03,2.984026826915771036e-01
3.249849909841064366e-01,7.810865155895851952e-02,3.490593317802303530e-01,1.214387851391056199e-02,2.357031471627941410e-01
2.978885202984322134e-01,8.480136800164971012e-02,2.556203121894565222e-01,5.135526287476721748e-03,3.565542732229848855e-01
1.858885629849609256e-01,4.229954856082512177e-02,4.284020654666956807e-01,1.202688202106825394e-02,3.313829409664500458e-01
1.797672783593271262e-01,5.481802009817929311e-02,4.467860694254655041e-01,1.227995132068804285e-02,3.063486807963400338e-01
1.665444062886686227e-01,8.832950021034935428e-02,2.514418743801813960e-01,3.449560969174853605e-03,4.902346581516257573e-01
3.597996295682818757e-01,6.106718729884957203e-02,1.195000987042090235e-01,2.027098438419130608e-03,4.576059859902403271e-01
3.935366274969416267e-01,3.851056892676833765e-02,9.449307250720459517e-02,2.367905631576735365e-03,4.710918254375088265e-01
5.022413603405910809e-01,5.528971036348296481e-02,1.188973883631549433e-01,2.751577113415483444e-03,3.208199638193554581e-01
3.438445805718082782e-01,6.521061904025046707e-02,8.568226771337422720e-02,1.627839344423584987e-03,5.036346933301434348e-01
4.642114525594272512e-01,5.020010478059558356e-02,8.569422708655090315e-02,2.069047736004356059e-03,3.978251678374221112e-01
3.965860539415171360e-01,7.662757759168803418e-02,9.534335807082136571e-02,2.074693342350501096e-03,4.293683170536229943e-01
2.817678100723338130e-01,7.074452037065223631e-02,1.269427860239847605e-01,2.415329684208083333e-03,5.181295538488210894e-01
2.653338618821113881e-01,7.076157388549880745e-02,1.242864505259341501e-01,2.704236230426842157e-03,5.369138774760288113e-01
2.734771377886978660e-01,3.963275297159285504e-02,7.844749184438883083e-02,1.836675726921809708e-03,6.066059416683986516e-01
3.134042325025704900e-01,5.572966589060480980e-02,6.198867482450252236e-02,8.634222211237002707e-04,5.680140045611985489e-01
2.738462001141567792e-01,8.995368356280382394e-02,7.022325017382320678e-02,7.792042910751209583e-04,5.651976618581411316e-01
3.222165191039540466e-01,7.272759818786080077e-02,5.772749656143850994e-02,6.974004740546797722e-04,5.466309856726921934e-01
2.345530392581606782e-01,3.259680876546850598e-02,8.846144029400609954e-02,2.446869948162999023e-03,6.419418417342017680e-01
1.376147227554809227e-01,2.998490202169320357e-02,1.868389763844170715e-01,5.793168667304488158e-03,6.397682301711045127e-01
1.674804750730420344e-01,2.606639357861410475e-02,8.395500688691304170e-02,2.300123898720652857e-03,7.201980005627103276e-01
1.926249226740706089e-01,1.840989702177831325e-02,7.245954320955165506e-02,2.088977356515086224e-03,7.144166597380844363e-01
1.845079740631813403e-01,5.347331657607215516e-02,1.239993363980328445e-01,2.544070914796955473e-03,6.354753020479166903e-01
1.148469295686909281e-01,8.365214823441642633e-02,1.730473898631238183e-01,1.800514519706288225e-03,6.266530178140625740e-01
9.140674641017196289e-02,1.006419812984162276e-01,1.291643931717534055e-01,8.790864800352262559e-04,6.779077926396230858e-01
2.260956979308342274e-01,1.455056667424784178e-01,8.901114559273792803e-02,5.243446217773761612e-04,5.388631451121720373e-01
1.092912953308522450e-01,1.367737344895627039e-01,8.207126108161845457e-02,5.600667358367987340e-04,6.713036423621296933e-01
9.038904243141492045e-02,1.096582615969454166e-01,1.548233423301242362e-01,1.253882183077436024e-03,6.438754714584380423e-01
8.075913786312666209e-02,7.153830583188822145e-02,9.717366222053848424e-02,9.407096593999635277e-04,7.495881844250467108e-01
7.055604883356479673e-02,6.553603420373771415e-02,8.634377992667234547e-02,8.428547110225134134e-04,7.767212823250027043e-01
1.841311642743208854e-01,6.696836340264733511e-02,6.692466782994926922e-02,1.009175595055014120e-03,6.809666288980273929e-01
1.656227832178315817e-01,8.508928409728147568e-02,1.255777241355364449e-01,2.128956915006604764e-03,6.215812516343439675e-01
2.232738581159998403e-01,8.341662263882348993e-02,3.258556146173998136e-01,5.631988978441080859e-03,3.618219156493357458e-01
1.234986744030258099e-01,1.053614965914737578e-01,2.669897626773849453e-01,3.606387062067828268e-03,5.005436792660477030e-01
2.140857976476132352e-01,6.655568956473670306e-02,2.539576084580081883e-01,9.379547544495802844e-03,4.560213567851460481e-01
2.011986334389866127e-01,7.525721049453211464e-02,3.001104641463686606e-01,8.150164089265166112e-03,4.152835278308475431e-01
2.135099967437179835e-01,6.776541036853420130e-02,2.099658793446059768e-01,5.890140685799056738e-03,5.028685728573427660e-01
1.768214622864294761e-01,9.704561622998346404e-02,1.806807098793983823e-01,3.083397240554664170e-03,5.423688143636339332e-01
8.384502224124054659e-02,5.361890375138828047e-02,1.195415325366052661e-01,2.550811062369359294e-03,7.404437304083965055e-01
1.195140973814213109e-01,1.246171225515721737e-01,1.227475376302769872e-01,1.305372390681751663e-03,6.318158700460478894e-01
9.518843054768351408e-02,7.855257300515702812e-02,1.569442399532004206e-01,1.882622704826140188e-03,6.674321337891330197e-01
1.522554693967520523e-01,1.077763719609305532e-01,1.980408252214386489e-01,4.028666378383909466e-03,5.378986670424948935e-01
1.422313073441641706e-01,9.292888278568224580e-02,3.035043763094283364e-01,9.275503144748632398e-03,4.520599304159765852e-01
6.293944319863600811e-02,7.174151878939437343e-02,2.674911163764400746e-01,7.009961304629482547e-03,5.908179603309000605e-01
1.077823108141629516e-01,7.089425941642309159e-02,3.471230984642975081e-01,1.635329939553663639e-02,4.578470319095799268e-01
6.613104434029616341e-01,2.082105181168487223e-02,4.758244989703001859e-02,4.228445682361176190e-03,2.660576092059622200e-01
9.419404162713885809e-01,1.097764810013656007e-02,1.052577410368825926e-02,5.448638919386209747e-04,3.601129763284809798e-02
9.742389810814409135e-01,9.400484602189691091e-03,2.868401122900080327e-03,8.997204238722498115e-05,1.340216115108209399e-02
9.922417817659194839e-01,3.716144442155326025e-03,1.493788607695858712e-03,7.704868750776915109e-05,2.471236496721589126e-03
9.907654008759841924e-01,3.886408987704330267e-03,1.858267229970419045e-03,1.121171840715455060e-04,3.377805722269535196e-03
9.948807947612064995e-01,2.717973971716137072e-03,1.237168459646633550e-03,7.647669485669012174e-05,1.087586112573987436e-03
9.889951185952308155e-01,6.153300889802695503e-03,3.252434165548974496e-03,1.211460788594759648e-04,1.478000270557965502e-03
9.871516189399156538e-01,5.178394650358800894e-03,6.227018739448803367e-03,5.661772181747621755e-04,8.767904521019253541e-04
9.768407974512162140e-01,1.005273533982222606e-02,1.106180235993672011e-02,9.382473732840042021e-04,1.106417475740830575e-03
9.952205155027076255e-01,1.946937609359488796e-03,1.854584746827318571e-03,4.515715454188377561e-04,5.263905956868720690e-04
9.975091413710852617e-01,1.378155530037276054e-03,7.155240529996721851e-04,1.914093345828128136e-04,2.057697112950863765e-04
9.976096522046831172e-01,1.647534273836110666e-03,5.314002990112545732e-04,8.586434498766030911e-05,1.255488774819592029e-04
9.982237397792362854e-01,1.197341789954558568e-03,3.679275925486706557e-04,5.538594408420925914e-05,1.556048941762037258e-04
9.968155636326345714e-01,2.133701878212323176e-03,7.951399871306244656e-04,9.481675215245070963e-05,1.607777498700384820e-04
9.954500517129780679e-01,3.100437965591006616e-03,1.176765729865109078e-03,8.239962556054746283e-05,1.903449660053835465e-04
9.928128915202955040e-01,4.941012466430622259e-03,1.982955477191186092e-03,7.558236706004186234e-05,1.875581690226246138e-04
9.932810756837268107e-01,4.454990534927823209e-03,1.909270058400613793e-03,1.353447566460768455e-04,2.193189662988528129e-04
9.947833666113939932e-01,3.165988836929525471e-03,1.493603499034550260e-03,1.745962790754287345e-04,3.824447735666813733e-04
9.940807561305344819e-01,3.927839344144378603e-03,1.459327230778484060e-03,5.057245526828822735e-05,4.815048392742881452e-04
9.970882832372974791e-01,2.219183993425928765e-03,3.776734090060543132e-04,1.691210949368798458e-05,2.979472507768456992e-04
9.987454597233248466e-01,9.464313943695262582e-04,1.032362233164731548e-04,6.734306109536500586e-06,1.981383528795737801e-04
9.981675490406184403e-01,1.432053809171450519e-03,1.656814497182389819e-04,6.503550472277587722e-06,2.282121500196043675e-04
9.991123757371498382e-01,7.264865455794722619e-04,6.602921172821140739e-05,3.568371092002853403e-06,9.154013445049494831e-05
9.992689934795498941e-01,6.008710936160784315e-04,6.465471348560518643e-05,4.139493352559677392e-06,6.134121999577351854e-05
9.989596547471401022e-01,8.826714091030372737e-04,7.499732900482190823e-05,4.586375298379340114e-06,7.809013945349537486e-05
9.992353369133242236e-01,6.486066387645203664e-04,5.307461898807925844e-05,3.191654349702220564e-06,5.979017457349505914e-05
9.992180375209385179e-01,6.706453162866204704e-04,5.841381563544131915e-05,3.875046667520235083e-06,4.902830047181623655e-05
9.989393138963850172e-01,9.085372055335057479e-04,9.243767789291319975e-05,5.627842211302693631e-06,5.408337797722878408e-05
9.980992532932133621e-01,1.688906026772773669e-03,1.401485338660851156e-04,8.423117847599563722e-06,6.326902830024590208e-05
9.983908466509243684e-01,1.362252746995049578e-03,1.832673324702801534e-04,9.715621808612493027e-06,5.391764780170725421e-05
9.984158194300507549e-01,1.385056426879447116e-03,1.373613190632902621e-04,8.478074593429517529e-06,5.328474941325624391e-05
9.972782652450215002e-01,2.425582648998147670e-03,2.048627691191861634e-04,1.169143399541486251e-05,7.959790286575007601e-05
9.972631479265261500e-01,2.439590227776933760e-03,2.074133146806920276e-04,1.174602153396051836e-05,7.810250948216548655e-05
9.967309913851309933e-01,2.919973377430796005e-03,2.291515160061994953e-04,1.255833887616416059e-05,1.073253825559758364e-04
9.974581132575902620e-01,2.285968454711159552e-03,1.874123353071702137e-04,9.157218669317473064e-06,5.934873372222709457e-05
9.956772853695478043e-01,3.938370988332618068e-03,2.895977798320137960e-04,1.073494683741385510e-05,8.401091545033970989e-05
9.921929045541294512e-01,7.141195187538675049e-03,4.690899154013973777e-04,1.796454942762332430e-05,1.788457935028507336e-04
9.915574890792486773e-01,7.630150725331474176e-03,5.646492423409507676e-04,1.951144321207290129e-05,2.281995098667603859e-04
9.845197232849638436e-01,1.429680245278371759e-02,8.870932687816617890e-04,2.749951124945342556e-05,2.688814822213512860e-04
9.896884926649992531e-01,9.288376041703729977e-03,8.415161472489848674e-04,2.791340925472463093e-05,1.537017367933270987e-04
9.856324459975076557e-01,1.303458129808865266e-02,1.147535176177888992e-03,2.972785667794893851e-05,1.557096715477451158e-04
9.867891288851012854e-01,1.188735533390283469e-02,1.120568228148989889e-03,3.029928024262204222e-05,1.726482726043877575e-04
9.809113205280041159e-01,1.714676856232910662e-02,1.695896376363993261e-03,4.293100306184927616e-05,2.030835302409018928e-04
9.776210068563315758e-01,1.973123150213861379e-02,2.377430290173054676e-03,4.997522031491582843e-05,2.203561310417751981e-04
9.765113939306857560e-01,2.057519712252947608e-02,2.657879506627828375e-03,4.224945323592878347e-05,2.132799869209409962e-04
9.745353996158715448e-01,2.225851865769088930e-02,2.955301575612470904e-03,4.435236661733692372e-05,2.064277842078208536e-04
9.942835935616560761e-01,4.720673433108093543e-03,8.523701269664258435e-04,2.735533671345214887e-05,1.160075415557683582e-04
9.890833740898219428e-01,9.347650219544366076e-03,1.321274422193367175e-03,3.586028541248181475e-05,2.118409830278269773e-04
9.768753622099676237e-01,2.033871609798626467e-02,2.446364610087885944e-03,5.071441611690059653e-05,2.888426658414708641e-04
9.784208691165490190e-01,1.907317979992453200e-02,2.262439256609578408e-03,4.087861331161953254e-05,2.026332136052633290e-04
9.878615852105674389e-01,1.069169631929560785e-02,1.293564754539974640e-03,2.948296033348130236e-05,1.236707552635689031e-04
9.853736416037673918e-01,1.298348349726998613e-02,1.440915516848191927e-03,2.804445396432855226e-05,1.739149281500541845e-04
9.798055635879893144e-01,1.759807338028186730e-02,2.348239509869848828e-03,4.063087192485802772e-05,2.074926499341755819e-04
9.770468520992388051e-01,1.960636048941698587e-02,3.070625016723691446e-03,5.483652076388620492e-05,2.213258738567438013e-04
9.775993151435105055e-01,1.976120537848971917e-02,2.325991350233814082e-03,4.918789184227668023e-05,2.643002359236724984e-04
9.832061510659677595e-01,1.531123523517902846e-02,1.207560929321969088e-03,2.531409170554150170e-05,2.497386778257954377e-04
9.921624693190993494e-01,6.873727821889621947e-03,8.331491807274431444e-04,2.076860811814627464e-05,1.098850701655607894e-04
9.925931503787412957e-01,6.238517872837889486e-03,1.050231331329967363e-03,2.953374434338616936e-05,8.856667274761566397e-05
9.786588716528563658e-01,1.916075161309846453e-02,1.974842524494594548e-03,3.493796516690507838e-05,1.705962443835315771e-04
9.800858309801130375e-01,1.776990057670489384e-02,1.937076871680929293e-03,3.160423773381592071e-05,1.755873337672089101e-04
9.876682303698989251e-01,1.098906045713773406e-02,1.116505383712223945e-03,2.258553813057618319e-05,2.036182511205845329e-04
9.467449724592585936e-01,4.772842865017540986e-02,4.802254408068030479e-03,5.998345417249204594e-05,6.643610283253980481e-04
9.747972921583821782e-01,2.246672247248681850e-02,2.343735203787734520e-03,3.123975296388392127e-05,3.610104123793397564e-04
8.940919331161198969e-01,9.328136445159997125e-02,1.197995498609437728e-02,8.120512206186756394e-05,5.655423241239694587e-04
8.909709654179258642e-01,9.620073555506289398e-02,1.202746319987505960e-02,7.550587515217428334e-05,7.253299519841856354e-04
8.837687609240904019e-01,1.032117712262967252e-01,1.213948739132654844e-02,7.231127894209594942e-05,8.076691793441638772e-04
9.305862172253304143e-01,6.013988805930599313e-02,8.659484209147638722e-03,6.104661897526866192e-05,5.533638872406382390e-04
8.945209681909616073e-01,8.496944388772288692e-02,1.991764597761874755e-02,1.365483096836443775e-04,4.553936340129278331e-04
9.548207711235081607e-01,3.354321354508277286e-02,1.128381101092105696e-02,1.340939529987456242e-04,2.181103674892404106e-04
8.786554007382887388e-01,1.058520441760721353e-01,1.476443404783437004e-02,1.189092574377158620e-04,6.092117803670319721e-04
9.050061447234155620e-01,8.241072906547769472e-02,1.181371336959185538e-02,9.427996245604205224e-05,6.751328790588029087e-04
9.180575954886311951e-01,7.312901525511233958e-02,8.202648715081375941e-03,6.714546971459650463e-05,5.435950714604523715e-04
7.394811855677868584e-01,2.359090446045175038e-01,2.329380404615402980e-02,1.273562510863231927e-04,1.188609530455286226e-03
7.732722095387831729e-01,2.038997496752737171e-01,2.111040862973390803e-02,1.065198869364557992e-04,1.611112269272742823e-03
8.650809235171534883e-01,1.205807371559383667e-01,1.305270773473518955e-02,1.000308419075209964e-04,1.185600750265318384e-03
8.708427210278955055e-01,1.165398089969774398e-01,1.128990324231044992e-02,8.946329882015637057e-05,1.238103433996463497e-03
5.127956214970716964e-01,4.408101688026178078e-01,4.360068217554508019e-02,2.260481761746321622e-04,2.567479348590729314e-03
7.087784624655246724e-01,2.529543424415117703e-01,3.562443203901149297e-02,1.953792412581579292e-04,2.447383812693929971e-03
3.614939022035305594e-01,5.673883444409228982e-01,6.750908200612039389e-02,2.106065659063938037e-04,3.398064783519633408e-03
2.893104657798928336e-01,5.849748477211224040e-01,1.223133804151577131e-01,3.471276792125529260e-04,3.054178404614183578e-03
5.782998325279736784e-01,3.277905488260181022e-01,9.084392337173795295e-02,4.340766672774899726e-04,2.631618606992844507e-03
7.421155393673474210e-01,1.932992634299130486e-01,6.263406504839894029e-02,3.539765387816485144e-04,1.597155615558938950e-03
9.490203126937077904e-01,3.550011598610268437e-02,1.464877363242497212e-02,1.822783997704236251e-04,6.485192879940839461e-04
9.794556766696909111e-01,1.593282459572507859e-02,4.276082435625817163e-03,8.485052075605207947e-05,2.505657782021306220e-04
9.798274926331018708e-01,1.730813736834926550e-02,2.615092944053186604e-03,5.701482398735512015e-05,1.922622305084709907e-04
9.528113587858790812e-01,4.219257438786189890e-02,4.542332858948438905e-03,6.763792838659750070e-05,3.860960389238522576e-04
8.815424603523601688e-01,7.811340979452932598e-02,3.890196668545217035e-02,8.236353834071531103e-04,6.185277842510402031e-04
9.812014419524088815e-01,1.120022280197096112e-02,7.079522658052193884e-03,2.513930322389683683e-04,2.674195553289402446e-04
9.909046315021619034e-01,5.627930481368271370e-03,3.210493162789699283e-03,1.293037711050935065e-04,1.276410825750253831e-04
9.957091720230553111e-01,3.203832911247229791e-03,9.081074683872770005e-04,5.139128393129393889e-05,1.274963133789571161e-04
9.945766673573567251e-01,4.151047494624621366e-03,1.053440274209998780e-03,5.564369133608619285e-05,1.632011824726356324e-04
9.923425472607866338e-01,5.678646016928537432e-03,1.679327520471616750e-03,1.022662528056001162e-04,1.972129490076628946e-04
9.891644527851325419e-01,8.117238968659441431e-03,2.330233774771032183e-03,1.157577340960441622e-04,2.723167373409594340e-04
9.745643073580742000e-01,1.980782069072657692e-02,4.567657351682948529e-03,1.973311831991947179e-04,8.628834163170002406e-04
9.536564168436264533e-01,3.958927989654371232e-02,5.592718134420701127e-03,1.473621336926757210e-04,1.014222991716350704e-03
8.566808647007805311e-01,1.250378706407772322e-01,1.607544954824883035e-02,2.516805323444877758e-04,1.954134577848938570e-03
9.173358848577821689e-01,6.911928209302398152e-02,1.233481497996173452e-02,1.767906287547279360e-04,1.033227440477414586e-03
8.720307911867555273e-01,1.102401939962092681e-01,1.626624719189840793e-02,1.546948033504443878e-04,1.308072821786286340e-03
8.523176582372224974e-01,1.230875690390582089e-01,2.178209179099746193e-02,2.773114806303271789e-04,2.535369452091576405e-03
8.481037214088830156e-01,1.279663375652576041e-01,2.071089245658754713e-02,2.262998452485171300e-04,2.992748724023366370e-03
8.178775604185967163e-01,1.560755450423837454e-01,2.216565655840869661e-02,2.200493453379701546e-04,3.661188635272974532e-03
9.606804723168738125e-01,2.853071125025705840e-02,9.686115039578077276e-03,2.382308115477721814e-04,8.644705817431902906e-04
9.895862013120922951e-01,7.490767388088628680e-03,2.549610474173256546e-03,9.752354034989706415e-05,2.758972852959809497e-04
9.878465843112026468e-01,8.960415377134859152e-03,2.806054284307998685e-03,8.749805374364985177e-05,2.994479736108833696e-04
9.967024123681729186e-01,2.388341783451130781e-03,6.347270023503823362e-04,4.148454345178799728e-05,2.330343025737678718e-04
9.978817341097484528e-01,1.578335018541840527e-03,2.807018364322838491e-04,2.468116977308763366e-05,2.345478655042503979e-04
9.984333779887815119e-01,1.167033166045373894e-03,1.745468710365675861e-04,1.514657507426828918e-05,2.098953990621925066e-04
9.979300203659332569e-01,1.651094270436780694e-03,2.483392547542107097e-04,1.910002548254844450e-05,1.514460833932640958e-04
9.975660354160953425e-01,1.966453596797619954e-03,3.278467702987387673e-04,2.168291903977464179e-05,1.179812977685059999e-04
9.992176643160699534e-01,5.974614084648862409e-04,1.209601765563413046e-04,9.743549740364014511e-06,5.417054916864275533e-05
9.990720226007961946e-01,7.456841932059845614e-04,1.003907839678453323e-04,7.789440684934601861e-06,7.411298134513243238e-05
9.985725723572952406e-01,1.153433546114044543e-03,1.845278283290689681e-04,1.246611452776012295e-05,7.700015373386326031e-05
9.986176980026467698e-01,1.144228789132348181e-03,1.425147221920375611e-04,9.700634389635744864e-06,8.585785163901739261e-05
9.982088761613737704e-01,1.506789818374012352e-03,1.871494594042536321e-04,9.630654514849363061e-06,8.755390633281755967e-05
9.988951373418901714e-01,9.208645497014094706e-04,1.159101510074502981e-04,8.526548155006439885e-06,5.956140924589516209e-05
9.990511801070327547e-01,7.436173500972433157e-04,1.255329983163427639e-04,1.188397557332344405e-05,6.778556898046933672e-05
9.988276197508246801e-01,9.246642083973192127e-04,1.758654574641140998e-04,1.296528306303114821e-05,5.888530025092061893e-05
9.987530098344826746e-01,9.707741504969471386e-04,2.019151474871301686e-04,1.502447080915190370e-05,5.927639672410695492e-05
9.995532797100923350e-01,3.554844254877370440e-04,6.110653878242917425e-05,4.708016839043913003e-06,2.542130879843698511e-05
9.993202437932318105e-01,5.539195931564472927e-04,8.760224726756988298e-05,5.662936136025657717e-06,3.257143020822853528e-05
9.997741844244316667e-01,1.807972403832546534e-04,2.815895581779436890e-05,2.653747579811854831e-06,1.420563178747082516e-05
9.992083009511990577e-01,6.319989834200045445e-04,1.197235404687555844e-04,7.932490434597177386e-06,3.204403447731575077e-05
9.991900618284697000e-01,6.641501037073623210e-04,1.076119719506204617e-04,6.303168167657204707e-06,3.187292770464178747e-05
9.996640688272755426e-01,2.669383568951988169e-04,4.266960351812268507e-05,3.534383382588812049e-06,2.278882892874882894e-05
9.989359174552355780e-01,8.277576777001284742e-04,1.694028458751307379e-04,1.437746164495797497e-05,5.254455954419190190e-05
9.992473537689210428e-01,5.929123033251478946e-04,1.128789318673274289e-04,6.651909554194581609e-06,4.020308633215229110e-05
9.995866625345954937e-01,3.266762432998593455e-04,4.913384011572780410e-05,4.126101042612053669e-06,3.340128094618499113e-05
9.990777846441333265e-01,7.272952269515059638e-04,1.225325316992634597e-04,7.943979318331906712e-06,6.444361789731826496e-05
9.981411126646350107e-01,1.511254479380152397e-03,2.455512484054088126e-04,1.022322315435332173e-05,9.185838442489497994e-05
9.988061913421526494e-01,9.370568433857257538e-04,1.907095010344701314e-04,9.135383777823507181e-06,5.690692964929711209e-05
9.970657145819337153e-01,2.316707963007706879e-03,4.590896698430371931e-04,2.208128955151361932e-05,1.364064956639011940e-04
9.972852804937066828e-01,1.843232777950423468e-03,6.751063982593893042e-04,3.832520080208311468e-05,1.580551292814261037e-04
9.979282610115838281e-01,1.284178818323984499e-03,5.545450851148136726e-04,5.944192160365651041e-05,1.735731633735744885e-04
9.969517811590568046e-01,2.242002222942999449e-03,5.623303374150996495e-04,4.757099389255097649e-05,1.963152866928288397e-04
9.990228932728008049e-01,6.982112242607726180e-04,1.741055575431930112e-04,1.783799470107226153e-05,8.695195069435981234e-05
9.987552720249821547e-01,8.592156565194313542e-04,2.488554251875977241e-04,3.086216944155626888e-05,1.057947238693927823e-04
9.982040707182173733e-01,1.347928372821058721e-03,2.926294890119508665e-04,3.957900311179920436e-05,1.157924168377776113e-04
9.962401275694110492e-01,2.938246901022973073e-03,5.806341436455017546e-04,4.130701957781759390e-05,1.996843663424627074e-04
9.974589854779211118e-01,1.901143448093109162e-03,4.670823524730011557e-04,4.640058132187384023e-05,1.263881401909281040e-04
9.972822253964768180e-01,1.988794678854077878e-03,4.236509240717214564e-04,3.943652892514284015e-05,2.658924716722491587e-04
9.948921150498124533e-01,2.481188468810427601e-03,7.085670107652040570e-04,7.864145394236047519e-05,1.839488016669771700e-03
9.873873541194501113e-01,5.754343288410573506e-03,2.123824452655173611e-03,1.736388887752735044e-04,4.560839250709000994e-03
9.725809205485458353e-01,9.772272965133454309e-03,3.154397050509623150e-03,2.015454245309127523e-04,1.429086401128015250e-02
9.850517862770035160e-01,4.579471862196210150e-03,1.187077497584340408e-03,9.516462081307280950e-05,9.086499742402762148e-03
9.973141356690542469e-01,1.561919965009506053e-03,4.819419688607260756e-04,3.446980425784400265e-05,6.075325928176769294e-04
9.944179968005721904e-01,2.623965393474478065e-03,6.022249822087403929e-04,5.603385659844176592e-05,2.299778967146086459e-03
9.973108625589478526e-01,1.297100031569612625e-03,3.271077679427800426e-04,2.814943579745621824e-05,1.036780205742248058e-03
9.948485357436561705e-01,1.306983493036400828e-03,2.612903849961354633e-04,3.192650121090436941e-05,3.551263877100305395e-03
9.729150528546554044e-01,4.026646392109235750e-03,6.012341225643980536e-04,5.708318458064817887e-05,2.239998344609032965e-02
9.771174051718516385e-01,3.083115383756412486e-03,5.859136670306211393e-04,5.927522379972344072e-05,1.915429055356154819e-02
9.729239350406087006e-01,3.016405006723274929e-03,8.698010741228307191e-04,8.882450692441648088e-05,2.310103437162079956e-02
9.826540668303879178e-01,4.904373866363768118e-03,1.213616258382505322e-03,1.209206119445399504e-04,1.110702243292131103e-02
9.843715018857216448e-01,6.752400532863201896e-03,1.750602224224838540e-03,1.846127890832523937e-04,6.940882568106965765e-03
9.620271285742828526e-01,1.176905385883095061e-02,4.418514847552493588e-03,6.573659890893939709e-04,2.112793673024445512e-02
8.842871513843586495e-01,3.745617552875026707e-02,2.436399677207267897e-02,1.046734430237554036e-03,5.284594188458074243e-02
8.744357427970417262e-01,3.592831242686016224e-02,1.678375817613858567e-02,6.460727505123818734e-04,7.220611384944694566e-02
7.196223073350956900e-01,5.601417410348949466e-02,6.092605739806580822e-02,2.187238628089710653e-03,1.612502225352591412e-01
7.337635385214491546e-01,3.694734336957970766e-02,4.423136994533485855e-02,1.960906893558587473e-03,1.830968412700776371e-01
6.781297532641461512e-01,5.334890087821016202e-02,5.380136496495246945e-02,2.317137476955550938e-03,2.124028434157355649e-01
8.273034086023227651e-01,3.749422735198857520e-02,3.306248756808583683e-02,1.580803931180498143e-03,1.005590725464224344e-01
9.069932216042555506e-01,1.433540022271676505e-02,4.140621651711010043e-02,4.900291302569982285e-03,3.236487035334754958e-02
8.250699868498467815e-01,4.104267307027018724e-02,4.716906595955668025e-02,2.196991121942542570e-03,8.452128299838403136e-02
7.190745749088072181e-01,7.134162154022764823e-02,8.130841724139144244e-02,3.060374250111532000e-03,1.252150120594623106e-01
6.567558487072214790e-01,4.184038578909909240e-02,1.101079883577075619e-01,5.767834409774730969e-03,1.855279427361971045e-01
6.694235924621660949e-01,5.906670614753507104e-02,7.435783406467369461e-02,2.782979810316510601e-03,1.943688875153085638e-01
8.062897127641832640e-01,2.963506983165879391e-02,3.922015022610562951e-02,1.755852321773421296e-03,1.230992148562789212e-01
7.964002010179159763e-01,1.896553801036907072e-02,3.929984319769976031e-02,1.430258913884300490e-03,1.439041588601308042e-01
7.312422960488955681e-01,2.534102936965595271e-02,3.243950257168008722e-02,1.018250842481355570e-03,2.099589211672871769e-01
8.176779317074731601e-01,2.434423910675963601e-02,2.535453298983623288e-02,9.100614975065346533e-04,1.317132346984243307e-01
8.465350096999572083e-01,1.276836444009120212e-02,1.060706693022489891e-02,4.793130112682992649e-04,1.296102459184583777e-01
8.702645808687895501e-01,1.685926893699263990e-02,1.285921092599266909e-02,4.903370346751892385e-04,9.952660223355003222e-02
8.547157082025216290e-01,1.623407894343546765e-02,1.259198531193602734e-02,5.230482121163120609e-04,1.159351793299907007e-01
8.738012403711314935e-01,1.905429623946779810e-02,3.737372758960755964e-02,1.861907837630015147e-03,6.790882796216311801e-02
7.033722961750630276e-01,3.211824464367273035e-02,6.877245291220912549e-02,2.259058384507672650e-03,1.934779478845473355e-01
6.319777468910989793e-01,5.363671625177759278e-02,7.769727489381925145e-02,2.387098208799818405e-03,2.343011637545044101e-01
7.428274783204729115e-01,6.571785839149396798e-03,1.661915665366745648e-02,1.278018133128595510e-03,2.327035610535816423e-01
6.358913220976332159e-01,2.446360329153590696e-02,2.510704772075813412e-02,1.011177306141280985e-03,3.135268495839315106e-01
5.418248337260881398e-01,3.760997427381956859e-02,3.906551804802901873e-02,1.032982132539980724e-03,3.804666918195231951e-01
5.116619349901289082e-01,4.862258045351014468e-02,4.442792901486569690e-02,8.962407394817935866e-04,3.943913148020135040e-01
3.902674184096825982e-01,5.207336704108588010e-02,4.047828316471839549e-02,7.371329464773997532e-04,5.164437984380357838e-01
5.543328534999125701e-01,4.747197488882157895e-02,4.237201625419154821e-02,6.367282151877372374e-04,3.551864271418866403e-01
6.312635495727793034e-01,2.656051733611186280e-02,4.139696785973135534e-02,6.996762276100838710e-04,3.000792890037672911e-01
6.699791861908945823e-01,2.426664835164132894e-02,2.248197192782993431e-02,4.357838380516944722e-04,2.828364096915824133e-01
6.091192406008039129e-01,2.290240442558878764e-02,3.101163927206291443e-02,6.426850163030489076e-04,3.363240306852413042e-01
6.074151528061584315e-01,2.142986612980011044e-02,3.698441784080774147e-02,6.801563102208291797e-04,3.334904069130129600e-01
5.672213462873270107e-01,2.470306811347288203e-02,5.241746478836499523e-02,8.562395965573878654e-04,3.548018812142776368e-01
4.881905878391215037e-01,3.857956363040870862e-02,5.147025689121077080e-02,8.320081937451519411e-04,4.209275834455138976e-01
6.000302112533729693e-01,1.569670759958191955e-02,4.953939757859221471e-02,1.050210919106956331e-03,3.336834726493458914e-01
5.471467572504264965e-01,3.278977006153375312e-02,7.210838826932396139e-02,8.779813553456967783e-04,3.470771030633701959e-01
5.120474924108496806e-01,3.373488801505621776e-02,7.022994211003535936e-02,9.510065277606478008e-04,3.830366709362981181e-01
4.191069102006832470e-01,3.987552960645897315e-02,8.728294448906252778e-02,1.538071877935853152e-03,4.521965438258594427e-01
5.504829011418441720e-01,1.969304783277428181e-02,4.650551135391292612e-02,1.246735656627300176e-03,3.820718040148413097e-01
5.768478480789963614e-01,1.693171285835950307e-02,3.187327167876512907e-02,1.237441066522518545e-03,3.731097263173563383e-01
4.760715821109370860e-01,4.650008381139900809e-02,6.009262989677512101e-02,1.077882654678537135e-03,4.162578215262103254e-01
5.014210704793178319e-01,2.039546738968334161e-02,7.127313689929400120e-02,1.984500577468343695e-03,4.049258246542363771e-01
6.908190443765288569e-01,1.063766608313954781e-02,4.012862333848558893e-02,1.693394066572609380e-03,2.567212721352734595e-01
7.070113715824275502e-01,1.557864741580414561e-02,4.287754813982706803e-02,1.377958896721428973e-03,2.331544739652196274e-01
7.217673290332962122e-01,1.410220917219187804e-02,3.934826323691922173e-02,9.585164452273115844e-04,2.238236821123655018e-01
5.286643790432555834e-01,2.551802161175696637e-02,7.280248715256697201e-02,1.922848120981713368e-03,3.710922640714388043e-01
5.051608188275338307e-01,1.986918342571742518e-02,5.013949012419779278e-02,1.652437580484336036e-03,4.231780700420667563e-01
6.132877649643938556e-01,2.005959689967012557e-02,4.731511601450286153e-02,2.151758578657879568e-03,3.171857635427753341e-01
7.847135061603568440e-01,2.578226441965245433e-02,1.633785816848916383e-02,5.082817770435688878e-04,1.726580894744579875e-01
7.848773514418322383e-01,3.757893296069671901e-02,1.278052028194937018e-02,3.434208937259991198e-04,1.644197744217956447e-01
8.465893956466956638e-01,3.007076506178397654e-02,6.784557007169766604e-03,2.123420030019621983e-04,1.163429402813487556e-01
9.150951457050356952e-01,2.240753864883512914e-02,4.247230107254309009e-03,1.649194301214919692e-04,5.808516610875341657e-02
8.271833975555652474e-01,1.643296079437657486e-02,3.503001904835123873e-03,1.413824757535442355e-04,1.527392572694695749e-01
7.886701327033487363e-01,1.228807414207223371e-02,5.384131277028888878e-03,1.891246609667325594e-04,1.934685372165833583e-01
8.012920876839676465e-01,1.885398197616148033e-02,8.171833754210041517e-03,2.080342792349175311e-04,1.714740623064259228e-01
9.138681863795611315e-01,1.254111803409628696e-02,2.092879893427950725e-03,5.614594398608273464e-05,7.144166974892866839e-02
8.803520815943626232e-01,9.103141418995560827e-03,2.045455852614290210e-03,7.179650305475285786e-05,1.084275246309728824e-01
8.357002855810832243e-01,1.190403199332955644e-02,5.787927046141699838e-03,1.372839091340695471e-04,1.464704714703115584e-01
8.062464418526988919e-01,1.735539571979549320e-02,1.075494553914150588e-02,2.209238484004340112e-04,1.654222930399637526e-01
8.054034357856202364e-01,2.072276006516734007e-02,5.356547577671551784e-03,1.289354289694968848e-04,1.683883211425712956e-01
8.099850541702356965e-01,1.349398453944352511e-02,4.270955650397889082e-03,9.927084391775893384e-05,1.721507347960051504e-01
