4.148447684278353531e-01,8.102334483396858578e-02,1.105693232569151252e-01,1.209096596154891727e-02,3.814715975197319753e-01
4.333567572441264781e-01,2.166493979826740190e-01,9.374181071174651769e-02,1.592474101490473550e-03,2.546595599599625337e-01
3.795675244044145469e-01,3.120779616865729800e-01,1.321982723580046315e-01,1.435363458694870545e-03,1.747208780923130700e-01
6.313517188361775778e-01,2.347738477654117695e-01,8.400195329975806979e-02,6.607645518535467917e-04,4.921171554679910215e-02
8.285395874438697961e-01,6.134151633385468566e-02,6.610359031375651062e-02,1.271282387764553854e-03,4.274402352075446637e-02
9.688320457749998171e-01,1.652629815865514287e-02,5.690377634788606163e-03,1.559111374795630310e-04,8.795367294076924386e-03
7.873759169947143199e-01,1.536182145030459967e-01,3.612998580412880856e-02,3.348134219978441610e-04,2.254106927611317437e-02
4.266265823531928403e-01,4.269117476364553410e-01,1.241398308989611621e-01,3.176904067611170061e-04,2.200414870462955377e-02
1.890105109622747803e-01,3.182638545508676975e-01,4.845181314866252587e-01,7.920747726839354229e-04,7.415428227548303067e-03
4.281418967236478856e-01,3.141913708438212050e-01,2.459950116562920341e-01,6.341774805241592915e-04,1.103754329571482798e-02
4.911827821503677027e-01,2.821748198633142191e-01,2.146881304422227632e-01,5.388137842973837310e-04,1.141545375979795621e-02
7.699338783817585297e-01,1.100602229656385267e-01,1.092065390381919965e-01,5.622052193902699231e-04,1.023715439502081472e-02
8.775380794417526609e-01,7.806014559091804805e-02,4.013137827561891191e-02,2.378615060073646897e-04,4.032535185702988863e-03
8.787818712056245651e-01,8.609365093450981055e-02,2.355920766393707760e-02,1.108061462659989558e-04,1.145446404966258061e-02
7.050044931892198719e-01,2.147684863379794862e-01,3.495350987958674438e-02,1.433642900511724976e-04,4.513014630316280335e-02
7.858386453208395794e-01,1.104541923372570622e-01,8.941533176706778496e-02,6.319244809738564081e-04,1.365990609386196104e-02
6.781358753542459095e-01,2.026057645266966523e-01,7.580623858344305577e-02,4.053951844614736197e-04,4.304672635115289192e-02
7.080763029590249058e-01,1.895611576543569654e-01,5.312492743644751242e-02,3.018476808822207207e-04,4.893576426928844536e-02
4.858062271691059308e-01,3.574641905616354753e-01,1.071942346114294342e-01,4.351509070875261647e-04,4.910019675074162038e-02
3.314921762954522455e-01,4.707960633327458733e-01,1.579050696463185077e-01,4.627608892802664441e-04,3.934392983620307871e-02
3.809110561896562608e-01,4.258270897969940183e-01,1.142612299976580176e-01,4.383037681720391835e-04,7.856232024751970411e-02
8.025880935134840355e-01,1.402800229365112339e-01,4.799456373214477933e-02,4.060068496522442746e-04,8.731312968207654429e-03
7.953706628041095072e-01,1.482934638696821739e-01,5.056198079929698913e-02,3.029035528039190515e-04,5.470988974107387180e-03
6.020351283912186435e-01,2.493340849908132206e-01,1.358738384413402112e-01,9.004886830065100345e-04,1.185645949362138483e-02
5.590926126496316151e-01,3.080378379102597375e-01,9.675224754385376713e-02,4.239528818255590349e-04,3.569334901442926256e-02
3.263573783238243875e-01,4.937461859492032201e-01,8.056286178391085240e-02,2.357068494460447228e-04,9.909786709361551038e-02
1.532506014150322171e-01,5.326784428257663739e-01,9.385279315550425216e-02,1.721299444110493417e-04,2.200460326592861005e-01
1.695669918971901557e-01,3.489709114409497159e-01,5.681771857492678990e-02,1.522949133955141471e-04,4.244920831735378153e-01
2.040729397263676692e-01,3.664150873966914301e-01,1.399689648710958911e-01,2.780310372102783511e-04,2.892649769686346239e-01
2.267318873077140973e-01,2.483181774688192067e-01,1.758469213172822454e-01,4.500975933458265161e-04,3.486529163128386233e-01
1.822270599200755403e-01,3.541869166192797569e-01,1.493409637438597448e-01,3.032924096192209573e-04,3.139417673071656645e-01
6.881844117824285900e-02,2.457047923127509415e-01,3.035411654113105429e-01,3.175908090247162789e-04,3.816180102886709280e-01
8.946869376291941012e-02,2.595163588875566418e-01,1.612671002617547811e-01,2.149471397123659444e-04,4.895328999480568211e-01
4.386124164520863733e-01,1.001316939369908399e-01,1.141688705059486914e-01,4.173340379423446322e-04,3.466696850670317187e-01
3.460089814766212357e-01,1.260221214430934100e-01,2.239352418034446790e-01,7.485533827098980611e-04,3.032851018941307153e-01
2.606212944952922550e-01,2.169453071999642990e-01,1.624819275825768461e-01,3.447613407948308469e-04,3.596067093813717919e-01
1.382747523376241794e-01,1.667434462674418916e-01,9.461594779015072842e-02,2.125567813194309498e-04,6.001532968234637444e-01
5.801518741256665029e-02,1.093799720704827089e-01,9.803824177246706073e-02,3.053948218073117738e-04,7.342612039226762422e-01
4.253782345109936164e-02,4.702713036951370468e-02,4.560872183863581147e-02,2.102844052184006174e-04,8.646160399355327097e-01
2.518457532801537252e-02,3.685729962749721006e-02,5.955649006496895742e-02,3.506479364050697962e-04,8.780509870431133512e-01
4.362043619297719527e-02,1.585922227724602743e-02,1.187756651665292443e-02,1.583247403766016039e-04,9.284844502727471749e-01
5.679092086698340341e-02,2.846642946427552917e-02,1.778498713576767698e-02,2.667463627103390826e-04,8.966909161702630859e-01
3.612731041601043025e-02,1.453164801674920389e-02,2.215842625388325313e-02,2.266655312368407035e-04,9.269559497821202587e-01
3.795909811201391565e-02,5.217703562326334032e-02,5.625822866930170474e-02,4.115110322438343769e-04,8.531941265631771687e-01
6.317139049467970779e-02,3.373809766585911946e-02,4.358765144356789578e-02,3.355082696548803345e-04,8.591673521262382929e-01
1.251393560053062071e-01,5.538367793167053160e-02,3.997285456365616552e-02,3.538222073529982172e-04,7.791502892920141310e-01
7.687254634933465836e-02,1.109330339616330374e-01,7.664717029931979175e-02,4.839762260322607278e-04,7.350632731636802530e-01
7.197112287109172502e-02,8.496654597959260591e-02,6.011846264031042719e-02,5.496759083377662346e-04,7.823941926006673375e-01
8.741871585912580622e-02,4.182523615993864047e-02,2.379036859848690857e-02,4.241204144656060397e-04,8.465415589679828878e-01
1.255960377049278598e-01,5.814110709904075219e-02,8.704927925038495606e-02,1.944875065091941592e-03,7.272687008805545084e-01
1.122725202637541719e-01,3.285757642931347311e-02,2.068633519664415249e-02,5.431291835387643159e-04,8.336404389267494386e-01
8.189105781404247553e-02,2.411953844119437557e-02,1.376354514010271445e-02,3.682290620548988994e-04,8.798576295426054905e-01
7.957128872465603353e-02,3.828369300285139332e-02,2.463433191946383036e-02,6.892609266501802242e-04,8.568214254263785135e-01
8.659727315317136687e-02,4.208631114634360515e-02,3.582154310510277107e-02,9.063557610214523089e-04,8.345885168343607496e-01
6.606215469214025970e-02,6.739669360889993799e-02,3.025157042797367579e-02,4.478858724664633588e-04,8.358416953985194908e-01
1.055057603558265389e-01,3.943728138081006862e-02,2.399038038684620650e-02,4.703534064156606343e-04,8.305962244701015074e-01
4.822598593797930433e-02,3.924463491173342533e-02,1.200818743086648314e-02,1.994236347900437767e-04,9.003217680846307136e-01
3.600105837726976649e-02,2.528450318624455087e-02,9.649176050574175684e-03,1.865393843124282867e-04,9.288787230015989049e-01
4.028592909171464786e-02,1.237471788329235975e-02,4.169677461485657086e-03,9.221635216663702441e-05,9.430774592113407850e-01
1.641327874502332140e-01,2.764775151691622329e-02,7.971691088692677701e-03,2.558477310387419299e-04,7.999919222131192109e-01
2.743160221722391601e-01,2.911600899908402956e-02,1.113259886590883818e-02,2.966521549446489675e-04,6.851387178078232054e-01
5.160294193094250303e-01,3.771924090043479727e-02,9.065800753855619148e-03,2.391079813432998478e-04,4.369464310549413533e-01
2.968795235888628259e-01,5.689596383848781469e-02,3.259553813516012644e-02,8.209906277953221958e-04,6.128079838096938126e-01
3.148035749766128766e-01,9.571025555330767154e-02,3.527046684579385888e-02,7.496022726922059844e-04,5.534661003515932709e-01
1.299649480762887777e-01,6.770183485920146238e-02,2.345740572667134871e-02,4.269981786674498605e-04,7.784488131591709159e-01
1.470431886095249774e-01,7.756538987863223489e-02,2.986262488598701026e-02,5.225912288215977218e-04,7.450062053970341047e-01
1.301016684710285254e-01,7.299353944867445487e-02,2.819724010515903961e-02,5.053633119869467951e-04,7.682021886631508201e-01
8.820322632505468718e-02,2.969016677928842246e-02,1.401162429555182810e-02,2.657112838542325089e-04,8.678292713162506500e-01
1.273611846411489279e-01,3.701895227883623962e-02,2.057352526179310678e-02,4.487094493245804075e-04,8.145976283688969311e-01
1.599769292831196565e-01,4.444610393231010481e-02,1.393696733514399912e-02,4.152961242001216528e-04,7.812247033252260886e-01
1.023145738689780759e-01,5.847620985902471369e-02,7.160948546335349496e-02,1.336459080884282689e-03,7.662632717277594319e-01
8.265547532816036602e-02,4.710652037567636397e-02,5.247384285740207266e-02,8.424272061255282974e-04,8.169217342326358100e-01
4.865660480551443207e-02,3.710903270896992456e-02,3.041112068607518953e-02,3.967736003563064476e-04,8.834264681990841028e-01
8.357460871172321670e-02,5.612372193412569488e-02,8.596846915546005330e-02,1.306810907603674771e-03,7.730263892910875789e-01
9.269539115746809610e-02,3.712268089350111155e-02,5.255311948337607758e-02,1.126257765739409030e-03,8.165025506999153970e-01
7.601080344026533986e-02,6.782761539764909850e-03,6.772464186104961911e-03,2.429276267686554091e-04,9.101910432070962065e-01
8.712116180870210780e-02,7.152247567081602628e-03,8.683492268142509185e-03,3.077443279343988064e-04,8.967353540281393087e-01
1.711843824483449406e-01,7.612740095431145410e-03,7.544463942281059987e-03,3.012116037080528547e-04,8.133572019102349726e-01
5.509138035278040441e-02,2.300124276348074811e-03,2.018239307757910533e-03,8.224191611844690526e-05,9.405080141469951416e-01
3.545549492772774869e-01,5.434605148117546344e-03,2.280234776718018802e-03,7.494936301819024582e-05,6.376552614348688364e-01
2.784004055160118618e-01,3.256313820820528476e-02,2.100946202967649001e-02,4.219174827699430060e-04,6.676050767633364691e-01
4.390635983843660384e-01,6.099883313587139283e-02,8.099107875459998773e-02,2.190378300978675780e-03,4.167561114241837839e-01
5.757129254780464223e-01,7.442930750448126243e-02,6.095052252809454729e-02,1.585124729204684738e-03,2.873221197601730781e-01
7.423925213061044470e-01,6.752825533441214612e-02,3.080580528176984564e-02,5.382467638963693742e-04,1.587351713138171472e-01
5.839143721174728796e-01,1.272693499561577402e-01,7.018775245916157590e-02,1.050863964323844706e-03,2.175776615028838235e-01
8.268048082341470373e-01,1.107476223956303518e-01,2.533525326476638445e-02,2.310609141354036042e-04,3.688125519132091218e-02
9.639296060719650949e-01,2.243337628768676817e-02,3.249916985740839044e-03,3.806804908776503029e-05,1.034903260551941172e-02
9.635277121141312406e-01,1.730655849413012537e-02,2.592378454045920436e-03,6.260428123402350848e-05,1.651074665645832842e-02
9.874701890407810989e-01,4.537769468157083069e-03,7.906948365306495355e-04,4.057957362290258777e-05,7.160767080908454589e-03
9.521880452859184940e-01,1.900603212347738019e-02,3.541469559017016051e-03,1.529200341919434859e-04,2.511153299739525210e-02
8.475891833834072742e-01,7.889273420513935597e-02,3.533981382679050182e-02,6.354391822189431804e-04,3.754282940244405009e-02
8.094454796989625223e-01,3.587581281953669543e-02,8.177700592378385480e-02,6.321737655241950124e-03,6.657996390247504503e-02
9.014513401973653917e-01,1.790239958246945054e-02,6.134038093617456833e-02,9.974680855651108652e-03,9.331198428339433984e-03
9.876362106362635007e-01,5.459980214643534412e-03,4.733176330966789094e-03,5.522012467559911765e-04,1.618431571370168446e-03
9.945290844200093128e-01,3.201641067417151151e-03,1.072729274217126784e-03,1.048880230021260313e-04,1.091657215354464514e-03
9.734723999381059700e-01,2.089141882917183723e-02,3.475051624092252104e-03,1.329346758549277124e-04,2.028194932774945048e-03
9.241277962285404657e-01,5.706792249397229372e-02,1.594157244555769945e-02,3.102759930084391412e-04,2.552432838921166788e-03
9.803424099956576931e-01,1.552630896110405306e-02,3.196642301161322849e-03,7.819179794029471455e-05,8.564469441365690208e-04
9.823356262513414094e-01,1.461774744014324168e-02,2.326114945696975810e-03,6.655764670543416522e-05,6.539537161129361804e-04
9.929582690458462757e-01,5.921006069265381117e-03,7.343118526151102112e-04,3.448796014021440840e-05,3.519250721328939530e-04
9.944712695886772647e-01,4.671335821369140655e-03,5.468094942359455609e-04,2.558607219769589979e-05,2.849990235200066074e-04
9.963297935111938841e-01,3.119495226295635783e-03,2.676018963436656468e-04,1.433992852685578201e-05,2.687694376401297304e-04
9.972683467473699714e-01,2.379020476683092224e-03,1.774312636189470682e-04,7.547711531335967328e-06,1.676538007966500493e-04
9.959901127209221938e-01,3.308876019766563044e-03,2.251819298238236472e-04,1.081350712971315835e-05,4.650158223575276070e-04
9.892042694591095531e-01,9.025068214671640512e-03,4.499105530618297119e-04,1.910717410433820403e-05,1.301644599052772687e-03
9.867017319738866643e-01,1.059417276622381075e-02,6.036016906322982543e-04,2.667840796841252233e-05,2.073815161288597182e-03
9.856537689720582529e-01,1.150646259306986260e-02,6.284988134182151751e-04,2.939686461928311590e-05,2.181872756834400337e-03
9.945413411385775060e-01,4.488047676356851819e-03,2.881041052303805802e-04,1.517036281804359092e-05,6.673367170170986171e-04
9.905980881958874606e-01,8.003957515732547726e-03,5.889011502162767734e-04,2.996219790965412116e-05,7.790909402540355157e-04
9.969176641579360343e-01,2.498853149571273434e-03,1.633063740613294082e-04,1.093546979062428578e-05,4.092408486406789482e-04
9.654078478905873117e-01,2.967232027224131138e-02,3.467510713024952486e-03,8.048423615262213977e-05,1.371836887993938339e-03
9.942984772641761948e-01,4.754946159432489258e-03,5.818712156901740271e-04,2.142968500825495758e-05,3.432756756928107673e-04
9.975419617023516539e-01,2.106505001177342348e-03,1.954801441483236134e-04,8.315255802513717230e-06,1.477378965201969730e-04
9.959950776382326953e-01,3.540149565004410259e-03,2.059423271555397476e-04,9.613303955878659446e-06,2.492171656514728271e-04
9.946294769619351550e-01,4.742003891043617206e-03,3.252804140440883514e-04,1.210160874182560359e-05,2.911371242353662041e-04
9.867016139239281891e-01,1.147965145100441654e-02,1.293061461026795596e-03,2.407379800104031672e-05,5.015993660396415562e-04
9.907746136201012188e-01,8.091328457063224136e-03,7.574844752525666846e-04,1.977935073775800493e-05,3.567940968451441134e-04
9.850089751635159319e-01,1.342597331232605641e-02,6.856199974926630632e-04,1.814284039940494345e-05,8.612886862657981877e-04
9.966184485845532848e-01,2.840907701927879690e-03,1.249829737516454961e-04,5.736790734550638672e-06,4.099239490327308993e-04
9.946403410762537645e-01,4.366610340990954159e-03,2.137054651788493126e-04,1.048813612573032374e-05,7.688549814505745870e-04
9.878774170597458548e-01,7.826503418764023737e-03,3.427041588772676149e-04,1.700472263453494255e-05,3.936370639978394731e-03
9.923259460672682053e-01,5.521360444465157717e-03,1.913024577132357677e-04,1.015852213477932987e-05,1.951232508418436267e-03
9.935052288446826196e-01,5.045427625786666308e-03,1.824484734155685866e-04,1.049494822044602478e-05,1.256400107894796144e-03
9.906605334893121562e-01,7.624145764371143344e-03,2.823211423260326694e-04,1.530021351131771872e-05,1.417699390479310257e-03
9.968931642129997828e-01,2.611192809587684245e-03,1.143912086941868331e-04,8.736974064170562255e-06,3.725147946542581995e-04
9.893324560442706694e-01,9.399085651686286264e-03,3.273180701596972784e-04,1.799230109541605235e-05,9.231479327878450419e-04
9.929840945668543251e-01,6.114956766602728730e-03,2.375572862363846134e-04,1.155332398413293903e-05,6.518380563223164555e-04
9.647040212714615981e-01,3.245471621158103198e-02,8.719953073555556950e-04,2.549535668907060591e-05,1.943771852912717403e-03
9.357557554224888996e-01,5.985569905529793816e-02,1.714250934548214051e-03,3.430628342766547207e-05,2.639988304237146990e-03
9.257074678197962925e-01,6.889336875576727859e-02,1.844284997994597190e-03,3.082465577042871059e-05,3.524053770671354505e-03
8.635978617879175312e-01,1.260867626332678737e-01,4.585354897191161461e-03,5.956369268488815937e-05,5.670456988938513479e-03
5.992158583066249378e-01,3.573899536993308534e-01,3.244853646570419747e-02,1.791963653926674678e-04,1.076645516294733214e-02
5.120594353633753926e-01,4.165575324323699258e-01,3.641209920038533665e-02,1.705350679032133047e-04,3.480039793596607228e-02
6.929372804635426375e-01,2.669297454832608718e-01,2.868142988003183347e-02,1.508666708110510365e-04,1.130067750235360866e-02
8.650606516164957016e-01,1.188101978540134079e-01,8.215196291297808054e-03,5.950893889576996877e-05,7.854445299297418276e-03
9.398119200857737443e-01,5.165881689169516539e-02,2.538530254564910597e-03,1.727402451119283699e-05,5.973458743454972131e-03
9.720747406934289181e-01,2.346588332183418418e-02,1.070982784103837902e-03,1.458112200851659294e-05,3.373812078624589816e-03
9.619870630514604226e-01,2.772307439051828470e-02,2.121696513647142353e-03,3.130495792788763767e-05,8.136861086446327967e-03
9.048942519452572997e-01,7.957121251573021081e-02,4.782720908938108660e-03,5.404018185394754089e-05,1.069777444822033602e-02
9.484730571515980202e-01,4.610411309763391002e-02,2.201352665329283590e-03,2.687471866463060025e-05,3.194602366774069828e-03
8.398999428276618939e-01,1.320790042557543065e-01,5.543774700808112507e-03,5.039992576974153650e-05,2.242687829000606856e-02
8.412369320889027113e-01,1.390496468070257785e-01,7.409264791234806448e-03,4.204037258268234829e-05,1.226211594025416497e-02
8.756006159256389809e-01,9.965462817861100997e-02,4.049758828159333301e-03,2.568826821018037890e-05,2.066930879938065277e-02
7.905542176919194697e-01,1.819853918890239897e-01,8.236454995122077447e-03,4.153637428079558246e-05,1.918239904965378384e-02
8.658018902317271559e-01,1.192439911365265615e-01,5.179984296331983581e-03,2.742173675130596649e-05,9.746712598662846117e-03
6.291585768158406422e-01,3.449308481399015469e-01,1.307965948412352468e-02,5.464159900088495905e-05,1.277627396113346567e-02
6.835303494425660764e-01,2.849391446792713944e-01,1.172994895242575851e-02,4.994540231755229622e-05,1.975061152341910792e-02
9.794780458642553533e-01,1.766144093917778116e-02,8.183515722848093161e-04,9.175137242399488514e-06,2.032986487039544626e-03
9.281133008345551216e-01,6.461361664030541851e-02,3.200606724111788697e-03,3.025776933880934227e-05,4.042218031688842722e-03
9.165778220435802925e-01,7.232713587538605604e-02,2.764612255820662889e-03,2.485596223575030266e-05,8.305573862977311261e-03
8.898514965303083724e-01,8.912408410236422052e-02,4.419981626549159687e-03,3.381724327916338032e-05,1.657062049749903967e-02
9.385975407226910816e-01,4.885036721035777157e-02,6.573924238345626309e-03,6.724955548807558768e-05,5.910918273117545321e-03
9.775592960543110221e-01,1.805099225237432811e-02,2.476553042304073700e-03,3.351130052300093254e-05,1.879647350487523684e-03
9.837502537091176169e-01,1.378652916143080151e-02,1.357076242281926321e-03,2.139172029891830848e-05,1.084749166870783337e-03
9.969644806988212649e-01,2.623361495037757150e-03,1.448810175187897203e-04,4.861412702025565434e-06,2.624153759201409367e-04
9.888266137870713735e-01,1.006651687035622737e-02,3.409466993366265975e-04,9.735853671956465799e-06,7.561867895639364217e-04
9.709404430952389697e-01,2.635830206692022296e-02,6.578941539780064655e-04,1.639750897989365849e-05,2.026963174882897342e-03
9.765596189106113822e-01,2.095934146245628099e-02,6.095498774416318591e-04,1.512978887101856648e-05,1.856359960619566448e-03
9.909946396032190963e-01,7.985282458027192359e-03,2.903229958413481074e-04,7.836128798746825447e-06,7.219188141137174077e-04
9.151981104353003049e-01,8.077201226459572447e-02,1.648799375029533958e-03,2.340589391586979343e-05,2.357672031158679262e-03
8.641450986989246408e-01,1.299931461457552173e-01,2.679021815450501574e-03,2.102382778414280486e-05,3.161709512085515445e-03
7.150135052211430420e-01,2.740011611062719288e-01,6.264275078422813087e-03,3.130785914252459624e-05,4.689750735019763278e-03
7.453742659141271432e-01,2.402498819400927521e-01,1.082720799728363430e-02,4.300247551073645093e-05,3.505641672985928149e-03
5.843146804432145514e-01,3.892362215441905193e-01,2.298520867131438952e-02,8.813823812870004253e-05,3.375751103151789379e-03
8.073836356260506442e-01,1.499429321181824093e-01,3.991887701006185257e-02,2.203813430461120683e-04,2.534173902658826832e-03
6.750439875019921265e-01,2.794446479951952500e-01,3.827718040924842774e-02,1.708023120075389818e-04,7.063381781556702689e-03
8.229793513095701174e-01,1.487031256652033839e-01,1.756558702413683892e-02,1.260196895134447137e-04,1.062591631157631597e-02
7.686109276713194438e-01,2.006505951254284881e-01,1.440503019297322343e-02,1.061710307153889424e-04,1.622727597956355461e-02
9.539788899184872273e-01,3.889008840009486323e-02,3.291922065578808954e-03,3.209850111849606765e-05,3.807001114720723334e-03
9.567283641219660462e-01,3.319597116780853563e-02,3.018165409244867765e-03,2.872980409651666492e-05,7.028769496884134348e-03
8.900423514192931096e-01,9.298136509275932438e-02,7.366882986537263284e-03,5.465467872561268874e-05,9.554745822684625189e-03
9.605417247370124922e-01,3.415549875474613306e-02,2.409338589355785980e-03,2.318807446093694387e-05,2.870249844424676948e-03
9.260574433298270902e-01,6.870627356390673901e-02,2.765110984175277609e-03,2.417001931290795960e-05,2.447002102777992918e-03
9.098348332535072247e-01,8.443057705474456276e-02,3.068000970382308342e-03,2.644853939262773598e-05,2.640140181973272843e-03
9.696168302681593687e-01,2.749836710156317379e-02,2.078062322090690802e-03,2.321160094646313609e-05,7.835287072402773254e-04
9.926881708097997636e-01,6.520908238888761810e-03,5.522363746515353842e-04,1.264067168677336982e-05,2.260439049732513835e-04
9.732480738080392380e-01,2.504868392439340077e-02,1.225183057555127462e-03,1.959486602651772645e-05,4.584643439857596968e-04
8.385146059192514212e-01,1.476750153930595499e-01,1.280025633611999933e-02,9.138366283124395491e-05,9.187386887376968641e-04
9.494968852444938268e-01,3.612794297832415402e-02,1.308263545065789860e-02,2.185262530569890475e-04,1.074010073467137998e-03
9.676721447365297379e-01,1.681618767250184568e-02,1.149264023374164424e-02,5.173431767648015503e-04,3.501684180462029568e-03
9.853538413443463373e-01,8.125304228488117175e-03,5.094493776224324685e-03,3.878077633293712783e-04,1.038552887611850868e-03
9.964658190116287839e-01,2.201025009794234117e-03,9.895963197457755683e-04,7.357441331429448927e-05,2.699852455169777718e-04
9.966168663650755155e-01,2.159331263833156288e-03,9.716068818553112892e-04,4.706985585868736673e-05,2.051256333772400993e-04
9.893894351206929949e-01,6.241594423166802429e-03,3.827313240216366486e-03,1.855925963974646385e-04,3.560646195262238446e-04
9.528590543983893602e-01,2.094635583384786559e-02,2.369591233774901232e-02,1.142825121101548151e-03,1.355852308912222680e-03
9.958846843922966041e-01,1.890833887953350572e-03,1.680143132135490745e-03,1.912099699760310735e-04,3.531286176384553790e-04
9.949626681338209488e-01,2.378325420518489098e-03,1.546849406600166611e-03,1.672663782554822010e-04,9.448906608048568932e-04
9.919811117482445484e-01,3.998280946843222640e-03,1.542705909240895150e-03,8.278027193991106358e-05,2.395121123731476509e-03
9.956173278897084700e-01,1.964863161493236171e-03,7.151520261675231582e-04,5.633535968377971731e-05,1.646321562947014811e-03
9.972342546292676246e-01,1.708123606288180010e-03,4.468813545816344461e-04,2.655144962623070789e-05,5.841889602362843915e-04
9.858781006436869720e-01,8.703400080048115731e-03,2.242704816352058313e-03,8.898848904335570676e-05,3.086805970869538167e-03
9.658443004106358476e-01,1.883937462342305524e-02,6.822319904747594851e-03,1.772895661636548473e-04,8.316715495029743457e-03
9.599733687424504280e-01,2.515189734162857904e-02,6.750763566649350608e-03,1.073069143799408696e-04,8.016663434891810325e-03
9.910557252065520517e-01,4.727180348254012530e-03,2.174939216702231979e-03,8.376031039097917919e-05,1.958394918100719601e-03
9.870563777263277050e-01,6.603360588497187572e-03,4.551058626295531248e-03,2.682328438109039923e-04,1.520970215068610234e-03
9.883418758268713855e-01,4.958699909703040767e-03,4.438269544306531166e-03,3.992742743770375555e-04,1.861880444741975237e-03
9.718378579287837438e-01,1.071725215552890922e-02,9.690675630609640184e-03,7.317721412545050543e-04,7.022442143822999784e-03
9.577879348866090714e-01,2.112072728386183221e-02,1.010467481797797454e-02,4.396026066441862030e-04,1.054706040490692096e-02
9.458694896404978847e-01,1.405107589571424898e-02,1.748574671472999387e-02,1.519767886909051402e-03,2.107391986214885229e-02
9.603993118249329886e-01,1.424391873981212947e-02,8.686728778929854108e-03,3.525567279363161686e-04,1.631748392838900524e-02
9.686631403291229292e-01,7.947855648995855518e-03,6.076892431225686640e-03,2.883105110855462352e-04,1.702380107957006741e-02
9.537120035814217189e-01,1.309561318172331595e-02,9.318660942180140641e-03,3.951872918319957123e-04,2.347853500284287354e-02
9.804133328186025453e-01,7.361699070036315483e-03,2.923523483449378541e-03,9.775943026739056111e-05,9.203685197644204466e-03
9.708413392112849039e-01,1.320190187768900507e-02,3.828195450321086359e-03,8.139238849692653288e-05,1.204717107220815847e-02
9.720356961281275687e-01,9.779483648958982311e-03,3.033397683404949127e-03,6.748688296803195276e-05,1.508393565654047794e-02
9.971376809731660185e-01,1.495664505070367755e-03,3.716761842349981175e-04,1.701900570324546005e-05,9.779593318251626494e-04
9.985977153397008754e-01,8.907041896812160214e-04,1.978793857479827986e-04,1.399236723051084980e-05,2.997087176394218843e-04
9.992153392579973259e-01,5.284552738962877520e-04,1.049005185032687783e-04,9.530389563339333885e-06,1.417745600398528461e-04
9.988563478625938075e-01,5.745405596609254708e-04,2.293307286539454236e-04,5.064054938618077728e-05,2.891402997051492748e-04
9.975499238008129765e-01,1.134917671475481164e-03,3.841599519719808651e-04,5.459400991305409417e-05,8.764045658266130011e-04
9.983618795207862551e-01,8.702816043532207724e-04,4.675265739530236808e-04,7.446512939627116315e-05,2.258471715110956575e-04
9.929149916045164614e-01,4.166539276308136447e-03,2.001317640286997320e-03,2.822435123263107169e-04,6.349079665619492777e-04
9.950932370442188146e-01,1.335654852709865746e-03,1.087822228071341334e-03,2.715511662719160787e-04,2.211734708728044924e-03
9.963185611651856899e-01,1.122624364384296409e-03,4.598572110093388930e-04,1.060166923854497244e-04,1.992940567035314872e-03
9.967463465326888983e-01,1.850689493822065684e-03,4.743928873049639539e-04,5.025493212628933250e-05,8.783161540578411077e-04
9.828788343586429832e-01,7.178962143893540850e-03,5.193274586684023739e-03,7.493070433360240600e-04,3.999621867443435737e-03
9.749168863971621191e-01,1.136451924332157817e-02,4.728353345444717346e-03,2.225225074209640603e-04,8.767718506650611088e-03
9.746294094177344602e-01,8.176609550449165029e-03,2.633274081821818970e-03,1.292172833624571080e-04,1.443148966663216487e-02
9.719864289106879829e-01,1.155851174603637552e-02,4.067511825019698608e-03,1.498146807086612716e-04,1.223773283754726535e-02
9.921602630049910498e-01,4.035245099491106997e-03,7.578724659809117723e-04,3.664460453608878784e-05,3.009974825000773322e-03
9.865534829198582267e-01,7.249552756771616112e-03,1.332613378505799039e-03,6.044172086603528005e-05,4.803909223998317594e-03
9.081450462993796435e-01,6.790146145212265505e-02,1.635518731775359100e-02,2.883642640122423446e-04,7.309940666731786114e-03
8.414179144787600206e-01,1.080213042090268083e-01,2.512650185587678164e-02,2.866623532755589536e-04,2.514761710306083128e-02
9.579434400781015047e-01,2.953704444330150156e-02,9.288277704183176345e-03,1.354155937872147410e-04,3.095822180626739070e-03
8.373213105336362316e-01,1.155581263740540626e-01,2.753141365623492862e-02,3.254817612250853224e-04,1.926366767484952516e-02
8.124979441024653415e-01,1.158216908023312480e-01,4.376801996448127785e-02,3.580841778089327750e-04,2.755426095291310315e-02
6.895530769417709260e-01,1.715993665250621358e-01,1.253972837528406492e-01,8.841208118227332361e-04,1.256615196850347470e-02
7.504515716691029237e-01,1.639103546588411009e-01,7.914535794716923145e-02,4.674818126513740420e-04,6.025233912235273062e-03
8.259348217129078851e-01,8.379478883768004538e-02,8.563495341351200218e-02,1.313242637682918027e-03,3.322193398217167769e-03
9.732512082311840507e-01,1.381483287965860375e-02,1.175014470302907996e-02,5.717780423821127930e-04,6.120361437461510970e-04
9.860997906938414603e-01,5.910528977921925692e-03,6.018979884211603931e-03,1.654362766291081303e-03,3.163376777339687489e-04
8.988399585799502489e-01,5.133148816188412566e-03,2.054637607253562495e-02,7.508303425557988353e-02,3.974822757457435133e-04
6.441844624547481413e-01,5.033019904177620484e-03,3.132239196849684326e-02,3.189912532960149649e-01,4.688723765625172311e-04
8.374779304471199337e-01,2.775146285490704898e-03,9.321076994456389819e-03,1.501267018648897722e-01,2.991444080432886592e-04
6.228576868643790343e-01,2.829259528350168938e-03,1.341548611617398093e-02,3.605517704016795721e-01,3.457970894172994209e-04
6.377202100387867612e-01,2.146852858630351156e-03,1.227722551370088143e-02,3.475106371248687931e-01,3.450744640132788737e-04
7.009833065360678850e-01,2.412940646159089479e-03,1.111793552368608995e-02,2.851238180453232185e-01,3.619992487637439262e-04
5.615391711032376998e-01,2.676106809152669491e-03,1.479794523265618757e-02,4.205720260787401132e-01,4.147507762132867054e-04
7.809806169784639929e-01,2.619715918742688155e-03,1.123747545916101154e-02,2.047250337983000379e-01,4.371578453323858257e-04
5.347773323864525308e-01,2.695462213422407036e-02,5.280751866777461112e-02,3.806991721705590415e-01,4.761354640989878990e-03
3.444270949342469468e-01,1.159934369040310220e-01,1.383146580500366207e-01,3.693175730329453788e-01,3.194723707874015661e-02
2.880224785840239665e-01,6.715094986155487576e-03,3.579867914561346565e-02,6.676983946678208826e-01,1.765352616386287260e-03
3.172998336863020463e-01,1.170028349418932717e-02,5.262404223247729024e-02,6.160753858885444911e-01,2.300454698486696821e-03
2.308098602478567685e-01,3.243535048487346945e-02,9.090943002138486551e-02,6.386293619690961432e-01,7.215997276788710044e-03
3.595318126407097692e-01,1.185272738181998575e-02,6.953622121545570411e-02,5.538248618143443158e-01,5.254376947670177413e-03
4.930984529098818014e-01,4.174933609245564531e-02,1.161026064150803006e-01,3.312737909511429546e-01,1.777581363143932239e-02
3.596598875212351221e-01,8.519528055757864815e-02,1.859899095047897744e-01,3.495305033931961347e-01,1.962441902320029991e-02
7.210690774229218114e-01,1.690918479484689388e-02,4.174459311413793172e-02,2.179228532130718932e-01,2.354291455021676263e-03
7.765602708162605561e-01,1.184708838182524024e-02,3.335723868206315335e-02,1.771707972536636366e-01,1.064604866187326537e-03
6.314010304957374808e-01,4.937198850028636302e-03,3.511620319948360880e-02,3.277016450285664129e-01,8.439224261837231745e-04
7.060607658612558790e-01,4.619384560309863427e-03,3.104475531153808032e-02,2.578892237880194838e-01,3.858704788768172324e-04
9.545077782992333892e-01,2.720838378535307429e-03,7.267857578889145784e-03,3.521023136847203916e-02,2.932943748700810906e-04
6.196351680783364069e-01,5.250295782343434269e-03,4.472895555435321691e-02,3.298202815572469637e-01,5.652990277199412611e-04
4.442760221865687531e-01,4.932019367019199046e-03,3.980313882318227414e-02,5.101598895660073296e-01,8.289300572224812770e-04
4.797109786185574376e-01,6.222547428669931296e-03,4.910078023831608574e-02,4.644167369635040510e-01,5.489567509524932980e-04
3.168581480987976429e-01,4.791694651935007702e-03,4.692059093361851396e-02,6.310419891522123237e-01,3.875771634366317474e-04
5.496361426233020708e-01,4.076460007086482075e-03,2.221344603087639993e-02,4.235798017599232690e-01,4.941495788118934222e-04
1.360172102634084335e-01,1.219721704089959296e-03,1.659604574771321450e-02,8.459943920055703614e-01,1.726302792180498371e-04
9.401253840874636281e-02,9.308452091142759401e-04,1.455293379146925525e-02,8.903794705439735946e-01,1.242120466966247123e-04
5.686027754620631008e-02,8.059388995425825330e-04,1.726801508432162374e-02,9.249374025952730172e-01,1.283658746561235650e-04
8.010293403859533590e-02,9.212792223882617770e-04,1.641336652054325995e-02,9.024141510483387751e-01,1.482691701344623718e-04
2.810530931668606125e-01,2.821839569697835812e-03,2.937100059743118566e-02,6.864420015364852690e-01,3.120651295249850720e-04
1.396850284573235568e-01,2.616951367683453301e-03,3.720517852708665751e-02,8.201852435475955883e-01,3.075981003105714455e-04
1.008611457611689743e-01,1.621776359667531121e-03,3.432808176789643728e-02,8.630119805732706650e-01,1.770155379963784430e-04
3.583970816924551828e-02,5.615220786973746346e-04,1.552785261650641187e-02,9.480100804631992339e-01,6.083667235140055254e-05
3.051528394160786251e-01,1.551076571748541064e-03,2.087693253025544454e-02,6.720352892232618336e-01,3.838622586556164075e-04
1.364698225816899646e-01,1.179332647562753369e-03,2.776138087360550954e-02,8.343313725185401708e-01,2.580913786015364667e-04
6.156918084541367076e-02,5.689950538575344087e-04,1.391168345594418800e-02,9.238078444813666579e-01,1.422961634179682657e-04
6.921687491054280550e-02,9.965553732536895550e-04,1.625604339513092578e-02,9.132052320830031933e-01,3.252942380693300980e-04
2.679366370032322808e-01,1.969468238785342454e-03,2.134730534536026167e-02,7.080209337245652046e-01,7.256556880569049262e-04
4.188844378760862575e-01,2.020862303768483029e-03,1.691428726598141405e-02,5.611560436654706718e-01,1.024368888693045045e-03
3.429739038612400481e-01,2.897817208843246096e-03,2.406566802183802631e-02,6.289583312860506092e-01,1.104279622028128986e-03
1.493089000215465645e-01,2.124653236501530817e-03,2.708540799883064898e-02,8.208691106168055640e-01,6.119281263157524270e-04
1.680566361366022110e-01,2.460099246603664018e-03,2.678399139034772641e-02,8.020962817372134790e-01,6.029914892330498922e-04
6.288117145261580554e-02,8.984623700480728501e-04,1.694506562280016088e-02,9.191210555755706668e-01,1.542449789652757290e-04
7.536202142546659377e-02,1.132943233272942383e-03,2.025027606625025636e-02,9.030531916491709721e-01,2.015676258391517050e-04
9.628252509633573875e-02,2.679206236031432195e-03,4.156971626457604124e-02,8.589661756949568128e-01,5.023767081001481944e-04
1.102759265159955065e-01,3.376963627168925487e-03,4.247692904716657281e-02,8.432481774658183715e-01,6.220033438504679428e-04
5.391099034794837042e-02,9.097240192529507889e-04,1.974599966535787315e-02,9.252245030816035332e-01,2.087828858372027931e-04
1.892566135235017322e-01,9.720587843852301988e-04,1.244654776365944869e-02,7.971233806428587032e-01,2.013992855948760910e-04
6.771203034043428437e-02,1.548683066438021018e-03,2.302845083081575192e-02,9.073247785845340863e-01,3.860571777780095245e-04
9.176242454417022493e-03,2.186861170501853534e-04,1.363608025284813313e-02,9.768852151325626565e-01,8.377604312193379088e-05
1.129233283386068924e-02,3.159332736535791931e-04,1.648039213434125683e-02,9.717473721826734856e-01,1.639695754711322829e-04
2.492226141366701564e-01,2.960744981452561545e-03,3.256283034329005011e-02,7.144705304336430585e-01,7.832801049442031979e-04
1.619513335977530374e-02,3.281706513574167579e-04,1.941754103361591904e-02,9.639706321773380271e-01,8.852277791336274479e-05
2.917703963437030118e-02,6.933296067008928821e-04,2.446802704874489684e-02,9.452982944973119528e-01,3.633092128719577190e-04
8.909505352059953961e-03,3.124306279160243404e-04,1.733771873785351289e-02,9.732236172190020795e-01,2.167280631685401305e-04
2.729335921746292928e-02,3.596499642394939398e-04,1.890408546766868952e-02,9.529208155627417742e-01,5.220897878870823941e-04
1.896144513347771676e-01,1.185591559398005077e-03,1.950621611897069771e-02,7.892257256365291518e-01,4.680153503250592830e-04
3.682851253994240404e-01,2.326090073105343669e-03,2.383359866905961771e-02,6.051425160290572203e-01,4.126698293539410485e-04
5.405301650385835321e-01,3.263471490017463665e-03,2.268692880160304640e-02,4.330890996940632842e-01,4.303349757328130045e-04
4.965091931863175878e-01,6.802251390458698838e-03,3.432099084031010883e-02,4.615846550201513354e-01,7.829095627620788348e-04
4.310621003571095122e-01,1.179977330797347956e-02,4.452596058295327924e-02,5.111980406571488000e-01,1.414125094814885127e-03
4.380099432136227988e-01,8.712478351694766254e-03,4.367112387503290644e-02,5.087373721198031884e-01,8.690824398464997965e-04
5.650946307736592900e-01,6.619251695475598593e-03,3.531010088778951256e-02,3.923958489025677898e-01,5.801677405076529487e-04
3.609385062610632744e-01,5.238821131641812311e-03,3.755926913248235771e-02,5.958413431199555133e-01,4.220603548571133469e-04
3.334318426211720365e-01,8.710117208936565825e-03,6.744604872326373513e-02,5.900095059266984299e-01,4.024855199293534834e-04
1.685179324915234422e-01,3.551021972789104603e-03,3.441748574672544997e-02,7.933281253750933404e-01,1.854344138686060803e-04
3.601747838192333462e-01,5.272876761535495380e-03,3.592163894289083365e-02,5.982516867904855706e-01,3.790136858548031110e-04
7.909778765652305532e-01,9.554969204789234144e-03,2.942855101621114425e-02,1.694923259576736341e-01,5.462772560953487724e-04
7.497738976526797661e-01,1.229236995303011927e-02,3.568173538221024177e-02,2.013868013458357531e-01,8.651956662442835105e-04
2.740890709320563667e-01,3.127958199224918374e-03,3.357788278034763013e-02,6.889304264814187784e-01,2.746616069522964110e-04
3.042939705187849286e-01,2.652341249327016398e-03,2.622513898370225013e-02,6.665507370568719558e-01,2.778121913139449404e-04
3.901317148483019470e-01,2.730879401378530965e-03,2.785891664547614915e-02,5.790680957368516957e-01,2.103933679915616643e-04
4.993808289859325567e-01,2.480786474035617632e-03,2.011595827485764681e-02,4.778217260513084597e-01,2.007002138657633687e-04
2.803965826206379908e-01,2.281718005227529201e-03,2.337113745311292928e-02,6.937581227722792176e-01,1.924391487421980612e-04
5.126983898189167999e-01,3.040956065034371159e-03,2.380597149050395905e-02,4.601854199510109211e-01,2.692626745338921055e-04
7.333009433870134597e-01,7.062403729437261544e-03,2.703071154918570973e-02,2.314221943252760261e-01,1.183747009087531259e-03
8.684147729171675101e-01,7.976791234307001321e-03,2.773339129412074125e-02,9.513570197837199760e-02,7.393425760328525310e-04
